2508.8  2655.6  2423.2  -1250.1  -472.2  76.2
238.4  -93.6  1434.0  126.1  713.6  -142.6
74.0  -222.4  1551.6  -105.1  -217.3  190.8
132.0  -181.2  1398.8  -0.4  260.5  62.8
242.4  -122.4  1422.0  39.7  48.4  128.7
360.0  -192.8  1567.6  32.6  200.2  -33.2
280.4  -238.0  1494.0  219.1  22.3  -365.7
23.6  -161.6  1582.4  59.7  143.3  -337.6
132.0  -142.0  1532.4  75.6  45.4  -167.0
148.8  -147.6  1469.6  -90.8  -149.7  -1.7
203.2  -178.8  1625.2  -52.6  -184.3  2.1
219.2  -226.4  1539.2  23.2  -304.4  12.2
125.2  -188.4  1499.2  -63.4  -120.1  -42.8
152.0  -181.2  1606.8  -32.7  -88.4  119.0
235.6  -262.0  1502.4  -91.7  -82.6  115.8
284.8  -285.6  1560.4  27.2  -46.8  -32.1
134.8  -236.4  1412.4  100.7  -25.6  -50.1
143.6  -264.4  1352.0  51.8  109.9  -10.7
112.0  -284.0  1626.0  -105.6  87.0  30.4
244.8  -212.4  1704.8  187.1  5.5  -133.2
58.8  -216.8  1345.2  230.3  27.7  52.7
114.0  -219.6  951.6  -12.4  -54.5  15.9
63.6  -276.0  1514.0  73.9  -67.4  -45.4
152.0  -221.6  1720.4  24.6  -144.9  4.4
94.4  -183.6  1494.0  347.4  -11.8  -240.1
184.4  -126.4  1577.2  5.7  -71.1  -25.8
152.4  -164.0  1461.6  90.2  -139.0  -21.9
189.2  -151.2  1483.6  16.0  -161.1  -32.2
98.4  -206.4  1388.8  -59.5  -127.2  135.0
-49.6  -136.4  1900.4  -122.4  -227.8  121.6
286.8  -260.0  1470.8  140.0  76.2  148.5
490.4  -182.0  1535.2  199.5  -3.7  -295.8
-284.4  -122.0  1548.8  170.4  -241.2  -556.2
-1122.0  80.0  2176.4  132.7  -104.3  -146.1
-1132.0  -240.8  1574.4  205.2  106.2  1004.5
-211.2  -456.0  1030.0  -63.8  330.7  2032.3
1340.4  -497.6  1190.0  -131.8  -265.6  2047.9
1966.0  -634.4  1851.6  25.5  -1167.2  111.8
520.0  -308.4  1078.8  211.5  761.3  -324.1
690.0  -316.4  1388.4  -256.5  -231.8  -478.4
385.2  -239.6  1690.4  250.0  150.4  -1091.4
-290.8  -152.0  1787.6  25.2  -88.5  -1010.7
-488.4  -148.4  1312.4  550.8  447.8  -885.7
-478.8  -16.4  1488.8  -379.0  -543.3  -137.0
-474.4  -115.6  1827.2  -85.9  39.7  -66.4
41.6  -164.0  1605.2  55.2  -124.8  164.4
160.8  -203.6  1418.0  -3.0  -112.6  -46.8
42.4  -136.4  1531.6  -27.8  -45.7  -39.8
4.4  -156.0  1468.8  -67.2  3.2  20.0
133.2  -173.2  1506.4  64.4  -93.6  -105.1
73.2  -168.8  1635.6  -26.8  -86.2  -15.9
70.0  -204.8  1562.0  34.4  -103.3  -72.8
67.6  -156.8  1558.0  55.5  -82.1  -79.3
74.4  -182.0  1454.8  21.3  -79.6  -52.8
119.2  -159.2  1478.8  21.4  -21.7  -68.3
54.0  -152.8  1529.6  40.5  -36.9  -104.4
51.2  -142.0  1610.0  47.5  -32.8  -27.3
92.4  -177.2  1541.2  52.2  -100.1  -23.2
120.8  -136.8  1522.0  31.6  -96.9  -16.1
62.8  -135.6  1519.6  46.5  -81.1  -4.8
48.4  -165.2  1414.8  57.3  -76.6  35.0
81.2  -192.8  1528.4  -37.4  -114.4  48.2
115.6  -196.0  1628.0  32.2  -66.8  31.0
144.8  -196.0  1532.0  57.5  -93.9  -29.4
80.4  -162.8  1474.4  49.2  -122.3  -52.5
52.8  -166.4  1472.0  2.5  -52.3  -35.4
70.4  -193.2  1499.2  -20.2  -28.3  -24.8
92.0  -189.6  1545.6  28.0  44.1  -61.5
40.4  -174.4  1586.8  14.7  -18.7  -69.0
57.2  -162.4  1563.2  3.8  -51.1  -5.4
104.4  -160.0  1518.0  -19.3  -105.6  51.6
97.2  -175.2  1483.2  -12.1  -140.3  84.5
64.8  -212.8  1417.6  -37.8  -125.9  54.5
100.0  -213.6  1623.2  -15.6  -29.9  47.5
198.4  -212.4  1580.8  86.3  -29.2  -69.4
116.8  -217.2  1460.4  174.6  -47.5  -213.4
-34.8  -206.8  1462.0  200.6  66.5  -247.9
-268.4  -202.0  1551.2  116.9  106.9  -110.6
-908.8  -96.0  2028.4  104.0  116.7  74.2
-852.4  -150.8  1872.4  353.9  -72.0  1002.4
-287.6  -263.2  1011.6  -9.1  -290.2  1827.0
725.2  -594.0  922.8  -15.0  180.2  1494.9
2515.2  -480.4  1979.6  -45.3  -324.1  359.2
787.2  -181.6  1358.8  94.3  238.3  -253.4
716.8  -437.6  1658.0  -158.4  -134.3  -804.0
479.6  -345.6  1178.8  512.6  255.9  -1489.2
-370.4  -85.2  1900.4  -173.3  -819.1  -1237.5
-942.8  -139.2  1398.0  272.1  57.3  -870.6
-614.0  -28.4  1753.2  -131.1  164.7  -45.0
-78.4  -61.6  1583.6  44.1  -9.4  93.5
52.0  -133.2  1446.0  -7.4  -100.3  76.7
121.6  -147.2  1438.0  15.5  25.2  27.1
75.6  -126.0  1490.0  -62.6  -37.0  102.8
164.4  -147.2  1463.6  21.6  8.6  8.1
78.4  -144.0  1703.6  15.1  -15.2  -5.5
52.4  -170.0  1437.2  10.6  -7.1  6.1
90.0  -125.2  1484.8  -13.8  -80.9  -4.5
-2.8  -141.2  1558.8  -76.8  -19.2  48.2
30.0  -135.6  1570.0  14.9  49.9  31.9
-2.4  -146.0  1600.4  -35.9  -43.2  16.2
-93.2  -143.2  1503.2  59.7  -70.3  -1.7
9.6  -262.8  1600.4  -29.6  -8.0  90.0
73.6  -216.4  1524.0  -28.5  -121.4  -10.5
38.0  -229.2  1607.6  11.1  -134.5  -146.3
-19.2  -228.8  1548.8  121.3  -1.0  -150.7
52.8  -196.4  1462.0  147.3  -68.9  -122.5
63.2  -160.4  1438.0  137.1  -124.0  -155.4
-50.0  -161.2  1472.4  -7.4  -105.4  -79.1
38.8  -135.2  1499.2  64.0  -40.9  -28.7
64.8  -135.6  1530.8  -63.9  -111.9  -13.9
83.6  -140.4  1620.8  3.0  -94.2  -29.6
6.8  -152.8  1531.6  49.3  -109.0  -51.4
62.0  -127.6  1490.0  88.5  -27.9  -44.8
92.8  -107.2  1530.4  34.4  -6.1  -8.2
12.8  -164.0  1550.8  43.9  -64.1  116.6
98.0  -151.6  1562.0  69.7  -42.3  17.5
93.6  -186.4  1452.0  175.7  59.5  -133.3
127.2  -201.2  1423.6  373.5  116.3  -334.9
-348.4  -130.8  1520.8  316.1  -29.9  -511.6
-1751.2  42.8  2011.2  -224.2  -202.6  -17.3
-1715.6  -207.6  1662.4  -213.7  -177.8  1724.7
218.0  -685.2  1112.0  -576.1  -952.2  3184.8
2532.4  -829.6  1116.8  -81.9  -92.3  1541.2
1835.2  -680.4  1494.4  273.8  529.3  -481.4
1048.0  -466.0  1510.8  74.5  517.9  -1518.9
132.4  -584.8  1191.6  1019.3  676.4  -2684.4
-723.6  -152.4  2102.0  -181.7  -934.1  -1784.6
-1110.0  33.2  1818.8  675.6  1016.1  -1040.7
-547.2  -65.6  1198.8  230.1  -308.6  -66.4
-255.2  -57.6  1300.4  -197.4  -55.6  181.9
-69.2  -92.8  1589.6  -379.8  -235.5  287.2
48.4  -117.2  1610.4  -117.7  15.9  170.2
49.2  -170.4  1532.8  -81.0  -60.4  37.5
-43.6  -150.4  1479.6  23.2  53.8  5.6
-28.8  -132.8  1432.0  -47.1  60.5  52.1
-13.6  -178.0  1494.4  -101.2  2.6  93.4
-140.0  -194.8  1777.6  -150.9  -165.3  109.9
-65.6  -208.8  1522.0  227.4  -96.6  -48.1
-76.0  -166.0  1304.8  147.1  -71.5  -79.7
-87.2  -124.8  1478.8  51.9  -45.5  -20.9
-115.6  -176.0  1654.4  -61.1  -138.9  74.9
-18.4  -147.6  1648.4  98.4  -135.9  64.6
23.2  -171.2  1472.0  115.0  -187.3  -3.4
-41.2  -135.2  1482.8  94.1  -114.4  -56.9
-107.2  -129.2  1601.6  95.6  -66.7  -47.5
-24.0  -137.2  1382.4  111.7  -109.0  -23.8
-4.8  -146.8  1446.4  -15.9  -190.4  22.5
24.0  -111.6  1555.2  -43.6  -155.6  32.5
-10.0  -120.8  1562.4  -39.7  -153.1  152.5
43.6  -84.8  1538.4  -85.5  -143.7  103.6
-24.8  -116.0  1524.4  -84.7  -190.6  92.7
27.2  -175.6  1575.2  27.3  -105.6  44.7
64.0  -182.8  1545.2  112.8  25.1  -68.6
38.0  -178.8  1419.6  133.4  -16.1  -128.1
0.8  -163.6  1483.2  29.0  -34.6  -87.2
24.8  -157.2  1560.0  1.5  -49.9  -27.7
-0.4  -143.6  1466.0  63.5  -17.5  -20.5
-16.8  -145.6  1549.6  -15.1  -45.2  -10.9
31.6  -147.2  1579.2  64.6  -8.5  0.0
-16.0  -176.4  1507.6  -9.0  -148.3  55.8
64.4  -156.4  1556.0  214.9  -194.2  -123.0
-417.2  -97.6  1580.4  296.5  -336.2  -438.6
-2050.8  177.6  2025.6  262.3  -453.5  -136.3
-1440.8  -334.0  1412.8  564.0  801.5  1725.9
501.6  -967.6  837.6  -972.8  -398.5  3276.7
2865.6  -794.8  1709.6  -79.9  -48.4  775.2
1214.0  -328.4  1361.6  191.3  297.2  -541.2
425.6  -310.8  1740.0  -390.9  -1093.8  -1222.3
321.6  -495.2  1376.8  581.8  235.9  -1916.3
-454.0  -139.2  1445.2  -40.6  -426.5  -1189.9
-756.8  -66.8  1591.6  217.0  381.8  -907.3
-366.4  112.8  1220.4  -35.7  -21.8  -294.4
-283.2  -46.4  1692.4  206.0  347.7  -7.6
17.2  -83.6  1398.4  -9.1  -26.0  84.4
163.6  -52.8  1541.2  -43.8  -113.9  2.1
64.8  -40.4  1550.0  24.0  -149.1  -87.1
-47.6  -43.2  1632.0  44.5  -161.1  -49.4
79.6  -72.0  1524.8  88.3  -116.4  22.3
98.4  -88.0  1500.0  29.0  -117.1  3.4
77.6  -94.0  1494.0  17.4  -126.0  -36.4
0.0  -79.6  1575.6  -6.2  -97.3  -35.1
71.6  -92.4  1547.2  92.0  -35.6  -37.8
56.0  -77.6  1512.8  54.5  -52.4  -15.5
78.0  -85.2  1513.6  35.5  -72.2  -13.8
64.0  -54.8  1518.0  13.2  -53.2  -8.6
46.4  -75.6  1531.2  -4.1  -56.7  -1.2
86.8  -60.0  1513.6  23.7  -70.9  -8.7
66.0  -91.6  1546.0  -39.2  -188.1  11.6
103.6  -86.8  1527.2  38.6  -114.0  -18.0
64.8  -70.0  1491.6  0.5  -50.0  4.0
105.6  -79.2  1553.2  24.7  -48.3  21.6
96.0  -101.6  1522.4  6.7  -84.5  15.1
88.0  -88.4  1541.6  42.3  -88.8  -11.5
66.4  -89.6  1530.0  -23.2  -80.5  35.6
90.4  -113.2  1549.6  31.9  -70.9  18.8
86.8  -106.8  1521.6  32.1  -56.9  11.6
96.0  -102.8  1537.2  25.1  -92.0  22.8
76.4  -101.2  1506.8  23.3  -79.3  14.9
105.2  -95.6  1489.2  36.3  -87.1  0.0
106.0  -102.4  1504.8  19.6  -79.5  30.6
128.0  -133.2  1508.4  26.9  -83.3  23.4
185.6  -106.4  1481.2  104.3  -5.3  -41.8
208.8  -116.8  1408.0  357.1  293.9  -272.0
-54.0  -96.0  1495.2  508.8  433.1  -484.7
-1326.4  156.0  1698.4  926.2  518.1  -847.4
-2600.4  96.8  1380.4  -428.2  -562.2  1574.3
-89.2  -732.8  1361.2  -1261.6  -262.8  3276.7
2402.0  -580.4  1180.4  -356.7  -369.8  1759.9
1745.2  -417.6  1467.6  91.6  -42.3  -271.8
434.0  -279.6  1371.6  279.9  1215.2  -995.4
402.0  -246.0  1811.6  175.2  -574.0  -908.9
-169.2  -219.6  1328.4  796.9  410.6  -1486.6
-670.8  -4.0  1262.8  96.1  -413.1  -1029.4
-593.6  -16.8  1547.6  -39.9  -33.5  -477.9
-370.0  0.8  1527.6  9.9  -148.6  -150.6
-134.0  -16.0  1508.4  61.9  57.4  -68.3
-2.8  -64.4  1514.8  -28.5  12.4  20.6
50.4  -51.6  1548.4  34.8  -6.4  -60.7
-1.6  -41.2  1532.8  85.8  -20.6  -109.8
-31.6  -40.8  1526.0  59.6  -20.0  -100.6
-66.4  -35.2  1490.0  15.6  -48.6  -6.3
-8.8  -65.6  1595.2  -16.0  -42.2  44.7
22.8  -81.2  1545.6  39.3  -74.1  -17.0
-11.6  -57.2  1533.6  52.4  -71.1  -30.7
-23.2  -33.2  1535.6  15.1  -99.7  -17.6
-116.8  -5.6  1699.6  150.4  -105.7  101.9
-6.4  11.2  1466.0  245.5  -43.2  28.7
37.2  -25.2  1456.8  44.6  -115.9  19.1
48.4  -46.4  1445.6  -63.1  -97.3  -25.7
-14.4  -56.4  1524.4  -72.2  -135.3  23.4
11.2  -36.4  1558.4  -32.7  -96.6  10.8
4.4  -33.2  1593.6  19.6  -114.8  -5.8
-1.6  -22.4  1530.0  40.2  -103.9  -5.1
19.6  -16.0  1510.0  44.3  -82.7  -14.2
-9.6  -28.0  1533.6  -16.1  -70.6  12.8
23.6  -46.0  1537.6  17.8  -67.6  5.8
30.0  -52.0  1530.0  51.0  -58.4  2.0
40.0  -58.0  1556.0  35.0  -66.5  -7.6
42.0  -47.2  1524.8  24.0  -70.9  -14.8
29.2  -34.0  1492.4  47.4  -68.5  -37.4
71.2  -28.0  1501.6  23.2  -71.3  -38.8
99.2  -26.0  1469.6  31.7  -84.7  -40.1
198.8  -88.8  1364.4  215.8  17.1  -168.7
-51.6  -129.2  1449.6  477.6  -133.2  -458.3
-484.4  194.8  2201.2  1008.0  575.9  -805.3
-2228.4  269.2  1184.4  673.3  606.3  9.9
-1376.8  -282.8  1079.6  -1457.7  -936.7  2994.7
701.2  -634.8  1402.4  -1263.2  111.6  3141.3
3276.7  -628.0  1599.6  -150.4  -551.3  866.8
1425.6  -461.6  1420.4  323.1  771.3  -670.8
368.8  -351.6  1631.6  28.6  -868.7  -1368.7
34.4  -288.4  1206.4  404.9  -187.4  -1683.4
-652.0  -118.4  1439.2  117.4  -79.0  -1325.0
-902.8  -44.4  1586.4  -16.2  -135.7  -589.8
-479.6  32.0  1517.2  64.9  92.4  -139.0
-96.4  13.2  1372.0  112.9  52.9  50.6
110.0  -17.6  1402.4  -40.4  -76.4  14.8
42.0  0.0  1532.0  -68.1  0.4  12.4
11.2  10.8  1566.0  -12.8  -5.5  -16.6
49.6  -5.6  1510.8  -36.9  -23.3  -52.6
42.4  -46.8  1535.2  -26.5  34.4  -46.9
4.0  -47.2  1519.2  -6.5  15.3  -50.9
12.0  -31.6  1550.8  61.7  -40.6  -49.1
-19.6  -32.4  1581.6  44.8  -56.7  -18.2
25.6  -31.2  1563.2  106.4  -93.1  -39.2
-16.4  -28.4  1504.0  75.4  -80.3  -55.0
-19.6  -15.6  1537.2  58.8  -95.3  -20.3
-0.8  -16.4  1572.4  124.9  -161.2  -19.6
40.0  -2.0  1500.8  54.9  -178.8  -28.8
20.0  -22.8  1515.2  -3.0  -129.7  -2.5
49.2  -5.6  1528.0  21.4  -53.7  -18.1
7.2  -4.0  1544.0  -10.0  -74.7  11.9
10.4  -23.2  1529.2  51.0  -54.9  -0.5
3.2  -50.8  1489.2  15.7  -66.2  -1.1
21.2  -20.4  1548.4  18.6  -48.7  5.1
26.8  -29.6  1541.6  24.0  -59.0  -17.3
23.2  -30.0  1516.8  55.2  -38.5  -62.9
15.6  -30.4  1532.0  15.9  -56.2  -22.8
8.4  -20.8  1531.2  41.7  -49.3  -29.8
6.8  -24.4  1523.6  46.9  -67.9  -22.0
0.8  -49.6  1494.0  30.5  -64.7  -21.9
-5.6  -29.2  1508.0  -11.7  -49.6  54.6
171.2  -40.8  1483.6  -44.9  -24.3  23.2
168.8  -39.2  1522.0  -72.7  -420.8  -208.9
-176.4  6.4  1711.6  108.1  -232.3  -346.5
-599.6  41.6  1580.0  239.7  -191.4  -123.8
-949.2  -55.6  1491.2  -428.1  -470.0  646.0
-650.0  -120.4  1691.2  -246.2  -400.9  1442.7
-266.8  -464.8  1018.0  -330.7  493.9  2096.2
922.4  -659.2  1486.8  -407.5  555.6  2084.5
2480.8  -813.2  2052.4  353.9  -484.1  -245.6
541.2  -392.0  1286.0  387.3  102.2  -1281.5
203.2  -270.4  1651.2  507.8  -456.7  -1594.9
-448.0  -151.2  1407.2  692.1  303.6  -1525.9
-570.4  158.4  1265.2  141.2  -380.1  -805.7
-632.4  5.2  1482.8  97.3  -49.1  -161.3
-366.4  48.4  1434.0  14.8  -38.9  48.7
-26.4  -4.8  1438.0  -36.7  42.1  132.1
58.4  15.2  1518.4  -39.6  17.4  36.4
18.8  23.6  1542.8  -7.0  13.4  -1.9
17.2  -0.4  1552.0  25.3  -15.8  4.7
35.6  12.4  1599.6  15.7  -41.2  0.2
72.0  -8.8  1569.2  79.1  -99.1  -44.4
47.2  0.0  1512.0  90.0  -60.7  -85.1
4.4  4.0  1471.2  62.3  -51.9  -72.4
-76.0  11.6  1494.0  0.8  -58.7  -14.5
-41.2  11.6  1539.6  -4.0  -76.6  25.1
10.4  3.6  1554.0  13.0  -59.2  2.9
5.6  -8.8  1543.6  21.1  -81.7  -3.0
2.0  0.0  1554.4  20.7  -82.2  -3.2
11.6  -15.2  1529.2  17.5  -83.9  -4.4
14.0  -13.6  1554.4  11.2  -73.5  3.3
11.6  -22.8  1539.2  24.2  -95.6  1.3
30.0  -10.4  1510.8  59.7  -96.9  -17.0
29.6  -20.4  1516.0  30.4  -88.0  -12.0
21.2  -9.6  1526.4  20.0  -87.6  -4.8
15.6  0.0  1504.8  19.4  -88.2  -4.5
40.4  -12.0  1535.2  22.4  -79.0  -13.5
21.2  -25.2  1516.4  30.5  -72.8  -14.6
24.4  -8.4  1525.2  21.8  -81.9  -11.1
37.2  -8.4  1532.0  18.7  -83.8  -0.3
30.4  -1.6  1537.6  24.9  -73.7  9.0
39.2  -26.0  1434.4  17.7  -91.8  7.9
34.0  -35.6  1562.4  -32.9  -61.6  36.5
42.8  -48.0  1539.6  7.0  -59.9  29.5
21.6  -20.4  1570.4  84.9  -54.9  -27.2
-23.6  -20.0  1544.8  155.7  -11.6  -43.0
-25.2  -25.6  1431.2  220.3  32.0  -104.5
-438.4  20.8  1363.6  239.3  -94.1  -21.3
-1108.8  56.8  1534.4  382.6  549.7  82.7
-1866.0  -53.2  1296.0  -249.1  861.4  1626.4
-150.8  -658.8  1672.8  -1400.9  -374.6  3276.7
3276.7  -1284.4  1715.2  -457.2  -2556.3  996.6
1154.8  -291.6  1695.2  519.7  1184.3  -811.8
353.2  -235.2  1043.6  -300.0  -1076.3  -1212.0
237.2  -130.4  1786.8  414.2  35.9  -1877.3
-635.2  -92.8  1158.4  129.0  -299.3  -1492.1
-684.4  145.2  1705.6  134.8  28.4  -860.4
-569.2  88.0  1422.8  -59.7  -172.2  -134.3
-240.4  25.6  1532.4  20.3  -16.7  63.0
7.6  -28.8  1451.6  -107.7  -35.7  112.5
52.0  -22.8  1585.2  -71.9  17.6  34.8
48.4  -2.0  1593.2  15.2  -22.0  -19.9
40.0  -16.4  1580.0  41.3  -36.0  24.5
61.2  -18.8  1531.6  67.5  -37.6  -39.4
29.2  -4.0  1522.4  53.3  -83.9  -38.5
-8.8  1.6  1485.6  47.9  -96.9  -13.6
13.6  -7.6  1514.0  28.5  -60.9  2.0
40.0  -6.0  1522.4  38.4  -58.2  -14.6
41.6  -12.8  1523.6  22.7  -36.3  -6.6
40.8  -12.4  1552.0  4.1  -65.8  -8.3
9.6  -6.4  1554.0  58.0  -55.6  -35.5
32.8  5.6  1524.0  51.4  -84.7  -15.1
35.6  -2.8  1542.4  34.1  -93.6  -13.6
15.2  -7.2  1525.6  76.5  -88.2  -19.2
28.4  -1.6  1537.6  53.6  -85.8  -22.0
27.2  -0.8  1498.4  13.8  -71.4  -2.9
40.8  1.2  1552.4  10.6  -58.5  -1.6
33.6  -5.2  1542.0  26.8  -65.7  -4.5
50.4  -14.8  1532.8  22.3  -55.5  -9.3
58.0  -13.2  1525.6  30.0  -67.3  -12.8
51.6  -3.2  1530.8  26.1  -68.0  -7.6
48.4  -10.4  1526.4  20.5  -94.0  -3.4
14.4  -6.8  1538.8  -1.1  -91.3  32.7
56.4  -29.2  1487.6  14.5  -96.6  30.3
60.8  -40.8  1520.0  5.6  -78.0  19.2
25.6  -8.0  1498.0  27.3  -64.3  -13.9
75.6  -15.6  1491.2  17.0  -77.0  -14.8
125.2  -42.8  1491.6  50.2  -41.6  25.2
226.4  -33.6  1478.0  205.7  95.4  -71.0
94.8  -16.0  1646.0  283.3  172.3  -481.2
-942.8  89.6  1861.2  207.9  -308.3  -834.9
-2056.4  109.2  1744.4  266.6  -244.7  89.1
-940.0  -456.4  914.4  -594.1  192.3  2887.5
842.0  -897.6  1364.8  -1197.3  -79.1  3098.4
3252.8  -869.6  1895.6  0.1  -1273.0  197.3
942.4  -345.6  1422.0  576.4  645.0  -1506.1
303.6  -472.8  1733.2  173.1  -762.4  -1644.9
-346.8  -401.6  1454.8  308.8  237.9  -1518.0
-642.4  -123.2  1704.4  209.4  -188.2  -811.1
-747.6  -56.8  1579.2  -90.9  -198.5  -338.0
-329.2  28.0  1496.8  46.5  97.0  10.7
-72.0  13.6  1457.2  -59.8  5.6  199.0
95.6  -48.4  1494.0  -112.8  10.4  144.0
55.2  -18.8  1598.0  -54.6  -22.2  23.7
34.4  -10.8  1629.6  48.1  -69.6  23.0
49.6  -18.0  1565.2  50.7  -92.8  20.0
63.6  -0.4  1510.0  99.6  -67.7  -20.4
73.2  -28.8  1486.4  61.7  -42.3  -21.2
43.2  -48.0  1481.2  -25.5  -13.1  -10.0
12.8  -13.6  1570.4  -46.6  -38.2  14.7
38.8  -36.0  1560.8  -83.0  -68.4  33.1
62.8  -41.6  1572.4  3.1  -94.2  25.5
25.6  -35.6  1592.0  12.1  -158.4  -33.4
36.4  -37.2  1487.6  61.9  -75.2  -36.1
-18.8  -43.6  1538.0  0.5  -109.4  3.2
-16.0  -60.4  1562.0  48.4  -103.5  18.0
52.0  -69.2  1512.8  47.2  -73.3  28.3
89.6  -53.2  1532.8  62.7  -101.3  10.0
83.2  -65.2  1566.8  52.2  -106.7  -30.0
42.0  -65.2  1466.4  64.4  -53.3  -80.4
17.2  -66.8  1479.6  -39.0  -9.9  -53.5
75.6  -31.2  1532.0  -5.4  -12.5  -28.6
67.2  -17.6  1580.0  9.6  -74.5  -31.6
44.0  -14.0  1551.6  35.0  -97.7  -20.9
70.4  -36.0  1548.0  22.5  -96.3  0.8
46.0  -64.0  1498.8  16.6  -95.8  12.1
66.8  -79.6  1484.8  4.1  -92.3  33.8
70.8  -80.8  1545.2  -20.4  -106.1  74.7
66.0  -86.4  1517.6  17.3  -84.5  15.9
89.6  -53.2  1506.4  30.5  -37.6  -29.2
8.0  -76.4  1554.8  45.6  -18.8  -80.4
-168.4  -53.6  1584.0  207.6  -159.6  -191.0
-1267.2  5.2  1410.0  226.0  -542.6  -175.8
-1704.8  -206.4  1652.0  -88.2  346.5  1917.4
501.2  -735.6  1503.2  -645.6  876.6  3030.8
3276.7  -1008.4  1978.4  397.7  -876.3  370.8
1268.8  -379.2  1569.2  373.4  710.4  -893.1
191.2  -369.2  1666.8  -326.0  -1508.7  -1214.5
6.4  -180.4  1668.4  550.8  -124.6  -1538.8
-530.4  -74.8  1327.2  290.7  -138.5  -1047.2
-399.2  70.0  1252.0  73.4  -172.9  -649.6
-407.2  33.2  1486.4  -2.0  -65.4  -60.6
-177.6  -21.2  1386.4  50.9  32.0  -23.6
47.6  19.2  1530.0  22.5  -16.6  11.6
87.2  24.8  1553.2  29.1  129.2  -30.3
37.2  29.2  1514.4  39.6  -20.9  -60.2
44.4  -1.6  1534.0  30.5  4.6  11.0
106.4  6.8  1609.6  63.8  -59.4  -0.8
92.4  -16.0  1547.2  89.4  -54.7  -59.5
74.4  -8.0  1545.2  26.3  -62.5  -33.5
58.0  -0.4  1498.4  26.4  -73.8  -0.2
54.4  -11.2  1521.2  26.6  -96.1  -16.7
61.6  -23.6  1559.2  50.0  6.6  -17.6
101.6  14.0  1514.0  -16.2  -90.0  -1.8
61.6  41.6  1538.8  30.3  -103.8  -23.3
48.0  22.8  1515.2  18.7  -110.6  -5.7
2.0  15.6  1513.2  39.4  -134.8  -16.4
36.8  0.4  1477.6  32.1  -81.9  -7.5
38.8  -11.6  1479.6  -3.8  -69.2  37.1
93.6  -15.6  1552.0  -20.0  -70.5  60.4
122.8  -18.8  1541.2  6.6  -66.2  30.5
113.2  -9.6  1592.0  7.6  -87.1  9.3
87.2  -6.8  1546.0  56.6  -102.5  -15.9
51.6  -21.2  1496.8  51.4  -110.6  -20.4
70.0  -7.6  1460.4  26.4  -63.6  -14.8
86.8  -10.4  1546.8  -12.1  -68.4  29.9
93.6  -19.6  1554.8  27.6  -79.2  19.5
108.8  -9.2  1538.0  30.0  -82.8  1.2
95.6  -1.6  1519.6  94.3  -83.7  -34.5
-51.6  -51.2  1542.8  77.4  -52.8  -73.2
-438.0  62.8  1674.8  259.4  -271.0  -195.9
-1428.4  167.2  1406.0  -12.0  -429.2  328.3
-1191.6  -277.2  1682.0  -116.4  557.2  2696.4
986.4  -827.2  1606.4  -294.2  874.8  2552.5
2636.8  -1151.6  2269.6  313.2  -859.8  83.6
1002.4  -122.8  1316.8  400.2  444.3  -1208.9
386.0  -168.4  1430.4  -200.9  -960.6  -1471.4
-338.8  -603.2  1445.6  -17.2  434.1  -1385.1
-800.4  57.6  1743.2  -25.7  -342.4  -977.4
-640.0  138.0  1506.0  202.0  -88.2  -435.3
-360.4  20.0  1526.4  156.3  -183.5  -109.9
-119.2  -20.4  1472.8  198.2  -8.2  -2.5
45.6  4.4  1425.2  3.2  -35.0  75.2
98.0  6.4  1570.0  18.2  7.0  -22.2
88.0  38.0  1565.6  89.6  5.4  -91.1
28.8  -15.6  1558.8  37.1  -28.7  -51.0
71.6  -14.0  1574.4  53.1  -80.9  -46.1
44.4  0.0  1532.0  74.0  -115.9  -86.1
4.0  32.8  1523.2  3.6  -118.4  -49.2
-2.8  12.4  1534.0  8.1  -74.4  -16.8
21.6  12.8  1525.6  34.1  -77.3  15.5
34.0  9.6  1545.6  46.1  -74.2  11.9
24.0  5.2  1540.4  33.7  -96.4  16.3
47.6  16.4  1522.0  24.3  -117.1  3.3
46.8  1.6  1547.6  28.8  -42.0  37.1
82.4  -7.2  1583.6  52.1  -75.1  -2.8
82.0  -8.8  1540.0  40.3  -89.5  -29.9
43.2  3.2  1526.0  30.3  -74.6  -20.8
42.8  -1.6  1530.0  12.1  -69.7  -9.4
72.0  -15.6  1531.2  -25.5  -53.9  -2.5
47.6  3.6  1556.4  9.0  -50.7  -6.8
65.2  10.8  1566.8  54.6  -85.8  -10.3
59.2  -1.6  1534.0  51.4  -88.9  -12.7
44.4  -19.2  1487.6  55.2  -86.5  -17.9
27.6  -8.4  1473.6  14.0  -67.6  3.3
57.2  16.0  1526.8  27.9  -40.1  20.4
80.8  6.0  1557.2  -15.9  -85.0  44.5
96.0  -3.6  1572.4  46.4  -87.6  -7.2
7.6  4.4  1506.4  62.2  -101.4  20.6
58.4  0.4  1437.2  133.5  -34.3  31.1
157.2  30.8  1458.0  391.6  372.1  -148.4
-730.8  7.6  1229.2  950.5  751.3  -882.7
-2988.0  326.8  1736.4  -558.2  -310.4  324.5
-863.2  -516.4  1790.4  -882.9  -625.2  3276.7
2096.4  -1248.0  928.0  -249.0  139.0  2559.5
2278.0  -663.6  1481.2  -35.4  -499.8  -198.8
307.2  -309.2  1295.6  -289.4  70.2  -1261.0
462.8  78.0  2032.4  244.9  -168.4  -1669.2
-267.2  -81.2  1290.8  337.0  -38.0  -1493.1
-356.0  79.2  1394.0  -200.7  -472.7  -896.3
-560.0  -0.8  1657.2  199.1  39.9  -329.0
-293.6  -30.8  1384.8  14.3  6.6  -119.9
-128.8  21.6  1521.2  -5.3  6.6  122.7
43.2  3.6  1496.0  -12.3  15.2  132.0
86.8  12.0  1530.8  30.0  28.7  -5.0
54.4  39.2  1544.8  36.6  -11.2  -5.5
58.4  23.2  1567.2  40.2  -34.4  -16.9
65.2  15.6  1630.0  68.3  -83.3  0.8
84.0  12.4  1541.2  79.9  -99.6  -23.6
70.8  9.6  1517.2  54.3  -116.9  -34.9
45.6  39.6  1518.4  57.2  -104.0  -46.6
42.4  16.0  1533.6  27.4  -100.9  -26.9
71.6  16.4  1531.2  66.9  -75.9  -24.6
110.4  8.0  1521.2  46.5  -81.6  -35.3
90.4  26.8  1490.8  23.0  -93.3  -57.5
38.4  41.2  1562.4  28.1  -128.0  -38.6
28.0  35.2  1520.8  44.0  -69.8  -21.1
59.6  35.2  1511.2  14.5  -73.8  -6.7
76.4  25.2  1515.2  3.9  -70.1  6.7
62.4  23.6  1536.8  36.2  -71.5  1.1
100.8  17.6  1529.2  43.7  -68.2  24.9
77.2  12.8  1517.6  39.5  -86.3  -6.4
52.0  17.6  1558.0  29.1  -88.7  -15.6
62.8  12.4  1466.4  25.2  -93.2  -7.6
134.8  3.6  1466.8  12.6  -60.6  -22.8
191.2  -5.2  1509.2  65.7  -40.2  -61.7
175.2  8.0  1524.4  116.4  -20.1  -146.3
69.2  37.6  1550.8  88.9  -61.1  -97.4
26.0  58.8  1520.4  97.3  -14.0  -138.5
-18.4  97.2  1416.4  48.5  -36.2  -111.2
-600.8  102.0  1421.6  -206.1  -341.0  212.4
-1718.4  180.4  1633.6  -419.4  -123.2  409.2
-1090.8  -358.8  1696.0  -327.4  399.3  1871.7
418.4  -869.6  844.8  -751.2  75.9  2599.3
3276.7  -1170.8  2798.4  696.9  118.3  -212.8
1258.8  -433.6  1330.0  251.6  350.0  -915.7
341.2  -44.0  1862.0  435.1  -752.0  -1409.4
-93.2  -610.0  1970.8  1071.6  160.3  -1401.7
-688.0  136.4  1591.6  230.1  -657.8  -966.6
-791.6  35.2  1240.0  36.8  -134.6  -422.4
-410.4  -3.2  1348.4  58.5  -76.0  14.0
-84.8  -22.4  1404.0  -84.9  -33.4  133.0
66.8  -45.6  1522.8  -71.2  49.4  88.1
47.6  -1.2  1572.8  -31.1  16.3  -32.6
26.8  13.2  1577.2  55.7  0.5  -59.9
34.8  -24.0  1546.8  40.0  5.6  -53.4
27.2  -25.6  1538.0  81.8  -61.1  -70.3
23.2  -13.6  1510.4  107.5  -54.3  -104.3
-51.2  13.2  1572.0  48.6  -73.0  -1.8
11.2  21.2  1526.0  57.8  -72.9  -1.4
15.6  16.8  1497.6  34.8  -97.1  -15.7
7.2  18.4  1478.4  20.0  -84.7  -33.5
-22.8  28.4  1522.4  -15.4  -88.4  1.0
14.4  30.0  1592.4  81.6  -118.3  16.3
47.2  26.0  1521.2  65.6  -90.6  -3.0
42.4  -1.6  1512.8  52.8  -123.7  4.4
33.2  -24.4  1502.0  19.8  -83.8  -3.5
20.4  -23.2  1532.4  -4.1  -76.4  14.8
33.6  5.2  1553.6  4.1  -70.2  -0.3
27.6  14.0  1536.0  36.7  -79.7  -4.0
37.6  6.4  1569.6  93.3  -135.8  6.6
39.6  6.8  1517.6  46.7  -101.8  -4.4
67.6  1.6  1522.4  27.3  -68.6  -5.7
26.8  14.0  1527.6  7.5  -71.9  -3.1
51.2  9.2  1518.8  13.6  -66.1  2.7
48.4  14.0  1497.2  -1.6  -57.2  6.0
64.4  24.8  1548.4  22.7  -62.9  -4.3
68.4  14.4  1541.2  55.3  -62.7  -15.5
71.2  -2.4  1526.0  33.5  -99.9  -13.5
52.8  5.6  1535.6  40.5  -72.4  -29.4
2.8  -2.4  1484.8  27.6  -55.0  -39.6
-142.0  30.0  1605.2  35.6  -96.6  46.0
-715.2  38.8  1579.6  -27.8  -216.3  221.4
-1140.4  -31.2  1552.4  -259.3  -517.2  770.2
-771.6  -288.8  1186.0  -433.3  -600.7  2198.1
433.6  -642.4  1110.4  -573.6  154.0  2405.2
3276.7  -1508.0  2120.4  430.6  -300.6  60.8
1179.6  -356.4  1289.6  221.8  799.8  -1229.2
531.6  -182.4  1772.0  246.2  -577.0  -1619.4
-237.2  -347.6  1183.6  747.5  190.8  -1575.7
-634.0  -76.8  1516.0  25.1  -337.3  -925.8
-587.6  262.0  1672.4  104.2  89.8  -706.8
-361.2  -40.4  1516.4  115.8  -64.3  -117.5
8.0  -53.6  1407.6  73.5  83.9  67.3
84.4  -32.0  1508.8  -4.8  -78.9  30.6
92.8  -4.0  1547.6  54.8  -18.3  -52.9
-11.2  -2.0  1497.6  62.3  -29.9  -56.2
56.8  -49.6  1488.4  66.6  18.6  -18.6
133.2  -23.2  1525.2  49.1  -40.9  -56.2
83.6  3.6  1578.0  73.8  -21.2  -115.7
24.0  42.0  1534.4  59.9  -66.6  -90.5
23.6  62.0  1523.2  55.6  -55.8  -54.4
5.6  29.6  1510.4  32.2  -83.1  -2.6
46.8  46.4  1529.2  -8.3  -86.1  43.4
63.6  6.8  1560.4  -13.1  -89.4  48.3
53.6  -3.2  1549.6  13.0  -111.1  22.1
28.0  -14.8  1530.8  28.5  -71.5  22.1
60.8  -14.8  1508.4  34.6  -101.0  20.8
52.0  -17.6  1533.2  18.3  -58.5  22.9
78.4  -20.0  1540.4  24.5  -51.5  13.4
71.2  -0.4  1548.0  16.5  -75.7  -4.0
46.0  -4.0  1549.2  38.8  -84.9  -21.6
34.0  -19.6  1529.2  37.8  -68.7  -13.2
46.8  -10.0  1512.8  32.0  -67.7  -14.2
57.2  -10.0  1530.0  12.5  -59.7  -11.0
70.4  -10.0  1541.2  18.6  -64.4  -7.7
100.4  -23.6  1502.8  27.4  -47.9  -37.3
79.6  -5.6  1480.4  -35.3  -55.8  -17.3
65.6  -7.6  1580.8  -50.5  -80.0  14.4
78.4  -38.4  1571.2  38.3  -72.4  -34.1
57.2  -26.0  1510.0  149.3  -56.9  -116.2
17.6  -44.8  1470.4  151.3  -20.0  -92.5
-99.6  -16.4  1563.6  173.2  92.1  93.2
-752.4  43.2  1459.2  66.9  -295.0  -50.9
-1193.6  132.0  1462.8  -439.5  -761.0  534.9
-1107.6  -285.6  1561.6  -495.6  -732.8  2328.0
1217.2  -850.4  1042.8  -475.2  1012.9  2395.5
3276.7  -866.4  2001.2  274.7  372.1  158.9
1188.0  -480.4  1739.2  397.3  386.4  -1312.1
144.8  -224.0  1605.2  599.5  -391.0  -1776.7
-466.0  170.8  1543.2  472.6  -269.7  -1478.6
-472.8  66.8  1376.0  158.7  -253.8  -923.3
-597.2  -46.0  1486.0  272.5  -84.8  -273.4
-188.4  -52.0  1344.0  99.2  22.0  -41.8
25.2  -57.6  1513.2  -78.1  -24.8  55.5
44.8  32.0  1577.6  10.1  13.7  -3.5
2.4  74.8  1662.4  40.3  12.5  49.7
37.6  20.0  1496.0  87.5  -111.7  47.9
99.2  5.6  1481.2  65.0  -43.2  -33.7
29.2  14.4  1497.2  62.3  -60.5  -65.3
12.0  35.6  1570.4  26.6  -72.4  -25.9
38.4  -11.2  1608.8  100.9  -45.0  -36.8
65.2  34.8  1416.8  55.1  -76.2  -30.0
12.0  37.6  1543.2  -23.7  -104.9  -7.8
-5.2  32.4  1589.2  10.5  -71.8  22.2
9.2  6.0  1514.8  1.9  -112.7  55.0
54.4  -4.4  1478.4  -50.6  -106.1  55.9
10.8  16.0  1566.4  4.7  -104.3  14.4
43.6  16.8  1528.4  27.4  -99.9  4.2
62.4  -16.8  1522.8  -2.8  -55.6  9.7
72.8  -4.0  1498.4  -47.6  -57.3  4.4
46.8  7.6  1609.6  -26.6  -64.8  37.3
80.4  -37.2  1552.0  -27.6  -64.6  25.4
66.4  -36.0  1551.6  8.7  -72.4  -9.5
57.2  -43.2  1529.6  1.3  -67.5  20.4
37.2  -50.8  1547.2  14.9  -96.6  15.2
28.8  -53.2  1488.4  32.0  -85.5  -3.5
76.0  -62.0  1508.4  16.7  -81.1  8.8
66.4  -44.0  1526.4  44.7  -68.3  -30.3
85.2  -44.4  1487.6  32.5  -15.7  -7.3
-129.2  -58.8  1531.6  -3.7  -116.4  -28.7
-594.4  14.8  1550.0  -99.7  -224.0  276.8
-1462.8  85.2  1968.8  -481.3  -638.5  897.0
-716.0  -409.2  973.2  23.1  170.7  2070.4
904.4  -882.4  1448.4  -726.6  91.9  2372.1
3012.0  -602.8  2029.6  460.6  -72.9  -34.0
1040.0  -341.6  1544.8  113.8  133.4  -1111.1
524.4  -366.4  2011.6  256.1  -501.5  -1590.7
10.8  -179.6  1353.6  1030.0  261.8  -1693.5
-544.4  -65.2  1232.8  441.8  -477.5  -983.3
-434.4  -59.2  1396.0  226.5  -67.0  -588.8
-411.2  21.6  1466.4  131.2  -38.5  -210.0
-196.4  26.0  1562.4  118.1  -18.6  -76.5
-42.8  4.8  1384.0  119.3  161.0  -54.7
74.4  40.4  1440.4  -41.8  49.4  -23.2
-6.4  81.6  1540.0  7.9  83.0  -106.7
26.8  89.6  1651.6  57.4  -44.3  -35.5
23.6  48.8  1506.8  31.3  157.2  -105.9
66.4  39.2  1512.0  -61.7  -5.6  -80.0
-4.0  4.0  1508.8  -43.9  -43.9  -58.8
-28.8  69.6  1549.6  65.3  -122.4  -75.4
-101.6  47.2  1626.4  68.6  -104.3  8.7
0.8  48.8  1480.0  97.6  -146.4  -11.9
12.0  48.8  1500.4  13.9  -181.8  -30.7
29.6  99.6  1575.6  107.3  -361.4  -71.5
-11.6  83.2  1571.6  5.8  -212.6  24.6
62.4  50.0  1459.2  75.4  -88.4  22.7
101.6  45.6  1496.4  47.6  -90.7  -11.7
70.0  44.4  1477.2  8.5  -87.6  -16.0
50.4  44.4  1515.6  23.2  -84.5  -12.4
42.8  65.6  1565.6  4.1  -46.3  6.8
81.2  59.2  1520.0  -5.3  -58.5  17.8
56.0  32.8  1514.0  -56.8  -15.4  22.6
23.6  43.2  1532.0  -71.1  -16.2  58.2
56.8  11.2  1549.6  -11.9  -53.6  31.3
69.6  27.2  1552.0  21.6  -65.3  5.5
90.8  12.0  1549.6  47.7  -83.3  -3.1
105.6  32.8  1518.0  5.3  -29.0  -12.3
94.8  22.4  1538.0  -22.0  -55.6  46.4
58.8  21.6  1550.4  66.0  -24.2  65.5
-91.2  20.4  1565.6  266.7  -193.7  -42.8
-300.4  56.0  1617.6  408.8  -163.4  -76.0
-1064.0  174.8  1459.2  227.4  -341.6  -89.3
-1711.2  18.4  1554.8  -459.5  -166.9  1578.5
-325.2  -543.2  966.8  -717.2  903.2  2686.8
1718.0  -880.4  1597.2  -682.2  556.3  2135.6
2090.4  -473.6  1690.8  226.6  -273.7  -336.0
244.0  -364.0  1751.6  -23.8  -1059.1  -1599.4
-119.2  -722.4  1408.8  463.2  -359.8  -1746.4
-359.2  -82.8  1674.0  -22.1  8.2  -1295.8
-467.6  -30.8  1464.8  431.2  -78.3  -741.2
-450.8  47.6  1488.4  214.0  -90.1  -288.9
-256.8  -9.2  1490.4  104.8  -29.7  -82.2
-87.2  -42.0  1535.2  -34.5  -50.4  108.4
100.0  -34.8  1478.8  -13.7  51.3  46.5
120.8  -17.6  1550.0  4.0  29.9  -11.9
-24.4  4.0  1544.4  31.1  -9.6  -74.3
39.6  -4.0  1578.8  59.7  -32.9  -58.9
101.6  -12.4  1512.8  54.9  -32.3  -36.3
72.0  -14.0  1548.0  51.8  -72.1  -32.4
37.2  0.0  1534.0  63.7  -70.8  -43.3
29.6  4.4  1473.2  60.3  -48.6  -35.7
27.6  12.8  1483.6  6.8  -58.3  -12.8
7.2  16.0  1553.6  -5.2  -45.4  31.0
58.4  15.2  1533.6  29.3  -93.3  12.2
69.6  18.8  1521.2  16.0  -82.2  4.3
37.2  -16.4  1567.2  6.1  -80.6  12.8
47.6  -27.6  1542.8  33.0  -73.0  0.2
72.0  -16.8  1512.0  28.9  -68.0  -13.3
55.2  -18.0  1521.2  14.4  -85.8  -25.8
46.0  4.4  1540.0  -2.6  -65.4  -10.1
64.8  -22.0  1569.2  12.6  -74.8  -4.9
45.6  -14.0  1560.4  34.6  -93.0  6.6
70.8  -26.0  1540.0  58.9  -103.1  -16.3
89.2  -40.4  1501.6  60.7  -76.2  -28.5
116.4  -28.0  1477.6  54.5  -54.6  -55.6
94.8  -34.0  1513.2  18.0  -54.5  -67.4
84.8  -23.2  1560.0  93.1  -126.0  -40.9
-32.4  -10.8  1554.8  147.9  -153.2  -36.1
-266.8  72.0  1459.6  155.5  -296.7  9.5
-1544.8  257.2  1610.8  -197.3  -740.2  227.5
-966.4  -297.6  1447.2  -19.5  228.5  1692.4
-81.6  -684.0  1065.2  -494.8  334.0  2708.2
3276.7  -847.2  3276.7  -40.9  711.7  1573.4
1504.8  -264.8  1531.6  3.2  -550.3  -300.1
531.2  -307.6  1778.8  167.3  -286.7  -1515.4
-6.8  -268.0  1262.0  574.7  120.0  -1608.9
-536.8  -104.4  1336.4  140.4  -46.4  -1178.8
-444.0  112.0  1365.6  59.0  7.7  -651.5
-608.0  -8.4  1616.0  41.4  -99.9  -226.4
-222.8  12.4  1584.8  112.6  92.8  -38.0
33.2  -16.8  1499.6  56.8  13.0  22.1
61.6  -1.2  1503.2  2.9  -22.7  -29.5
27.6  -22.8  1444.8  47.6  -20.6  -51.8
-9.2  -24.8  1548.0  -42.3  -12.3  -34.9
28.0  20.4  1563.2  57.2  -45.2  4.0
59.2  24.0  1531.2  53.8  -68.2  -11.9
69.2  1.2  1578.8  108.4  -122.6  -28.4
100.8  0.8  1531.2  90.4  -101.8  -47.8
41.6  14.4  1508.0  59.9  -88.4  -39.7
16.0  18.4  1489.2  12.8  -64.0  -10.8
50.0  13.6  1511.2  -2.4  -72.9  5.0
50.8  13.2  1547.2  -3.7  -107.4  16.6
62.4  0.0  1538.8  36.8  -77.9  -11.9
56.8  -23.2  1570.8  63.0  -103.7  -13.0
51.2  2.8  1509.6  14.5  -112.2  3.7
70.4  -6.4  1518.0  3.4  -87.3  2.9
67.6  0.4  1540.0  -2.1  -90.4  -9.9
49.2  -7.2  1550.4  16.3  -72.8  -8.4
37.6  -15.2  1542.4  27.0  -79.7  -15.8
76.4  -17.2  1508.4  25.3  -71.1  -14.8
68.0  -8.4  1500.0  24.1  -71.8  -13.8
73.2  -8.0  1462.8  -16.7  -101.4  -25.4
106.4  -12.8  1490.8  -201.6  -292.0  159.1
298.8  -36.8  1538.4  23.8  -27.5  64.1
13.6  -44.0  1646.8  -27.1  -170.0  -134.1
-155.2  81.2  1563.2  233.5  -187.4  -631.2
-1388.8  187.6  1602.8  -68.3  -649.3  11.3
-1330.8  -352.4  1368.4  -296.7  -76.9  1910.0
44.0  -740.4  1035.6  -498.5  328.3  2657.5
1818.8  -657.2  1300.8  -532.5  138.4  2224.3
2006.4  -662.8  1723.2  303.1  173.3  -384.3
482.8  -430.8  1853.2  -146.5  -658.7  -1352.8
-249.2  -317.2  1349.6  856.0  66.8  -1403.1
-569.6  -209.2  1390.0  -67.5  -23.3  -1231.0
-632.8  -194.8  1668.0  17.7  1.6  -496.2
-449.2  -35.2  1435.2  493.2  7.7  -593.9
-240.4  -40.8  1347.2  130.7  54.6  -46.4
46.4  -61.2  1473.2  40.4  16.4  -11.8
58.8  -52.0  1539.6  20.9  24.2  -41.1
20.8  -54.4  1490.8  29.8  105.6  -73.6
8.8  -49.6  1560.4  51.1  -14.1  -43.6
35.2  -44.4  1557.2  71.2  -43.8  -15.8
37.2  -42.8  1535.6  56.7  -111.1  -31.3
55.6  -49.2  1510.8  65.5  -56.1  -31.6
38.8  -47.6  1483.6  37.1  -65.8  -20.8
19.6  -42.4  1537.2  -15.7  -76.8  0.4
28.0  -42.8  1554.8  -10.6  -58.5  19.7
40.8  -43.6  1557.6  7.0  -61.5  28.3
27.6  -59.6  1520.8  17.7  -83.5  19.2
2.0  -60.4  1560.4  25.3  -80.1  31.4
41.6  -58.4  1515.6  23.6  -58.8  29.5
43.6  -102.4  1570.0  2.9  -83.2  23.5
67.6  -98.0  1562.0  59.0  -68.9  -9.9
65.2  -85.2  1522.8  70.2  -115.9  -41.6
26.0  -67.6  1485.6  45.8  -84.6  -38.0
-20.0  -54.4  1529.2  29.8  -73.6  -15.5
30.0  -76.8  1510.8  23.8  -55.0  9.7
40.8  -80.0  1517.6  21.3  -69.1  -6.3
56.4  -92.0  1522.4  -5.0  -38.2  -11.6
110.0  -84.0  1532.4  -1.1  14.6  -18.3
171.2  -90.4  1635.2  113.4  14.2  -132.3
91.2  -56.4  1593.6  434.9  21.2  -365.6
-294.8  54.0  1434.0  361.1  -358.4  -494.0
-1090.8  8.0  1673.6  485.8  386.0  -814.5
-1938.8  -291.6  1033.2  -923.4  -753.7  1667.3
-442.0  -537.6  1486.4  -473.5  -365.2  3009.4
1648.8  -1178.8  1136.0  -819.3  242.8  2718.5
2595.6  -465.2  1595.2  318.2  42.5  -283.6
838.4  -403.2  1926.8  122.3  116.0  -1729.7
62.4  -424.8  1434.4  778.4  97.2  -1985.8
-476.8  -295.6  1552.0  125.6  -61.6  -1758.6
-897.6  9.6  1858.0  535.6  266.3  -806.2
-661.2  -34.8  1360.4  203.2  -166.4  -226.2
-328.4  4.0  1419.2  276.7  -2.3  -52.9
-80.8  -44.0  1277.6  -32.1  -103.5  139.3
-27.6  -15.6  1562.0  -80.1  -63.6  140.2
-17.6  4.8  1568.4  -25.6  -28.4  92.4
-2.0  8.8  1551.2  10.4  -112.9  55.0
45.2  -16.4  1538.0  61.4  -52.0  30.3
27.2  -26.0  1505.2  28.8  -90.5  -25.4
19.2  -38.8  1493.6  12.0  -77.7  -11.8
-30.8  -13.6  1544.0  9.7  -97.2  -5.3
-0.8  -2.4  1551.2  42.7  -81.9  -7.0
9.6  -6.4  1528.4  109.0  -103.6  -32.4
-12.0  -30.0  1505.2  88.7  -79.8  -8.1
14.0  -6.0  1523.6  43.0  -71.8  6.2
26.0  -14.0  1518.8  19.7  -86.0  -9.6
78.8  -0.8  1545.6  213.5  -187.2  -84.5
15.6  -2.4  1495.2  47.3  -117.7  -80.0
22.0  26.4  1546.8  41.8  -93.1  -24.8
36.4  12.8  1534.8  -21.6  -57.8  -11.1
30.0  16.8  1514.4  6.4  -90.7  -9.6
52.0  12.0  1551.6  31.8  -81.3  -24.2
10.4  2.4  1518.0  19.9  -63.2  -10.2
32.4  12.0  1518.4  -3.4  -65.2  18.6
59.2  -1.6  1501.2  -20.8  -57.2  39.8
155.2  -70.8  1445.6  -67.8  -104.4  42.3
253.2  -30.4  1635.2  165.4  7.1  -188.5
-166.4  -14.0  1678.8  250.5  -36.0  -385.7
-973.2  96.0  1489.6  135.8  -279.5  -11.8
-1870.4  88.0  1681.2  -519.8  -1369.4  1544.8
-698.0  -484.8  1138.4  -373.3  247.6  2735.0
772.8  -984.8  896.4  -805.9  492.9  2751.3
3276.7  -1240.8  2299.2  823.6  221.1  -568.3
1050.0  -458.0  1481.2  -173.6  53.3  -1182.3
235.2  -443.6  1760.4  640.9  -91.2  -1848.2
-285.6  -180.4  1176.8  649.6  -42.2  -1283.4
-572.0  -39.6  1577.2  450.6  -170.0  -1125.4
-479.6  137.2  1500.4  263.2  45.5  -899.3
-435.2  9.6  1446.8  224.2  125.2  -294.8
-141.6  -12.8  1339.2  -30.6  67.1  17.4
-2.8  6.4  1473.6  -147.3  6.7  73.3
48.0  31.6  1548.8  -99.7  26.5  -4.4
11.2  11.6  1606.8  -13.4  -159.2  37.5
126.8  -12.8  1523.2  82.1  -91.5  -9.5
146.0  0.4  1620.8  224.1  -171.7  -16.2
109.6  14.0  1524.4  122.7  -77.0  -115.2
13.6  6.8  1451.6  204.3  -78.2  -59.8
-15.2  59.2  1545.2  17.8  -72.2  -6.1
17.2  27.2  1549.6  -51.7  -14.2  99.3
37.6  0.4  1530.4  36.9  -99.2  33.0
70.8  16.4  1561.2  33.0  -144.8  43.9
34.4  17.6  1525.2  -37.8  -135.5  29.3
76.4  17.2  1548.0  -12.7  -155.3  6.6
93.6  -17.2  1554.4  108.0  -303.8  -11.7
106.0  -7.2  1513.2  55.8  -95.8  -54.9
108.8  0.8  1549.2  46.7  -147.9  -4.4
122.8  3.2  1517.2  65.2  -81.0  -16.3
111.6  1.2  1526.4  50.8  -103.9  -8.8
107.6  4.0  1516.8  31.1  -81.8  -9.9
122.4  28.8  1517.2  30.3  -68.1  9.7
130.0  26.4  1508.0  11.5  -26.8  25.0
121.6  29.6  1507.6  -27.6  -55.6  59.3
78.8  20.4  1524.8  -40.8  19.2  103.5
144.4  5.2  1554.0  156.5  -28.9  -21.9
-442.8  164.8  1729.2  157.6  -165.1  -183.6
-1576.0  138.4  1565.6  174.2  429.0  44.3
-1000.8  -377.2  944.4  -291.8  828.6  1820.3
226.4  -614.0  1301.6  -1040.5  57.3  2708.4
3276.7  -360.0  3276.7  500.8  1084.1  -121.2
843.2  -252.0  1797.6  82.2  -563.8  -911.9
316.0  -103.6  1609.2  195.9  -662.4  -1258.1
-22.0  -206.8  1266.8  249.9  -424.5  -963.7
-266.4  -71.6  1514.4  112.1  -473.5  -922.1
-477.6  62.0  1426.4  94.7  -135.1  -879.1
-462.8  22.8  1455.2  86.9  -15.1  -159.5
-202.4  38.0  1410.0  110.4  -4.7  -114.2
-12.4  -6.8  1386.4  16.3  24.5  55.9
53.6  -7.2  1560.0  -55.1  32.3  112.1
56.4  -53.2  1563.2  -11.3  50.4  47.8
73.6  -16.8  1550.4  117.5  47.8  -100.4
38.4  -22.8  1560.4  49.8  17.5  -47.5
50.4  11.2  1553.2  9.6  -46.9  -15.9
18.0  18.8  1543.2  -49.3  -86.2  22.1
74.4  -45.6  1508.0  -4.2  -51.1  11.8
30.4  4.8  1507.2  31.1  -40.0  -2.9
2.0  -26.8  1498.4  2.3  -26.5  5.8
-45.6  -8.8  1570.4  -90.2  -44.1  56.1
39.6  -48.4  1625.6  5.8  -51.4  105.4
30.4  -89.2  1512.4  79.9  -111.9  -2.5
4.4  -54.4  1496.0  75.4  -81.3  -15.2
-32.4  -27.2  1516.4  16.1  -107.5  43.7
19.2  -26.8  1552.4  5.4  -126.6  54.9
20.4  -88.8  1567.6  7.5  -168.0  55.4
96.0  -67.2  1402.4  50.4  -82.4  2.8
48.4  -41.2  1544.0  -57.7  -119.3  6.9
4.4  -39.6  1527.6  24.5  -19.7  -27.1
20.4  -42.4  1576.8  6.2  -46.1  -10.9
50.4  -55.2  1474.0  64.6  2.1  -15.0
67.6  -74.0  1505.6  79.8  -16.6  -27.3
66.4  -48.4  1459.6  127.6  -36.4  -119.1
0.4  -5.6  1603.6  122.6  -53.1  -148.0
-193.2  26.8  1523.6  128.7  -123.5  -135.1
-1068.8  152.0  1334.8  -163.5  -439.8  105.6
-1402.0  -102.0  1652.0  -397.7  253.7  1196.7
-554.8  -442.4  1200.8  -604.7  556.1  1869.4
847.6  -802.4  1634.0  -387.6  531.3  1989.6
1815.2  -687.6  1905.2  106.8  -902.1  -198.8
304.4  -247.2  1368.8  43.0  -555.1  -1032.9
-37.2  -210.8  1776.4  468.9  -510.1  -1082.6
-264.0  -255.2  1120.0  391.2  -175.5  -973.3
-331.2  98.0  1503.6  -101.6  -134.7  -743.9
-417.2  -236.0  1407.2  347.5  -19.6  -619.4
-348.0  -13.6  1526.8  105.0  -56.7  -286.1
-151.6  -0.4  1441.2  33.9  30.7  -30.6
56.4  -8.4  1546.8  2.5  -45.4  67.4
110.4  -11.2  1537.2  23.1  -73.1  16.9
82.8  -14.8  1552.8  38.7  -54.2  -10.5
103.6  -33.6  1562.8  80.0  -69.6  -27.3
96.4  -49.2  1494.0  77.8  -85.3  -53.1
62.0  -34.0  1486.8  58.6  -67.0  -61.8
53.2  -50.4  1512.4  7.1  -69.7  -1.4
51.2  -19.6  1554.8  10.4  -72.7  -4.0
85.6  -9.2  1524.4  38.5  -52.3  -51.0
85.2  -19.2  1559.2  8.3  -61.8  -9.9
76.4  -15.2  1535.6  32.8  -76.2  -11.4
66.4  -15.6  1540.0  12.6  -60.9  -2.2
88.4  -40.0  1529.2  12.8  -64.6  -3.5
51.2  -32.4  1539.6  2.3  -66.9  6.1
84.8  -40.4  1517.2  3.5  -59.5  -1.5
65.2  -37.2  1522.8  -24.2  -53.8  17.5
77.6  -51.2  1522.0  -23.1  -63.1  -1.0
64.0  -60.0  1560.4  37.7  -65.2  -10.6
60.0  -48.8  1525.6  17.0  -88.1  -4.9
81.6  -55.2  1511.2  33.2  -69.6  -15.5
85.6  -49.2  1521.6  50.0  -69.1  -7.3
80.0  -56.4  1521.2  2.8  -73.2  -2.8
83.6  -68.0  1540.0  11.5  -72.2  -11.6
49.6  -58.0  1523.6  1.4  -71.2  -4.0
48.0  -61.2  1533.2  9.0  -54.0  0.4
40.8  -53.2  1556.0  54.2  -39.9  35.8
36.4  -56.8  1526.4  73.3  -43.0  45.3
15.6  -11.2  1496.4  225.8  12.6  -94.8
-1052.8  16.0  1307.2  372.8  -315.8  -588.8
-1690.0  -228.0  1466.0  114.6  677.2  499.2
-740.4  -740.4  950.0  -912.7  535.4  2952.0
3276.7  -356.0  3276.7  186.2  1383.7  823.7
1218.8  -212.4  1504.0  -67.3  -390.7  -633.8
122.0  -58.4  1494.0  -1.2  -1094.7  -1210.7
-238.0  -105.6  1403.6  409.0  -199.5  -1087.7
-616.4  -133.2  1443.6  -235.4  -340.4  -805.4
-558.0  18.0  1677.6  324.9  102.5  -657.5
-403.6  -45.2  1617.2  98.9  -16.7  -127.9
-141.6  -68.8  1379.2  53.8  -50.7  69.8
27.6  -72.4  1463.2  -5.6  -31.8  109.5
95.2  -96.0  1486.8  -6.5  -13.5  33.8
78.0  -89.6  1490.4  76.3  -16.2  -2.1
27.2  -84.4  1542.4  23.4  -34.7  14.5
83.6  -113.6  1532.4  40.3  -31.8  2.3
70.4  -98.8  1508.0  31.9  -63.5  -50.7
53.6  -97.6  1523.6  58.8  -61.3  -48.6
37.6  -83.6  1504.4  42.1  -47.9  -42.7
57.2  -72.8  1560.8  34.9  -59.9  -15.8
58.0  -60.4  1554.8  22.7  -55.6  -0.7
71.2  -76.4  1542.4  34.8  -82.9  4.5
78.0  -97.6  1510.8  29.8  -114.0  4.5
76.8  -83.6  1515.2  16.7  -110.8  -5.0
40.4  -85.6  1533.6  27.1  -98.1  -12.6
52.4  -78.8  1520.4  29.4  -83.1  2.8
56.0  -87.6  1531.6  24.2  -72.4  17.2
82.8  -100.0  1545.6  35.9  -71.4  11.9
82.4  -92.8  1511.2  40.9  -102.4  9.0
71.2  -96.0  1528.8  26.8  -72.6  -3.9
76.8  -102.0  1524.8  23.5  -73.6  -7.5
62.0  -99.2  1511.6  37.1  -54.9  -2.8
96.8  -106.8  1480.0  18.2  -60.9  -12.7
148.0  -108.4  1524.8  25.2  -57.0  -42.1
126.4  -92.8  1593.6  54.6  -82.6  -109.6
47.2  -76.8  1529.2  149.8  -107.1  -148.3
-61.6  -38.0  1419.6  221.4  -129.0  -162.4
-819.6  158.0  1531.2  397.5  9.4  -346.4
-1837.2  -100.0  1506.0  -11.2  -373.9  732.1
-1010.4  -624.4  1452.0  -577.7  -209.4  2927.0
1402.8  -1378.0  1553.6  -595.8  186.6  3276.7
2166.4  -632.8  1395.2  84.7  -472.8  -159.5
357.6  -418.4  1345.6  174.8  80.9  -1606.9
-6.4  -472.8  1330.8  363.8  211.6  -1599.1
-426.4  -197.6  1614.0  138.2  116.0  -1019.4
-602.4  -219.2  1530.0  342.9  41.9  -1054.4
-454.4  28.0  1532.8  -38.3  -81.0  -473.7
-206.4  11.6  1414.8  168.5  21.8  -148.2
-50.8  16.8  1392.0  -8.9  -17.8  -42.6
29.6  -4.4  1531.6  -25.7  -8.3  17.6
24.0  10.4  1511.6  10.9  -47.0  7.8
48.4  -36.8  1509.6  -66.4  -66.5  69.8
63.2  -29.2  1552.4  42.0  -42.6  27.4
76.8  -43.2  1546.0  55.7  -73.8  11.4
74.8  -46.8  1533.6  28.8  -57.9  -24.9
73.2  -30.8  1510.8  44.0  -71.6  -6.6
21.2  -31.2  1525.6  24.2  -101.5  -2.6
21.2  -34.0  1502.0  38.4  -57.6  11.6
55.6  -46.0  1550.0  7.5  -47.6  37.2
82.8  -50.0  1565.2  19.9  -65.5  27.2
77.6  -75.2  1553.6  40.5  -83.2  6.5
98.0  -60.8  1553.2  51.8  -89.4  -22.5
59.6  -62.4  1498.8  32.4  -97.9  -22.4
30.0  -60.8  1504.8  -2.6  -65.8  -3.3
25.6  -44.0  1505.2  15.3  -65.7  24.5
57.6  -37.2  1529.2  -10.6  -89.2  23.0
70.4  -27.2  1564.0  13.9  -84.6  20.4
72.8  -69.2  1540.4  38.1  -81.6  -3.9
52.4  -67.2  1507.2  30.7  -79.2  3.2
64.8  -73.2  1505.2  21.0  -74.8  -2.3
128.4  -84.8  1381.6  -34.1  -75.8  -8.6
44.8  -85.6  1535.6  -200.2  -280.2  84.3
105.2  -82.8  1605.2  39.0  -8.6  22.3
74.0  -69.2  1716.8  268.0  35.8  -148.9
-405.6  -27.2  1701.6  168.7  -120.9  -630.0
-1381.2  -4.0  1956.8  87.4  117.8  -467.2
-1281.2  -427.6  1009.6  -395.5  -87.1  2316.1
841.6  -780.4  883.2  -557.5  285.5  3091.5
3276.7  -474.8  2336.4  295.5  609.7  522.3
917.2  -460.8  1467.2  161.2  -645.9  -301.2
353.6  -215.2  1798.0  351.2  -606.8  -1137.0
-451.2  -480.8  1047.6  15.1  -751.5  -840.1
-578.4  -24.0  1570.0  677.1  474.9  -1171.6
-642.4  -68.0  1404.8  -116.5  -376.2  -444.0
-85.6  -18.8  1564.8  133.2  -51.1  -181.7
-76.8  7.2  1418.0  -23.8  -86.4  30.2
60.0  -14.0  1558.8  -95.6  -12.4  99.5
105.6  -36.0  1578.8  -34.0  -4.9  56.8
149.6  -32.4  1545.6  23.1  -11.5  -34.7
85.2  -48.8  1544.0  71.5  -22.1  -55.5
91.2  -64.4  1499.2  50.1  -42.4  -67.7
71.2  -49.2  1527.2  48.9  -32.0  -67.8
71.2  -48.8  1507.2  31.3  -39.1  -36.1
62.8  -51.2  1546.4  -13.9  -55.5  -12.7
97.6  -59.6  1554.4  23.9  -64.9  -33.5
99.6  -56.0  1536.4  77.1  -59.6  -41.3
70.8  -64.4  1540.8  18.5  -96.1  -11.2
51.6  -64.8  1550.8  33.0  -71.5  -13.8
86.0  -69.2  1526.4  2.3  -84.2  7.1
84.8  -51.6  1552.8  8.6  -86.9  -3.1
98.8  -31.6  1548.0  22.1  -91.4  -14.4
82.0  -58.8  1529.2  40.2  -88.5  -17.2
72.0  -66.4  1500.0  20.1  -60.5  -10.3
78.8  -68.0  1512.0  12.8  -64.5  -1.8
86.0  -68.8  1554.4  34.4  -80.4  -20.4
85.2  -66.0  1546.0  49.1  -79.6  -19.4
64.0  -68.0  1506.0  49.6  -86.1  -12.9
95.2  -75.6  1560.4  -2.5  -137.0  6.9
120.0  -81.6  1494.0  22.0  -87.3  -34.0
94.8  -75.6  1518.0  39.5  -66.2  -38.7
124.4  -65.2  1498.8  39.1  -70.9  -19.7
336.4  -94.0  1439.2  354.2  115.2  -104.4
-137.6  -63.2  1343.2  365.1  41.2  -558.0
-1852.0  272.0  2210.8  17.6  -274.5  -145.5
-1600.8  -213.6  1396.8  -155.5  335.4  1417.9
324.0  -697.2  1030.0  -594.4  56.4  2711.4
2297.2  -738.4  1584.0  -348.3  318.0  1457.8
1948.4  -142.0  1748.4  209.8  190.5  -283.7
609.6  -218.4  1957.2  -60.2  -859.8  -999.6
-82.0  -283.2  1244.0  455.5  20.1  -1567.1
-442.8  -95.2  1660.8  133.2  -224.2  -1068.7
-454.8  -73.2  1455.2  278.2  -48.4  -819.8
-443.6  -75.2  1707.6  63.0  -231.5  -271.3
-301.2  -54.0  1586.4  49.8  -101.3  6.8
-0.4  -45.2  1416.8  -34.5  -36.1  56.6
97.6  -44.8  1523.2  -20.8  -45.2  9.7
89.2  -25.2  1577.6  22.2  -9.7  -67.1
48.4  -38.4  1551.2  98.7  -27.9  -77.9
62.4  -50.0  1523.2  71.5  -69.0  -77.1
34.4  -22.4  1478.8  55.5  -62.5  -68.3
16.8  -10.0  1529.6  25.8  -59.6  -74.8
23.2  -1.6  1509.2  4.6  -32.8  -51.0
50.4  -12.4  1545.2  10.6  -36.2  -16.6
60.8  -17.6  1572.8  16.6  -59.0  -6.3
55.2  -24.4  1527.6  29.9  -74.6  -1.5
54.8  -11.2  1524.8  30.2  -93.5  -4.0
30.8  -17.6  1546.8  32.1  -78.5  9.8
30.8  -39.2  1509.2  28.4  -72.8  14.0
50.4  -42.0  1530.0  0.4  -65.6  18.7
54.0  -50.0  1558.4  6.1  -61.8  1.7
30.8  -72.8  1534.8  25.4  -61.6  3.4
60.0  -37.2  1523.6  15.6  -89.7  -15.6
36.4  -39.2  1547.6  25.4  -96.1  -12.7
33.2  -38.4  1489.6  43.6  -60.5  -21.8
47.6  -30.4  1522.4  3.0  -78.0  20.3
59.6  -59.2  1548.8  10.5  -51.4  22.6
81.6  -54.4  1552.0  50.5  -77.9  0.0
98.8  -64.0  1506.4  53.7  -81.3  -7.0
27.2  -60.8  1531.6  66.3  -68.0  -50.5
-337.2  26.8  1667.2  354.3  -173.5  -155.9
-1304.4  80.0  1454.4  335.6  -123.9  -566.4
-1862.0  -228.0  1358.0  -92.6  454.1  1645.3
242.8  -831.2  862.0  -1051.5  -232.8  3276.7
3276.7  -397.2  2824.8  190.7  710.6  804.0
1287.6  -245.6  1448.8  257.6  426.0  -709.5
433.2  -181.6  1795.2  -196.1  -616.0  -1382.6
38.4  -286.0  1303.6  419.8  117.4  -1705.3
-589.2  -78.0  1439.2  58.1  -39.6  -1356.6
-566.0  -40.0  1468.0  373.7  10.0  -802.8
-374.4  10.4  1561.6  61.4  -295.1  -107.2
-154.8  -14.4  1426.4  73.6  49.5  31.0
-70.0  -28.0  1504.4  -45.3  -66.1  104.7
52.4  20.4  1566.4  17.1  74.6  37.8
85.2  -0.8  1540.0  38.0  -0.6  -0.9
14.0  -7.6  1528.8  24.6  -58.4  -42.8
14.4  -13.6  1534.8  40.6  -60.6  -11.2
77.2  -24.0  1540.8  14.9  -73.8  -5.0
58.8  -23.6  1498.8  3.4  -56.3  -33.7
30.4  22.8  1524.8  -3.2  -51.2  -33.6
-12.4  6.8  1517.2  21.8  -56.5  -13.1
31.2  -8.4  1585.2  44.8  -66.9  5.5
44.4  -26.0  1512.0  76.7  -85.9  -9.0
60.0  -50.4  1515.6  26.7  -85.2  -3.8
26.8  -32.4  1541.2  5.4  -71.8  25.0
41.6  -23.6  1550.8  14.7  -78.4  -5.8
34.0  -32.8  1542.0  24.4  -75.4  -12.6
32.8  -32.4  1512.0  43.9  -80.1  -16.3
22.4  -49.2  1535.6  8.4  -73.6  11.2
25.6  -32.8  1497.6  19.2  -70.2  7.3
40.4  -35.2  1549.2  -8.5  -68.7  6.8
23.2  -34.4  1516.0  2.7  -61.1  -7.1
14.0  -34.0  1532.0  -3.3  -73.0  40.5
63.6  -46.0  1494.0  -10.6  -52.3  58.1
154.0  -80.8  1515.6  -41.4  -62.7  14.1
274.0  -71.6  1530.0  124.0  -29.0  -213.8
104.4  -76.8  1356.0  325.0  213.6  -510.7
-1122.8  236.0  1862.4  381.8  -249.9  -836.0
-2337.6  -120.0  1522.8  -343.8  -578.1  744.4
-386.8  -649.2  1461.2  -411.3  -632.1  3109.9
1110.8  -801.6  1022.8  -502.8  -27.0  2686.4
3196.4  -686.4  1862.0  -3.3  557.3  713.8
1346.0  -377.2  1164.4  2.8  417.9  -991.2
496.0  -388.4  1970.8  132.4  -399.1  -1590.4
-227.6  -388.8  1285.6  272.5  -362.4  -1315.1
-658.0  -160.8  1829.2  234.3  247.8  -1166.8
-683.6  -48.0  1607.6  560.8  -75.3  -934.5
-314.4  -8.0  1526.4  297.7  -66.1  -204.5
-74.4  -5.6  1360.0  23.8  -7.0  68.8
56.8  -42.8  1552.0  -71.9  -89.2  124.3
104.8  -66.0  1546.8  76.2  -6.6  -53.7
23.2  -56.0  1478.4  56.4  -33.2  -50.5
45.2  -60.0  1549.6  28.8  -48.2  -11.8
80.4  -53.2  1538.8  45.0  -37.5  -19.8
69.6  -45.2  1518.0  2.6  -54.6  -7.6
58.0  -31.2  1520.0  -3.2  -48.4  -32.3
16.4  -43.2  1535.6  23.8  -64.0  -37.6
15.6  -47.2  1519.6  28.0  -58.7  -5.9
56.4  -40.0  1525.2  10.6  -76.6  -25.4
62.8  -34.8  1524.0  -2.2  -61.0  20.7
49.6  -39.6  1531.6  11.6  -63.2  3.1
48.0  -53.2  1532.4  12.2  -71.0  13.3
40.8  -54.4  1536.8  53.9  -66.6  -3.4
52.0  -68.4  1536.8  24.7  -70.0  6.3
43.2  -71.6  1509.6  23.5  -61.2  -1.7
44.4  -72.8  1519.6  3.1  -65.5  14.9
38.4  -67.2  1544.4  18.3  -70.2  4.0
46.0  -26.0  1510.8  50.6  -72.9  -18.7
49.6  -58.4  1510.4  53.6  -67.6  -25.3
40.0  -52.0  1525.2  35.0  -26.8  -25.5
72.8  -72.8  1530.4  48.8  -73.8  4.0
90.0  -62.4  1518.4  37.3  -15.9  -3.1
99.6  -28.8  1518.4  141.0  25.6  -52.3
160.8  -33.2  1494.0  341.1  180.6  -130.0
-265.6  56.0  1396.0  447.1  -176.9  -539.7
-2124.4  19.6  2117.6  -252.2  -948.4  -392.9
-1922.4  -554.4  1523.6  -280.3  -20.8  2433.8
1384.4  -832.8  972.4  -605.0  532.2  3108.0
3276.7  -546.0  1888.0  608.4  714.2  -506.8
322.8  -325.2  1232.8  -39.1  -632.1  -891.3
300.4  -298.4  1599.6  508.7  -341.0  -1271.6
-284.4  5.2  1263.6  3.3  -487.9  -769.0
-649.2  36.8  1802.4  225.7  280.4  -513.7
-659.6  -20.0  1490.8  -65.8  -239.6  -195.0
-358.4  -59.6  1427.2  2.4  108.9  331.1
-104.8  -94.4  1385.6  -16.1  88.0  226.4
60.4  -87.2  1530.0  -429.9  -154.8  270.9
242.0  -188.4  1590.0  -328.0  -108.5  127.8
382.4  -288.0  1548.4  -153.7  380.5  86.9
227.6  -16.8  1692.4  -227.3  434.7  58.8
-64.8  -185.6  1631.2  252.3  -284.5  -274.7
100.8  -71.2  1575.6  376.3  -153.8  -653.8
-50.0  -214.0  1362.4  -385.5  -649.7  57.6
274.0  -144.8  1726.8  -145.7  -93.0  337.2
30.8  -238.8  1445.6  -72.0  -87.2  112.8
90.0  -254.8  1558.8  109.4  289.2  171.3
-102.0  -220.4  1536.4  -35.9  -217.5  -47.1
33.2  -291.2  1422.8  -40.0  74.6  -102.4
33.6  -239.2  1567.2  157.0  0.7  -39.3
38.0  -285.2  1528.4  -85.3  -74.8  12.9
31.6  -261.6  1504.8  57.6  32.9  -10.1
-42.8  -272.8  1543.6  -14.1  10.4  -39.1
-48.8  -262.0  1508.8  8.0  -33.9  -153.4
4.0  -228.8  1490.8  34.2  -105.5  -81.7
29.2  -261.2  1484.4  -83.1  -177.4  -60.7
34.4  -246.8  1507.6  32.2  -57.5  -27.8
34.0  -248.0  1528.0  -19.3  -54.3  -67.3
32.4  -273.6  1518.4  -10.1  -103.3  -13.4
15.6  -265.2  1494.4  -82.6  20.3  -4.0
-14.4  -300.8  1472.8  4.9  -16.6  -33.0
22.4  -256.4  1489.2  27.5  -100.3  -27.8
6.0  -308.0  1488.8  19.1  -25.5  -14.2
10.4  -323.2  1480.4  49.4  -88.1  -59.1
25.2  -292.4  1480.0  53.8  -50.6  -41.2
-2.0  -306.4  1534.0  48.7  -21.8  12.8
12.8  -283.2  1526.0  -5.2  -34.9  -32.1
6.0  -293.2  1475.2  12.7  -84.4  -17.3
-9.6  -313.2  1480.0  19.4  -74.0  -1.9
5.6  -314.4  1500.4  29.5  -46.6  -10.5
-2.8  -302.4  1516.8  -52.5  -39.3  14.9
4.4  -318.8  1468.0  -22.0  -83.4  -14.4
-23.2  -296.0  1546.8  54.1  -59.0  2.9
-35.6  -290.8  1515.2  -8.2  -38.8  3.5
-38.4  -364.0  1478.8  7.8  -70.2  27.9
-35.2  -388.4  1486.8  65.0  -99.6  -28.2
-62.0  -386.8  1469.2  196.2  -107.0  -114.9
-0.8  -306.8  1443.2  205.3  20.7  -199.7
-8.4  -240.0  1519.2  213.6  53.3  -167.5
19.6  -186.8  1480.4  126.2  -21.4  -148.8
-33.2  -267.2  1516.0  59.3  -24.5  -5.5
-10.0  -284.0  1558.0  56.4  -43.3  10.3
-11.2  -286.8  1511.6  83.1  -10.7  -44.0
6.4  -215.2  1582.4  80.1  -61.8  -69.2
19.2  -205.2  1499.2  11.9  -103.4  14.5
-3.2  -213.2  1547.2  55.1  -60.5  -42.3
-24.4  -245.2  1528.0  -9.4  -52.6  -17.1
-34.0  -258.8  1503.2  -87.0  -84.0  15.5
