-23.6  -81.6  1500.0  106.8  -37.5  5.4
4.0  -90.8  1519.2  96.7  -73.3  -12.6
-14.4  -56.4  1549.2  32.9  -91.2  -27.3
-41.2  -75.2  1496.0  71.9  -106.3  0.5
-2.8  -39.2  1574.8  141.5  -165.8  9.5
-36.0  -54.4  1555.6  90.4  -178.7  17.0
21.2  -67.2  1552.8  65.4  -147.8  20.1
23.6  -19.6  1551.6  -50.9  -26.1  45.2
0.4  -51.2  1548.0  34.0  -116.9  -8.3
16.0  -68.4  1510.0  -27.3  -135.9  29.1
12.4  -86.4  1517.2  -16.6  -167.3  23.4
22.4  -61.6  1530.0  49.1  -97.3  -28.3
38.4  -92.8  1484.8  13.4  -100.0  -32.2
25.2  -118.4  1547.2  -31.1  -66.1  21.3
78.8  -51.2  1517.2  13.3  -118.4  14.1
80.4  -80.0  1485.2  -21.9  -98.7  85.2
29.6  -119.2  1457.6  -64.4  61.9  120.5
50.0  -119.2  1486.0  39.4  49.2  91.1
-21.2  -93.2  1537.6  0.6  7.4  140.6
-34.0  -92.0  1611.6  112.6  -93.4  91.9
-24.8  -55.6  1593.2  50.5  -81.9  101.8
-0.4  -84.4  1606.0  12.5  -134.2  104.1
30.8  -124.4  1547.2  -85.8  -94.9  42.5
56.0  -119.2  1464.4  -89.6  -118.2  50.2
47.6  -124.0  1480.0  48.3  -104.4  34.2
30.4  -91.6  1478.4  18.8  160.8  41.6
-48.8  -103.6  1523.6  4.1  596.9  175.5
-338.4  -175.6  1578.8  214.5  -178.9  306.7
-1144.8  -358.4  1645.6  330.4  -909.6  -444.2
-704.8  -56.8  1180.8  219.6  -800.4  -1659.1
-253.6  226.4  1312.8  158.8  140.3  -2733.6
750.4  566.4  1551.2  102.6  782.1  -2232.4
1200.0  714.0  2201.6  161.5  548.6  -744.4
1136.8  494.4  1997.6  -635.8  -882.0  988.1
702.8  318.0  1422.4  -577.3  -1345.8  1902.4
424.8  112.4  1185.2  -251.3  -795.9  2022.8
171.6  111.2  1214.0  249.3  -725.0  1785.4
-480.4  -236.4  1524.4  387.7  316.6  1317.4
-815.2  -435.6  1837.6  566.1  -48.1  739.1
-400.4  -446.0  1784.4  -37.2  350.7  -153.6
-22.0  -179.2  1472.8  -409.9  803.6  -630.7
165.2  -114.0  1472.8  19.4  193.4  -484.3
227.6  -51.6  1520.0  189.0  -0.8  -296.9
254.8  -119.2  1626.4  116.3  -36.4  -55.7
150.4  -113.2  1530.0  -63.9  -84.1  18.8
97.6  -173.6  1512.8  64.2  -85.3  15.0
39.6  -195.6  1531.2  -1.4  -76.5  -27.5
0.4  -162.8  1534.0  -25.3  -42.4  -17.2
59.6  -203.6  1521.6  -42.3  23.8  -58.3
36.8  -196.0  1506.0  -12.9  -47.3  -51.7
60.0  -194.0  1515.2  101.8  -52.7  -33.3
26.0  -183.2  1539.2  -16.5  -2.2  -17.9
-16.8  -186.4  1517.2  77.9  -88.4  -88.2
46.8  -201.2  1544.0  33.0  -38.4  -48.2
34.0  -188.8  1561.6  -1.6  -56.0  -25.1
55.6  -188.8  1541.6  1.0  -92.1  0.6
32.8  -203.2  1507.2  -20.7  -59.1  -3.1
17.2  -216.4  1490.8  71.4  -114.6  -24.1
50.0  -204.8  1519.2  70.5  -69.9  -28.3
18.4  -210.8  1544.4  111.6  -102.5  -93.8
33.6  -189.6  1560.4  -13.0  -50.8  -67.6
50.4  -182.0  1512.8  -14.5  -52.3  -29.5
67.6  -205.6  1532.8  -39.6  -35.8  15.9
55.2  -198.0  1532.8  15.4  -46.4  51.8
41.6  -184.0  1505.2  27.0  -68.6  85.4
-113.2  -221.6  1418.4  239.5  -7.9  156.9
-626.8  -353.6  1470.4  529.1  91.3  -361.7
-960.8  -361.2  1409.2  941.7  -97.8  -1227.9
-386.0  -14.4  1502.4  471.0  478.4  -2422.9
432.4  398.4  1540.8  51.3  485.2  -1627.2
598.0  532.4  1991.2  397.8  -345.7  -979.3
792.0  529.6  1988.4  -414.9  42.6  329.2
622.8  266.0  1586.4  -576.3  -1167.9  1128.2
426.4  165.2  1406.0  -455.2  -992.8  1544.8
209.2  48.8  1293.6  -269.6  -676.7  1621.4
16.8  -91.2  1515.2  -110.8  -240.6  1513.3
-531.6  -232.8  1372.8  287.9  -145.7  1185.9
-571.6  -454.4  1630.8  21.2  525.8  611.2
-384.8  -406.8  1576.8  282.5  46.7  2.7
-99.2  -229.6  1624.0  -188.4  400.7  -287.2
30.8  -161.2  1582.8  -234.8  69.0  -75.6
43.6  -220.8  1545.2  -125.8  -189.2  -191.4
98.0  -209.6  1462.8  18.9  -18.5  -100.3
55.2  -278.8  1429.2  166.5  -43.1  -64.4
62.0  -207.2  1529.2  106.5  -26.5  -59.2
25.6  -208.0  1552.8  71.4  -76.8  -27.2
-0.4  -230.4  1538.0  65.4  -31.3  2.9
-17.6  -240.8  1529.2  13.9  1.9  19.4
-34.4  -226.0  1514.0  61.7  -35.4  -44.6
-23.2  -229.2  1528.0  80.1  -95.9  -109.6
-11.6  -216.0  1537.2  37.8  -105.4  -118.0
-0.8  -212.0  1490.0  60.2  -58.9  -40.6
-6.4  -209.6  1519.6  67.3  -63.6  -8.2
-24.8  -221.6  1521.6  37.1  -42.3  11.9
-9.2  -217.6  1518.8  53.6  -72.2  -2.5
-20.8  -229.2  1533.6  30.1  -66.7  -45.9
-31.2  -224.8  1536.0  18.0  -41.7  -73.3
-16.0  -237.6  1539.6  -53.7  -43.5  -77.5
-4.4  -224.4  1501.6  0.3  -52.3  -42.7
-0.4  -236.8  1501.2  37.3  -72.6  -18.1
0.0  -217.6  1504.0  28.6  -34.5  17.3
-5.6  -226.8  1529.2  64.5  -56.7  14.4
-34.8  -233.2  1524.4  29.1  -58.7  2.6
-39.2  -238.8  1528.0  28.8  -62.0  -11.6
-32.4  -226.0  1527.2  39.9  -74.4  -25.2
-35.6  -229.2  1485.6  39.4  -58.2  -27.1
-48.8  -233.6  1573.2  46.4  -52.9  -39.3
-52.4  -263.2  1540.8  12.0  -114.9  -59.3
-94.0  -256.0  1491.2  64.9  -117.9  -133.8
-206.0  -293.6  1427.2  144.5  -220.6  -302.8
-536.8  -322.4  1301.2  405.3  -530.2  -734.5
-492.8  -328.8  1384.8  447.4  38.1  -1310.1
-67.6  -43.2  1523.2  336.9  730.7  -1814.7
402.0  247.6  1765.6  634.1  136.7  -1181.0
521.6  340.8  2021.6  159.3  -71.0  -725.3
780.0  219.2  1881.2  -437.8  -354.0  215.8
678.8  216.8  1558.8  -300.8  -921.9  1092.8
607.2  139.2  1415.6  -308.1  -788.1  1610.8
551.6  32.0  1264.8  -360.5  -669.4  1819.0
-179.6  -58.8  1349.2  384.8  -232.3  1701.8
-827.2  -536.4  1778.8  474.9  328.7  900.1
-517.6  -508.4  1615.2  108.7  459.4  -85.6
-152.0  -320.0  1539.6  -181.9  548.4  -425.0
38.0  -132.0  1573.2  79.9  89.4  -377.4
145.6  -128.4  1562.8  68.6  17.1  -214.1
130.4  -128.0  1526.4  -16.3  -25.9  -109.1
64.4  -167.6  1512.4  81.6  -83.5  -27.5
-28.8  -202.4  1540.0  41.0  -43.8  -25.4
-58.4  -191.2  1529.2  48.2  -71.0  -28.4
-12.0  -198.0  1556.0  15.1  -12.2  -29.3
7.6  -186.4  1510.8  3.7  -72.5  -9.5
-9.6  -185.6  1493.6  75.6  -116.0  6.9
-12.8  -207.6  1512.0  127.0  -77.9  -1.9
6.8  -168.0  1530.0  49.6  -34.0  -5.1
20.4  -187.6  1534.0  34.7  -77.5  -9.9
-19.2  -170.4  1518.4  16.6  -80.0  25.4
-16.0  -186.4  1531.2  33.5  -58.8  11.1
-16.4  -197.2  1560.8  20.2  -66.0  4.0
-15.6  -171.6  1518.0  3.9  -69.3  7.6
-7.2  -192.0  1518.8  23.9  -94.6  -4.6
-1.6  -183.2  1524.0  34.9  -107.4  1.9
3.6  -188.0  1523.6  54.3  -82.3  22.3
0.0  -180.8  1523.6  31.8  -88.0  17.3
28.4  -187.6  1519.6  37.9  -88.0  14.5
13.6  -186.8  1549.2  57.8  -120.1  -16.3
8.0  -154.4  1526.8  62.7  -105.1  -21.0
21.6  -188.0  1544.8  18.5  -47.6  -7.0
26.8  -173.6  1540.4  24.8  -74.2  -1.2
12.8  -179.6  1514.8  0.2  -86.8  -7.4
-1.2  -200.8  1526.4  61.8  -138.0  -14.1
12.8  -183.2  1534.8  44.4  -102.1  -31.0
94.0  -163.2  1528.8  21.1  -68.3  -4.9
40.8  -179.6  1516.8  18.2  -63.4  15.4
32.4  -187.2  1533.6  -7.9  -53.3  68.9
173.6  -186.0  1613.2  -140.8  -235.6  472.2
332.8  -135.6  1565.6  -533.8  -674.3  1367.0
-520.4  -125.2  1412.4  -40.8  -20.7  813.8
-2263.6  -509.6  1202.8  695.5  -394.2  -2870.3
-1066.8  4.0  1016.0  318.8  1165.4  -3276.8
828.4  948.8  1586.8  1504.5  311.7  -3219.1
1495.2  1459.2  2536.0  23.5  1232.0  -1901.2
1549.6  976.4  2223.6  -268.6  -1409.8  1234.0
762.8  361.6  1689.6  -651.9  -2257.0  3009.6
466.4  242.8  1274.4  -572.3  -1528.0  3276.7
-137.2  151.2  1081.6  145.9  -225.3  3143.6
-839.6  -234.0  1392.8  1073.1  1808.5  1535.9
-959.6  -554.8  1730.0  241.1  861.8  -274.7
-541.2  -373.6  1446.4  -746.9  43.2  -524.3
-151.2  -274.0  1540.0  -22.8  -153.9  -626.3
145.2  -257.6  1580.0  -192.7  -241.2  -462.2
180.4  -290.4  1528.4  -241.4  -168.9  -206.6
152.0  -335.2  1410.4  -52.2  -109.0  -20.5
38.0  -381.2  1443.6  101.4  -53.1  48.1
-35.2  -394.8  1462.4  123.3  6.5  -32.1
-8.4  -380.0  1520.8  85.4  -34.5  -37.5
26.4  -388.4  1508.8  -101.3  -29.0  56.6
30.8  -388.8  1475.6  20.7  -68.0  24.9
7.2  -394.0  1493.2  26.7  -64.4  10.7
4.0  -359.6  1465.2  44.6  -39.5  -13.0
-1.2  -382.0  1504.4  41.7  -49.4  0.2
-16.0  -389.2  1515.2  17.3  -26.9  -4.6
-2.8  -384.4  1477.6  28.4  -76.1  -13.1
10.4  -384.0  1469.2  32.1  -168.9  -44.7
-1.6  -409.6  1440.8  9.2  -120.8  -12.7
0.8  -399.2  1489.6  38.6  -73.7  -19.1
-14.0  -400.0  1488.0  0.2  -65.0  -16.6
2.0  -394.0  1504.0  0.2  -98.1  -41.2
17.2  -396.8  1475.2  54.3  -115.2  -25.3
20.8  -401.6  1490.8  -25.6  -63.6  -16.3
29.2  -393.6  1502.4  39.2  -60.5  23.6
3.2  -421.2  1512.4  -20.9  -65.8  8.3
4.4  -413.6  1476.0  9.8  -78.6  17.3
34.4  -398.8  1453.2  39.4  -61.2  92.6
43.6  -389.6  1446.4  124.1  -55.4  166.4
24.8  -395.2  1503.6  226.8  -106.4  177.7
-9.2  -380.0  1536.4  34.5  -69.3  110.7
-64.8  -384.8  1520.0  0.7  -8.9  15.2
-40.0  -396.4  1502.8  11.3  -40.2  -54.7
25.2  -359.6  1465.6  -2.6  -79.6  -37.6
58.4  -378.4  1473.2  -4.5  -94.3  108.5
-719.2  -370.8  1285.2  243.8  -656.4  -208.7
-1523.6  -594.0  1470.4  1980.8  -2770.1  -3207.3
130.0  486.4  1602.8  -434.0  3276.7  -3276.8
821.2  481.2  1928.8  218.1  532.6  -2488.2
928.8  794.0  2433.6  -24.0  316.8  -813.5
1162.4  560.4  2016.8  -609.2  -945.5  1260.5
597.6  169.6  1536.8  -863.1  -2058.3  2107.5
338.8  168.8  1331.6  -750.4  -1480.5  2771.0
-406.0  -234.4  1422.0  21.4  -730.6  2369.9
-572.0  -297.6  1396.8  97.5  -47.3  1456.9
-646.8  -711.6  1484.4  176.1  1020.9  689.3
-536.8  -641.6  1473.2  216.6  138.6  -140.3
-89.6  -395.6  1454.4  -48.2  116.9  -394.8
190.4  -306.4  1484.0  76.4  181.2  -281.9
196.0  -311.6  1526.8  159.2  27.5  -115.8
162.0  -309.6  1516.0  37.4  68.5  15.8
-12.0  -346.0  1560.4  -36.5  59.2  75.3
-88.8  -383.6  1546.0  6.8  -13.6  18.7
-83.2  -391.6  1482.4  -1.9  -19.1  -39.5
-33.6  -354.4  1482.0  28.4  -13.3  -38.8
-23.6  -356.0  1473.2  111.1  -72.6  -16.7
-19.6  -368.4  1479.2  63.2  -39.5  5.1
-63.2  -350.4  1494.4  155.4  -37.0  -21.3
-77.2  -358.8  1534.4  103.0  -64.9  -15.4
-55.2  -336.4  1556.0  26.8  -104.5  -24.8
-30.8  -321.2  1510.8  6.1  -151.5  -6.6
-42.0  -348.8  1484.4  -43.5  -108.9  8.7
-47.2  -346.4  1454.4  -25.4  -81.5  -14.8
-38.4  -345.2  1489.6  66.6  -64.6  -18.8
-20.8  -351.2  1498.4  55.6  -65.5  -19.6
-23.6  -347.2  1492.0  76.0  -84.6  1.1
-31.6  -340.0  1476.4  63.9  -41.9  -7.2
-35.6  -312.8  1501.2  38.2  -80.5  -5.5
-3.6  -321.6  1508.8  22.5  -87.4  28.1
-10.0  -304.8  1436.8  55.4  -125.5  79.5
-1.6  -282.8  1454.0  182.3  -146.8  160.0
-58.8  -316.4  1502.0  234.0  -25.3  177.7
-96.8  -301.6  1556.0  88.1  4.3  33.6
-43.6  -260.4  1537.2  30.1  -84.8  -1.2
-37.2  -305.2  1496.8  -27.1  -133.0  15.6
-128.8  -316.0  1472.0  -15.4  -240.6  -37.5
-665.2  -419.2  1386.4  453.7  -1365.7  -776.4
-1610.0  -575.2  1347.2  597.5  -217.3  -3276.8
-309.2  388.0  1154.8  475.2  2489.7  -3276.8
674.8  770.8  2229.2  359.8  1090.3  -2367.2
1314.8  1313.2  2268.4  85.2  1071.7  -186.3
861.6  644.0  1990.4  -151.1  -2050.2  1770.7
524.8  -40.8  2353.2  -1041.6  -2244.9  2321.2
198.0  103.6  1291.2  -965.1  -1289.6  2918.2
-404.0  -179.6  1443.2  482.8  -734.6  2192.9
-1077.2  -632.8  1448.8  -179.1  636.8  1404.8
-736.8  -709.6  1444.0  -331.1  1089.5  73.7
-315.6  -526.4  1447.6  147.6  -24.3  -435.0
96.8  -280.0  1595.6  167.4  -80.8  -363.8
214.0  -278.8  1517.2  32.8  -202.2  -218.5
222.8  -274.8  1516.8  174.6  -259.8  35.2
144.4  -336.4  1469.6  10.0  7.7  -49.5
64.0  -328.4  1382.8  152.5  18.3  23.9
94.4  -373.2  1692.4  -23.7  -270.3  19.1
21.6  -309.6  1511.6  372.8  -257.0  42.7
118.0  -364.0  1541.6  -208.0  -37.7  -49.8
182.0  -339.6  1493.2  -238.8  -115.8  -6.6
61.6  -299.2  1465.6  239.3  -36.8  -40.1
63.2  -379.6  1495.6  82.6  9.5  -93.0
160.4  -322.8  1467.2  50.0  40.5  -32.3
104.8  -322.8  1510.0  21.1  -20.7  10.0
83.2  -268.4  1492.8  8.4  18.9  61.5
32.0  -342.8  1542.0  91.9  -27.3  64.9
13.6  -324.8  1519.2  32.8  -45.4  23.7
20.0  -324.8  1494.0  41.9  -81.5  1.4
33.6  -355.6  1498.8  22.4  -104.8  -35.3
66.8  -309.6  1490.8  25.3  -38.4  -21.7
84.4  -311.6  1484.4  61.3  -55.7  -2.2
79.6  -323.6  1523.6  59.4  -39.7  54.1
50.4  -310.8  1525.6  68.4  -38.9  63.1
28.4  -329.6  1526.0  3.6  -52.1  77.3
10.4  -336.4  1469.6  22.2  39.1  162.1
-891.6  -428.4  1413.2  472.6  251.7  -157.1
-1768.4  -689.6  1268.0  1475.7  -711.4  -2015.3
-794.0  104.8  1520.8  703.4  1335.2  -3276.8
903.2  1094.0  1779.2  48.3  439.4  -3276.8
1120.4  1345.2  1982.8  671.2  439.5  -650.2
1082.0  686.8  2060.8  -282.5  -1036.2  1089.9
606.4  403.2  1531.6  -555.9  -1688.6  2226.9
449.6  354.8  1482.8  -565.0  -1123.1  2496.3
-31.6  139.2  1247.2  -560.7  -808.4  2713.1
-817.6  -512.4  1758.0  964.9  217.5  1560.3
-1089.2  -596.0  1360.0  -253.9  940.7  594.5
-483.6  -567.6  1436.4  87.1  -46.8  -192.6
-22.0  -314.8  1422.0  -178.2  237.0  -433.6
162.8  -221.2  1513.2  98.8  200.4  -275.2
115.2  -214.0  1569.6  258.1  -65.6  -121.0
29.6  -231.6  1569.6  85.6  -45.9  -26.9
-10.0  -303.6  1601.2  52.5  -113.3  -95.8
8.0  -206.0  1474.4  9.2  -55.9  -57.3
136.4  -174.0  1462.4  -72.8  57.8  28.6
18.0  -260.0  1496.4  420.3  -395.2  22.4
-30.8  -269.2  1566.4  56.0  -109.1  39.1
20.0  -223.6  1575.6  -170.6  17.7  -10.3
73.6  -209.6  1529.6  -113.3  42.8  85.5
40.4  -285.2  1520.8  -96.3  -138.4  88.9
1.2  -260.8  1456.8  -62.6  -95.7  96.0
-34.0  -320.0  1518.4  68.4  43.2  1.6
11.2  -256.8  1518.8  -37.3  71.9  -7.4
-35.6  -278.8  1478.4  49.4  -65.9  32.7
-43.2  -318.8  1512.0  32.7  -69.4  -13.8
1.2  -287.6  1510.0  21.0  -141.2  -2.0
36.4  -264.0  1504.0  14.9  -116.0  65.9
24.4  -319.6  1522.4  -98.3  -83.3  95.2
39.6  -289.2  1483.6  -22.3  -119.5  166.9
-18.4  -318.4  1482.4  68.6  -56.4  223.5
-62.0  -366.0  1563.6  41.3  -98.7  51.3
-30.8  -314.0  1530.8  48.9  -128.4  -24.1
-4.0  -327.6  1534.0  92.8  -73.8  -25.1
4.8  -310.0  1506.4  -6.0  -31.6  -38.1
-71.6  -324.8  1506.8  -6.2  -10.1  110.1
-150.0  -343.2  1452.4  -13.2  27.7  61.8
-1040.4  -451.6  1232.4  703.1  -244.3  -1117.0
-1011.6  -430.0  1328.0  1887.8  356.9  -2669.9
-429.2  143.2  1515.2  343.7  -321.6  -2809.2
748.8  930.8  2174.8  182.0  428.9  -2271.3
1514.0  1043.6  2246.4  -647.9  88.9  -472.0
1190.8  706.4  1678.4  -599.8  -1433.8  1560.1
380.0  265.6  1338.4  -577.3  -1409.9  2259.2
176.8  89.6  1193.6  -223.0  -684.6  2698.6
-410.8  -300.8  1374.0  411.9  -526.7  1732.8
-391.2  -690.0  1689.6  481.4  573.1  882.5
-526.0  -471.6  1584.4  -15.5  832.9  134.8
-258.4  -353.2  1616.4  -142.9  427.9  -276.5
65.6  -188.8  1564.4  -182.1  261.9  -290.9
172.0  -182.4  1496.8  103.3  36.5  -177.4
118.8  -241.2  1533.2  -1.3  -109.9  -34.6
15.6  -273.6  1493.2  56.7  -98.2  -2.7
-66.8  -288.8  1505.2  96.9  -47.9  -35.6
-30.0  -282.0  1547.2  45.0  -71.0  -69.3
42.4  -240.4  1522.0  -21.9  -82.2  -75.1
35.6  -255.6  1535.6  44.5  -119.5  -17.8
4.0  -261.2  1503.6  39.3  -74.9  13.8
10.8  -267.2  1486.0  51.6  -46.1  -6.4
-47.6  -268.8  1545.6  70.1  -39.4  -26.9
17.2  -246.0  1547.2  43.1  -1.9  -10.7
6.4  -261.6  1501.2  8.6  -39.0  16.0
-3.6  -267.2  1487.6  26.5  -55.2  11.8
-10.8  -279.6  1460.4  38.1  -39.1  22.4
-19.2  -263.6  1527.2  41.2  -45.0  29.2
-22.8  -271.6  1533.2  28.0  -60.3  36.1
-22.0  -267.2  1515.6  11.6  -81.8  22.7
-39.2  -274.8  1519.2  -38.8  0.2  9.9
-33.2  -269.6  1506.0  43.7  -73.2  -16.2
-17.2  -269.6  1502.0  24.6  -58.5  -4.2
-37.6  -271.6  1516.4  35.6  -68.6  -8.4
-28.0  -269.2  1522.4  44.9  -81.9  -6.2
-0.8  -258.4  1510.4  32.8  -63.2  -14.1
-25.2  -272.0  1520.4  10.9  -44.7  -18.1
-24.4  -268.4  1508.4  44.1  -79.4  6.9
-16.0  -270.4  1488.8  40.4  -86.8  -1.7
3.2  -270.0  1462.0  81.8  -89.5  66.6
-135.2  -309.2  1486.8  40.5  108.7  90.4
-1815.2  -811.2  1150.0  380.3  656.9  -995.8
-2225.6  -531.2  906.0  2543.3  -598.5  -3276.8
1593.6  1023.6  1060.0  -1027.1  1939.1  -3276.8
2034.4  1423.2  2066.0  94.5  -807.4  -60.1
547.2  423.6  1904.8  -167.7  -1950.0  2031.4
-253.2  -199.6  1607.2  -692.8  -925.8  1752.1
-76.8  -27.2  1277.6  25.0  -1194.9  1802.8
26.0  -215.6  1311.6  -36.5  -166.2  1693.6
-184.8  -283.6  1376.4  443.1  -32.5  1181.3
-350.8  -403.2  1630.0  236.9  500.3  518.6
-222.4  -333.2  1712.4  159.4  302.7  -62.2
24.4  -162.0  1573.6  -314.1  345.2  -226.0
109.6  -154.8  1508.4  -188.3  99.6  -130.9
29.2  -250.0  1470.8  -41.2  -91.7  -95.0
56.8  -242.8  1459.2  -22.5  -79.0  -123.1
92.8  -253.6  1486.0  16.5  -45.5  -48.8
50.0  -210.4  1539.6  144.9  -95.8  -14.3
67.2  -226.4  1598.0  -16.4  -125.8  -8.2
64.8  -221.6  1495.6  -19.2  -110.0  42.4
6.8  -259.2  1448.8  34.0  -95.9  12.7
31.6  -262.8  1472.4  77.8  -31.3  -18.7
59.6  -218.8  1547.2  112.2  -53.1  -12.5
65.2  -226.0  1591.6  71.5  -88.7  19.6
46.4  -240.0  1548.8  10.5  -132.2  47.7
19.2  -257.6  1496.0  -15.1  -88.2  -7.6
26.0  -254.4  1442.4  29.4  -76.4  -18.9
62.8  -234.0  1511.6  64.9  -45.7  -27.9
74.0  -217.2  1548.0  72.1  -102.2  -15.2
42.8  -226.0  1528.4  28.3  -55.9  0.3
30.0  -250.0  1496.0  9.8  -56.8  -4.7
58.0  -230.8  1522.0  50.0  -62.5  0.7
85.6  -222.0  1516.8  47.0  -52.8  34.4
70.4  -244.8  1542.0  30.5  -70.2  24.4
30.8  -247.6  1528.0  50.5  -83.7  15.1
25.2  -218.8  1528.8  52.3  -86.2  -20.9
39.2  -211.2  1538.0  6.2  -51.0  -16.3
-55.2  -227.2  1647.6  -1.4  -215.5  -46.2
-946.4  -448.4  1747.2  238.4  -569.6  -457.1
-1840.4  -812.0  1370.4  388.6  -742.1  -2790.7
37.6  425.2  618.8  622.8  977.3  -3276.8
1273.6  1527.6  2426.8  210.0  1047.9  -2634.3
2513.2  1507.6  2702.8  -881.6  440.5  585.7
1029.6  659.6  1510.8  -896.8  -2594.3  2530.4
254.4  304.0  974.0  -193.6  -1399.8  3003.2
-536.8  -351.2  1033.6  804.0  -735.3  2423.9
-869.6  -256.4  1395.2  768.8  680.7  1181.9
-732.8  -596.0  1731.6  671.9  523.2  178.1
-94.4  -310.0  1785.2  -242.4  894.2  -450.8
156.8  -52.4  1669.6  -12.3  197.4  -309.9
208.0  -103.2  1565.2  -40.0  -18.3  -110.8
165.6  -180.0  1473.6  -10.0  -14.1  20.6
-2.4  -224.4  1496.4  81.5  -71.8  33.1
-46.0  -217.2  1562.8  78.6  -9.6  12.4
12.0  -207.2  1544.4  42.9  -29.0  -9.9
38.4  -192.4  1526.8  36.1  -49.1  -24.7
44.4  -184.0  1521.6  20.7  -64.6  -11.7
30.4  -196.4  1499.6  42.7  -81.7  20.8
1.6  -208.8  1462.0  78.5  -148.9  25.6
24.8  -184.8  1510.0  143.6  -100.1  72.1
29.6  -179.2  1545.6  79.9  -18.7  22.3
8.0  -173.6  1582.4  36.6  -12.2  10.8
10.4  -199.6  1486.8  4.6  19.1  -15.3
-11.2  -174.4  1470.4  45.1  109.9  -59.9
-9.6  -158.8  1555.6  115.1  -8.3  -20.3
-12.0  -153.6  1611.2  37.1  -68.9  0.3
-25.6  -164.0  1510.8  -9.8  -111.6  20.6
-50.4  -207.6  1455.2  5.9  -76.3  6.2
-25.2  -184.4  1503.6  76.6  -14.5  -10.1
-22.4  -148.0  1544.4  68.6  -45.1  0.8
22.4  -154.4  1554.4  15.1  -81.8  40.9
73.6  -145.6  1544.8  -49.9  -114.1  174.5
194.4  -141.2  1484.0  -150.7  -155.6  497.9
-1788.4  -175.2  1095.6  1463.3  -1946.1  451.1
-1994.4  -959.2  2278.4  -144.7  -204.0  -2798.5
226.8  1278.8  851.6  -940.6  822.9  -3276.8
1568.8  1493.2  2472.8  -87.5  1488.7  -2787.4
2062.8  1268.0  2633.6  -345.2  354.5  680.0
787.2  519.6  1590.8  -508.0  -2003.9  2153.4
527.6  494.4  1199.6  -532.4  -1178.2  2651.5
-146.8  183.2  1352.4  702.9  -1057.3  2917.8
-532.8  -39.2  1496.8  415.5  154.1  1915.6
-988.4  -496.0  1916.8  437.1  576.1  697.9
-317.6  -402.8  1666.0  -365.8  524.0  -96.1
-26.4  -158.8  1522.0  -217.1  78.5  -281.6
203.2  -98.8  1529.6  -152.1  140.3  -243.8
243.6  -122.4  1488.8  -120.1  51.5  -109.2
165.2  -171.2  1502.4  -41.8  -114.7  -43.1
51.2  -217.2  1498.0  7.0  -27.1  5.5
25.6  -216.4  1498.8  11.0  -8.7  -47.5
88.4  -193.2  1522.8  90.4  -66.4  -22.7
92.0  -210.0  1526.8  57.9  -59.5  -40.1
120.4  -190.0  1497.6  1.4  -86.6  23.7
67.6  -194.8  1524.4  38.6  -81.6  48.1
66.8  -198.4  1492.8  2.5  -37.2  1.7
61.2  -201.2  1512.4  44.8  -9.0  8.8
62.0  -202.0  1525.6  40.2  -35.9  -7.7
80.0  -199.2  1535.6  24.0  -63.0  -1.6
83.2  -226.8  1530.4  40.0  -53.3  15.7
77.6  -204.8  1486.4  46.6  -48.8  35.8
74.0  -211.2  1499.6  64.6  -34.9  34.7
75.6  -194.8  1544.8  65.2  -52.7  41.7
30.0  -176.0  1528.0  68.4  -59.1  10.3
76.4  -196.8  1550.4  37.6  -48.0  4.6
61.2  -195.6  1546.4  27.3  -80.9  9.5
18.8  -198.8  1485.6  38.5  -57.3  19.5
-1691.6  -493.2  1405.6  583.8  399.3  -833.2
-930.4  -534.8  1362.0  270.5  332.0  -2169.2
-600.0  148.4  1344.4  662.7  708.1  -3276.8
977.2  1356.0  2224.0  544.1  592.3  -2808.9
2134.4  1301.2  2788.0  -613.0  341.7  136.1
670.8  508.0  1567.6  -665.8  -2493.2  2126.1
400.4  206.8  1182.0  -319.5  -1373.7  2440.9
-101.6  85.6  1177.2  456.2  -1111.9  2465.4
-96.8  -956.4  2160.8  684.0  96.2  1518.9
-721.2  -439.2  1569.6  597.1  931.3  917.4
-474.4  -420.4  1720.4  -234.5  630.3  -21.7
-180.0  -95.2  1629.6  -192.2  246.5  -182.3
90.0  -137.6  1628.4  -229.4  213.0  -228.5
117.6  -170.0  1488.8  -178.6  -68.2  -73.4
3.2  -220.8  1403.6  19.4  -115.4  -17.9
-64.0  -237.2  1446.8  122.5  -100.0  -57.9
-32.8  -244.8  1539.2  73.9  -79.8  -91.2
21.6  -203.6  1608.8  28.3  -94.5  -54.9
54.0  -176.8  1532.0  -12.4  -62.9  -2.8
-4.0  -220.4  1486.0  22.3  -118.4  0.6
-30.8  -230.4  1495.6  56.3  -95.3  12.0
6.0  -225.2  1489.6  84.7  -124.2  -7.8
21.6  -218.8  1547.2  7.9  -29.2  16.7
8.8  -221.6  1523.6  15.7  -103.7  -7.4
12.8  -214.0  1518.4  3.4  -59.0  -3.8
-3.6  -227.2  1518.4  11.5  -60.7  -4.7
3.6  -221.2  1496.8  49.9  -115.8  -8.1
15.6  -217.2  1463.2  90.4  -164.0  -28.8
28.4  -240.0  1560.0  52.4  -83.7  -12.7
26.4  -212.4  1551.6  26.5  -66.8  3.5
-805.6  -300.8  1436.8  163.3  24.2  -302.3
-1722.0  -925.6  1514.8  831.2  -440.4  -1757.8
-688.8  236.4  966.0  515.2  410.1  -2990.5
544.8  1208.0  1826.0  947.8  886.8  -3029.3
1920.8  1364.4  2830.4  -140.2  1273.8  -1086.8
1383.2  683.6  2060.4  -666.8  -1947.4  1282.3
579.6  337.2  1270.0  -948.8  -1966.1  1964.7
310.8  225.6  1096.4  -79.0  -1183.0  2266.5
-276.0  -134.0  1406.8  217.7  229.5  2066.5
-867.2  -376.8  1579.6  748.0  80.2  1257.0
-689.6  -463.2  1615.6  -480.8  895.7  135.7
-301.6  -303.6  1500.8  183.1  227.3  -216.5
38.4  -236.8  1673.2  57.7  306.6  -365.6
137.2  -200.4  1559.2  -57.2  -17.8  -247.2
137.6  -151.6  1515.6  26.6  -111.6  -107.3
95.2  -208.4  1511.2  -4.0  -60.8  25.0
27.2  -243.6  1466.8  43.1  -67.2  85.1
-48.0  -256.8  1487.2  96.5  -28.2  88.9
-67.2  -260.8  1556.4  96.5  9.4  17.7
-62.8  -233.2  1561.2  55.5  -61.1  -5.1
-37.6  -210.8  1524.0  34.5  -69.9  -2.5
35.2  -226.0  1506.4  22.4  -35.9  -1.9
-23.6  -227.6  1548.4  6.9  -9.9  79.3
-54.0  -206.0  1511.6  51.0  -83.0  -9.5
3.2  -221.2  1542.0  44.0  -67.9  4.3
7.2  -211.2  1523.2  8.1  -74.2  24.4
-36.8  -225.2  1510.4  10.0  -78.4  32.3
-14.8  -245.6  1520.8  91.4  -114.8  68.6
-37.2  -248.8  1531.2  67.9  -111.2  58.3
-26.4  -241.2  1496.0  52.3  -80.7  51.1
-60.4  -234.4  1449.6  92.1  -65.5  18.5
-1264.0  -258.0  1340.4  779.8  -426.0  -396.2
-1862.4  -636.0  1550.4  1399.6  -332.3  -2122.9
-257.2  424.8  1092.8  149.7  -81.7  -3276.8
957.2  1191.6  1917.2  358.4  866.7  -2842.3
1763.6  1404.8  2361.6  -315.2  1000.4  -853.8
1165.2  777.2  2021.2  -400.1  -1682.8  1625.4
673.6  490.4  1504.0  -587.7  -1688.0  2408.5
398.0  474.8  1102.8  -325.0  -1267.9  2575.4
-238.4  97.6  1257.2  -129.2  205.1  2181.5
-1112.0  -388.8  1654.0  523.5  216.0  1196.3
-528.0  -593.2  1663.6  -350.1  875.9  181.3
-150.8  -318.4  1438.4  -140.9  284.9  -177.7
-25.6  -168.0  1525.6  119.7  156.6  -151.4
172.0  -202.8  1646.0  35.2  78.2  -162.5
106.4  -203.6  1530.8  -22.2  -43.4  -34.8
78.8  -222.8  1503.2  50.8  -29.7  9.9
73.2  -205.2  1526.4  48.3  -26.5  48.2
-4.4  -211.2  1541.6  -16.6  -71.6  8.1
32.0  -223.6  1484.4  24.8  -115.8  24.0
112.8  -238.8  1532.8  54.7  -88.8  91.9
90.0  -166.4  1477.6  95.4  -82.8  148.3
53.6  -162.8  1524.0  188.2  -124.2  221.6
-24.4  -229.6  1571.2  112.8  -155.9  115.7
-50.4  -229.2  1571.6  -19.9  -64.2  6.1
40.4  -190.0  1518.0  -12.0  -34.1  -68.4
81.6  -218.4  1515.2  -3.5  -123.4  -29.6
64.0  -222.4  1506.4  6.3  -84.8  -21.9
58.0  -212.8  1474.0  56.7  -95.6  10.3
-97.2  -251.2  1467.2  87.4  -7.7  -25.0
-2289.2  -727.2  1341.6  1114.3  -190.5  -1299.3
-1354.8  -382.0  1239.2  432.2  666.3  -3276.8
-62.8  1534.8  1097.2  566.1  92.1  -3276.8
1284.0  1662.8  2369.6  600.6  964.4  -2708.1
2408.8  1289.2  2135.6  -615.4  -627.3  723.3
738.0  469.2  1472.8  -207.4  -1981.5  2420.5
588.0  445.2  1263.6  -262.9  -1040.6  2584.0
-295.6  183.2  1428.8  283.9  -595.5  2373.6
-659.6  -152.8  1424.8  210.1  339.2  1597.4
-688.8  -378.4  1594.4  -49.1  1174.9  596.9
-512.0  -476.8  1669.6  14.5  281.7  19.0
-80.4  -150.4  1649.6  5.1  -75.2  -204.0
197.2  -77.6  1593.6  -60.5  -141.4  -102.6
177.6  -142.0  1526.4  -55.3  -169.6  51.1
101.2  -164.4  1445.6  7.0  -114.5  78.3
20.4  -252.8  1516.4  69.0  18.0  57.8
-2.8  -189.2  1522.0  32.3  11.2  -28.4
29.6  -188.8  1548.4  66.5  -36.0  -8.0
27.6  -165.2  1554.0  19.3  -43.8  -19.6
53.2  -163.6  1477.2  33.2  -89.9  -42.5
49.6  -173.6  1514.0  61.7  -52.5  0.8
49.6  -174.4  1510.4  67.7  -30.9  18.6
44.0  -164.4  1528.8  79.2  -55.4  22.9
36.0  -143.6  1499.2  107.6  -95.1  34.8
-70.4  -161.2  1442.8  241.0  -18.2  22.2
-1648.4  -303.6  1328.4  1588.4  -373.0  -759.6
-1723.6  -562.4  1499.2  867.8  64.0  -1842.7
-100.8  795.6  1455.2  -145.3  -170.7  -3276.8
1742.4  1767.6  2337.2  -505.5  1119.4  -2560.5
1736.4  988.0  1983.6  -210.8  -738.8  1110.9
576.8  294.8  1219.2  -184.4  -1489.4  2093.5
299.6  250.4  1208.0  -3.3  -373.0  2106.3
-317.6  119.6  1294.8  -121.1  219.5  1534.5
-521.6  -47.2  1409.2  161.9  45.1  1017.2
-816.4  -361.2  1498.4  368.7  341.1  624.7
-370.0  -248.8  1623.2  60.8  37.1  33.3
-189.6  -126.4  1514.8  -114.5  84.1  -112.0
16.4  -53.6  1544.8  -41.9  -77.3  -45.4
75.6  -72.8  1560.0  -157.4  -125.4  -108.8
92.4  -67.6  1465.6  -58.4  -272.2  34.4
82.8  -91.6  1463.6  10.2  5.0  89.0
-56.0  -174.0  1610.0  61.0  -129.8  60.6
14.8  -123.6  1582.8  93.3  -37.7  24.3
-15.2  -112.0  1517.2  96.5  -37.2  -32.9
34.8  -95.2  1502.8  192.2  143.5  45.5
11.6  -54.4  1517.6  87.3  20.8  44.8
-75.2  160.0  1497.2  133.4  -167.0  66.9
15.2  -76.8  1590.8  117.6  -89.6  31.1
-70.0  -56.4  1529.6  75.6  -196.8  92.1
11.6  -67.6  1510.4  46.0  -255.9  39.6
11.6  -50.8  1563.6  41.0  22.9  141.3
16.4  -50.4  1540.0  25.6  -26.1  -47.1
-4.4  -47.2  1527.2  63.6  -44.5  -35.7
15.2  -54.8  1559.6  130.8  -114.0  -75.2
25.2  -32.0  1548.0  40.0  -159.7  -103.3
33.6  -38.8  1548.0  5.5  -170.2  -69.5
32.0  -38.4  1526.8  -3.4  -46.2  22.5
58.0  -53.6  1533.6  6.1  -61.6  10.6
65.6  -48.4  1545.6  -58.4  -90.7  5.3
70.0  -70.0  1534.0  -33.2  -67.3  2.5
43.6  -53.6  1546.4  -76.4  -9.7  -55.2
-12.4  -77.2  1559.2  -33.3  -20.2  -32.4
26.8  -84.8  1560.4  -48.1  -49.7  -34.6
52.0  -127.2  1550.8  -148.2  -51.9  -61.3
11.6  -106.0  1485.2  -138.5  -38.7  -102.2
25.6  -146.8  1474.8  28.5  -79.2  13.4
16.4  -144.0  1508.4  13.3  142.3  23.6
-140.4  -158.8  1708.0  331.0  174.4  -50.8
-822.0  -241.6  1496.8  478.7  360.3  -196.2
-1320.8  -482.4  1601.6  933.6  -501.6  -1170.2
-705.6  57.2  1241.2  454.3  -510.7  -2110.5
23.6  496.4  1022.8  158.9  -62.4  -2625.3
928.4  1106.8  2089.2  469.8  1381.7  -2213.6
1629.2  1070.8  2329.6  -227.8  -472.4  37.0
742.0  519.6  1500.4  -269.9  -1562.7  1870.9
578.0  440.0  1281.2  -219.7  -628.4  2171.9
192.0  405.6  1213.2  -337.3  -245.0  1737.8
-362.0  90.4  1507.2  -4.9  81.2  1674.5
-789.2  -338.4  1548.0  -22.3  200.4  1349.4
-786.4  -442.8  1800.0  345.6  361.2  564.5
-229.2  -200.0  1440.4  -83.1  178.3  -261.9
-37.6  -9.6  1573.6  313.2  -48.8  -194.9
87.6  16.4  1656.0  68.6  -30.3  -153.4
60.0  41.6  1550.0  -44.9  -67.5  -23.7
57.6  -41.6  1487.6  4.2  -146.0  32.0
54.4  -38.8  1548.0  -54.9  -321.9  75.2
72.8  -36.4  1582.4  97.9  -306.3  8.1
63.2  -27.6  1515.6  50.7  -66.7  12.7
68.8  -6.0  1543.6  64.3  -17.5  -20.1
60.8  -38.0  1525.2  73.0  -9.5  -91.6
87.2  -19.6  1532.4  79.7  -78.2  -113.4
120.0  7.2  1556.8  107.2  -65.1  -88.6
91.6  12.8  1519.6  66.7  -31.8  -24.8
76.0  -10.8  1512.8  100.0  -97.4  -16.2
60.8  -12.8  1536.8  21.9  -43.0  -24.7
100.4  -4.8  1544.8  35.1  -103.8  -62.7
79.6  0.0  1530.4  -24.9  -9.2  -11.5
74.8  -2.8  1512.8  -21.5  -59.4  -31.5
71.6  -6.4  1536.0  -14.0  -13.9  15.6
78.0  -7.6  1532.4  1.6  -41.7  -12.7
70.4  -10.0  1522.8  31.4  -72.1  4.5
87.6  -16.8  1561.2  27.5  -25.7  -22.0
33.2  -10.8  1540.0  10.7  43.3  -5.3
56.0  -17.2  1538.4  12.2  -26.4  -5.4
76.4  -22.0  1542.8  27.1  -31.8  -17.4
36.8  -7.2  1546.4  36.1  -72.4  -26.9
50.4  -22.4  1524.8  50.6  -63.9  -42.4
51.2  -11.2  1550.0  20.6  -63.4  -13.8
56.8  -15.2  1558.0  25.3  -72.7  13.8
-329.2  -86.8  1511.2  171.4  -116.7  50.7
-1569.6  -402.8  1713.2  1159.1  -620.0  -75.8
-855.6  -71.6  1316.0  46.2  173.8  -1681.8
-310.0  466.4  996.4  188.5  -57.2  -2712.7
1023.6  1360.4  1901.2  69.0  1050.0  -3276.8
1936.8  1122.8  2401.6  -242.3  -69.2  -479.4
933.6  563.2  1659.6  -464.3  -1749.1  1802.7
510.8  376.8  1241.6  -102.6  -975.2  2077.2
330.8  471.6  1311.6  -194.1  -69.3  1933.8
-254.0  145.6  1542.4  -242.9  188.1  1689.2
-782.0  -56.4  1516.8  -112.8  69.4  1419.3
-506.4  -636.8  1125.2  -97.1  0.1  425.5
-384.0  -226.4  1481.6  114.0  -385.1  117.8
-116.4  -142.0  1582.0  -81.6  229.1  -202.3
136.8  -74.0  1594.8  -159.5  -4.8  -290.7
171.6  -67.2  1520.4  -99.4  -21.4  -112.7
135.6  -133.6  1470.4  -15.6  -67.9  -3.9
27.2  -142.4  1460.4  73.0  -54.5  5.7
36.0  -143.6  1512.0  97.0  20.4  0.3
68.4  -119.6  1529.2  69.4  -46.5  -49.1
66.0  -114.8  1544.8  125.1  -80.9  -26.5
66.0  -94.8  1539.6  72.4  -41.6  -23.2
53.6  -103.2  1566.8  38.8  -42.2  16.3
26.8  -110.8  1537.6  89.4  -59.4  1.2
54.8  -102.4  1544.0  23.4  -56.5  -29.3
47.6  -122.8  1544.4  46.1  -84.9  -26.3
64.0  -111.2  1524.0  4.9  -46.1  -15.8
56.8  -112.8  1507.2  21.8  -29.9  -15.2
46.4  -104.4  1522.0  64.6  -57.8  -12.0
66.0  -101.2  1561.6  69.4  -75.6  -18.9
39.6  -94.0  1532.0  49.4  -80.3  -23.0
73.2  -106.0  1523.2  41.4  -69.6  -18.6
56.4  -121.2  1532.0  54.8  -53.6  -16.5
52.8  -94.0  1549.2  101.7  -24.9  -6.7
46.0  -87.6  1512.0  33.0  -56.7  -24.7
25.6  -89.2  1543.2  50.9  -58.9  -7.0
68.8  -90.8  1515.2  -12.8  -40.3  -14.0
35.2  -77.2  1520.0  37.8  -69.1  24.9
27.2  -92.4  1536.0  37.3  -60.0  12.9
31.2  -80.8  1537.2  54.1  -90.1  44.3
44.4  -68.4  1580.0  101.8  -233.6  123.6
-58.4  -110.8  1608.4  108.0  -314.7  154.7
-538.0  -164.0  1512.4  150.1  -224.4  -107.1
-1666.4  -545.2  1528.0  455.8  466.2  -1328.0
-1174.8  -18.0  998.4  416.8  314.1  -2966.1
-13.6  1278.8  1329.2  738.4  1128.6  -3276.8
2520.0  1772.0  3224.4  343.4  1766.5  -1928.6
1290.4  969.2  1798.8  -240.0  -2311.1  2162.5
158.4  194.4  1450.8  -62.1  -1461.2  2324.4
487.6  536.8  1408.0  -215.3  -777.5  2095.8
-324.4  234.0  1525.6  -167.0  198.8  1835.8
-210.0  -38.4  1574.0  -500.4  -481.6  1569.8
-848.0  -517.6  1730.4  541.3  329.8  1436.4
-412.4  -280.0  1552.4  260.7  95.7  380.9
-55.2  -36.8  1530.4  -277.1  -87.4  -111.2
49.6  -92.4  1504.0  -91.4  47.9  -139.3
144.4  -138.0  1488.0  -119.8  26.0  -186.6
134.8  -105.6  1466.0  -18.8  13.4  -112.7
147.6  -103.6  1524.0  141.1  -20.8  0.8
78.4  -181.2  1650.8  45.0  -16.2  -33.8
32.4  -135.6  1540.8  47.2  -73.4  -20.7
70.0  -136.8  1519.6  27.4  -43.8  -2.9
83.2  -108.8  1525.2  60.4  -86.9  -15.8
74.8  -105.6  1554.8  15.7  -48.9  -20.6
70.0  -120.8  1548.8  38.0  -72.1  -24.0
67.6  -126.4  1531.2  30.7  -64.4  -16.4
60.0  -114.4  1524.4  78.9  -99.8  -22.2
84.8  -123.6  1526.0  38.2  -74.6  -8.7
85.6  -117.2  1515.2  33.1  -72.2  -5.6
51.2  -152.8  1524.4  41.2  -64.4  -21.8
74.0  -115.6  1531.2  43.8  -83.9  -7.1
84.8  -114.8  1555.2  35.0  -57.5  -4.9
84.4  -111.6  1533.6  41.7  -71.3  -3.6
74.4  -119.2  1510.8  65.2  -97.6  -13.0
91.2  -113.6  1507.6  58.2  -68.5  -20.7
76.0  -109.2  1518.8  81.5  -77.7  -10.9
82.0  -105.6  1565.2  41.5  -65.5  -9.8
65.2  -102.4  1526.4  32.5  -67.9  3.3
96.4  -80.4  1520.0  40.1  -81.4  -9.3
74.8  -99.6  1526.4  38.6  -63.3  -12.2
75.2  -96.4  1560.8  43.8  -72.8  -3.5
89.6  -120.8  1532.4  34.1  -65.3  4.8
97.2  -104.8  1517.2  56.6  -80.7  10.8
61.6  -98.8  1509.2  39.4  -65.3  -4.2
66.0  -94.8  1516.4  51.0  -59.2  -3.5
59.2  -100.4  1543.6  37.4  -58.6  -38.3
81.2  -81.6  1534.0  26.4  -65.1  -3.8
78.4  -90.0  1528.0  34.7  -42.7  -2.9
52.0  -84.0  1511.2  48.6  -96.0  -10.4
54.0  -84.0  1550.0  60.0  -70.9  -13.7
71.2  -91.2  1534.4  36.6  -46.2  -22.7
85.2  -92.8  1552.8  14.4  -54.5  13.0
92.4  -77.2  1560.8  -17.9  -48.5  33.7
108.8  -100.4  1530.4  -18.6  -29.8  33.6
53.6  -129.6  1447.6  26.3  -42.8  47.6
-1165.6  -10.0  1416.0  964.3  -802.5  34.5
-1674.0  -611.2  1488.8  701.3  531.1  -1442.4
-193.2  572.8  1389.2  405.6  206.1  -3256.8
922.4  1396.4  1992.8  136.3  736.6  -3194.2
1872.0  1048.8  2314.0  -408.1  525.3  -756.1
1281.2  519.2  1726.4  -688.7  -1813.3  1287.0
714.8  420.0  1246.4  -323.4  -1203.6  1936.3
310.4  332.0  1311.2  -215.7  -553.3  1840.0
-227.2  213.6  1214.4  -214.2  -188.5  1775.2
-774.4  -105.2  1446.4  98.2  903.9  1366.6
-826.0  -617.6  1667.6  716.7  -59.6  478.3
-345.2  -287.6  1659.2  -149.4  141.4  -126.1
-76.8  -59.6  1566.0  -152.8  54.1  -277.8
120.4  -111.2  1632.8  -113.1  108.5  -182.4
69.6  -103.6  1487.6  -39.5  -110.4  -57.0
68.8  -144.4  1486.8  28.2  -74.0  -9.8
17.6  -168.0  1503.2  36.8  -43.1  -19.5
-43.6  -178.4  1528.4  138.0  -175.2  -4.9
77.2  -136.4  1579.2  -33.4  -15.0  -49.3
50.0  -93.2  1394.0  296.4  -259.8  5.2
30.8  -165.2  1524.8  138.3  3.9  35.8
44.4  -74.8  1578.4  90.5  -92.9  -47.1
40.0  -93.6  1582.0  53.8  -35.2  -1.2
14.8  -92.4  1467.2  -13.4  -117.9  -5.4
30.8  -104.0  1454.4  105.5  -21.6  -16.7
84.4  -73.6  1526.0  77.3  20.1  -64.8
63.6  -68.8  1577.6  -22.0  -7.7  -41.4
18.8  -53.6  1519.6  -29.2  -21.2  -22.6
-50.4  -127.2  1534.4  59.0  -37.8  1.9
-20.8  -109.6  1532.4  11.0  16.5  -42.5
9.2  -92.4  1518.0  50.4  -46.8  -40.0
13.2  -96.8  1558.4  37.8  -57.7  -17.3
24.8  -117.6  1548.0  -2.8  -48.8  -13.6
-11.6  -93.2  1534.4  15.1  -86.8  -11.1
6.0  -107.6  1518.0  -16.9  -11.7  -13.6
0.0  -100.4  1530.8  30.2  -110.4  34.7
-4.4  -88.8  1524.8  49.2  -85.3  52.3
-32.0  -104.8  1509.2  21.9  -94.7  9.7
-22.0  -120.4  1517.2  34.8  -68.0  1.7
-2.8  -106.8  1529.6  41.1  -62.2  -10.9
0.4  -117.2  1518.4  -15.8  -21.9  -7.1
-806.8  -204.8  1398.0  272.0  307.2  -268.2
-1715.2  -702.8  1170.8  741.1  382.5  -1588.0
-928.0  52.8  1346.8  698.2  701.5  -2766.1
323.2  903.2  1868.0  747.1  -165.2  -2573.2
940.0  909.2  2545.2  139.6  763.7  -1220.1
1175.2  702.0  2014.4  -262.8  -843.1  702.1
565.6  434.8  1450.0  -540.9  -1467.7  1573.6
288.4  374.4  1509.6  -460.6  -1038.0  1954.4
-84.8  186.0  1230.0  -515.5  -560.2  2211.2
-369.2  -86.0  1268.4  333.7  -224.3  1798.1
-786.0  -420.8  1645.6  823.3  349.4  1050.3
-651.2  -361.2  1740.4  26.5  826.3  49.5
-273.2  -153.2  1552.4  -142.5  47.3  -220.7
-62.8  -46.4  1544.0  -128.8  173.9  -272.0
38.0  -75.2  1530.4  50.4  -120.9  -154.3
50.4  -138.8  1588.4  -164.2  -79.7  -14.9
-42.8  -76.4  1466.0  -1.3  -313.4  67.7
-79.2  -202.4  1485.2  4.4  -26.6  -13.0
-80.4  -172.4  1496.8  73.2  -46.9  -44.0
-12.0  -138.8  1539.2  68.2  3.7  -77.3
-35.6  -122.0  1529.6  -126.2  213.1  -156.9
-86.0  -146.0  1516.0  -48.7  32.0  42.5
-150.8  -200.4  1526.4  74.6  -54.2  -25.0
-106.8  -164.8  1529.2  35.4  -45.0  -51.0
-99.6  -158.8  1518.8  68.2  -77.3  -48.9
-65.2  -152.8  1505.6  30.1  -78.8  -49.6
-67.6  -147.2  1525.6  48.2  -84.1  -22.0
-75.6  -158.0  1524.0  27.2  -40.4  -51.1
-96.4  -159.2  1517.2  49.9  -74.4  -15.5
-84.8  -150.8  1529.2  58.3  -58.7  1.2
-95.2  -146.0  1540.4  29.7  -39.8  -5.6
-79.6  -145.2  1518.0  23.5  -46.7  4.4
-77.6  -177.6  1512.4  40.3  -60.3  25.4
-84.8  -138.0  1510.8  57.2  -49.2  -10.4
-85.2  -150.0  1560.8  75.2  -39.0  -3.3
-104.8  -138.0  1543.6  35.4  -44.7  3.2
-104.0  -154.0  1546.0  4.9  -47.2  15.2
-123.6  -146.4  1504.0  10.4  -79.5  2.6
-90.8  -130.0  1490.8  26.0  -81.6  10.9
-99.2  -147.2  1503.2  27.0  -81.4  20.9
-110.8  -142.0  1526.4  56.3  -94.2  29.1
-85.6  -134.8  1537.2  19.2  -79.2  24.7
-98.0  -154.0  1500.8  47.3  -101.9  44.9
-88.8  -136.0  1512.4  77.4  -84.4  36.4
-107.6  -166.4  1514.0  93.4  -31.1  10.8
-183.2  -139.2  1479.2  174.7  -28.0  -36.8
-206.4  -123.2  1544.4  165.7  29.2  -56.4
-852.4  -183.6  1468.4  518.7  -479.6  -298.4
-1565.6  -725.6  1270.8  670.8  -141.9  -1534.4
-878.0  174.4  1156.8  943.1  -946.4  -2828.2
315.6  1436.0  1740.4  683.6  959.9  -3276.8
2053.6  1294.8  2829.2  60.8  769.8  -1161.0
1272.8  739.2  1863.2  -708.6  -1500.2  1480.4
453.2  366.0  1376.0  -242.6  -1345.8  2053.8
366.4  319.2  1384.4  -503.8  -447.4  1694.2
-310.4  149.2  1362.4  -543.7  13.4  1621.6
-813.2  -203.2  1431.2  -60.3  140.4  1468.7
-762.8  -386.0  1408.0  -167.6  630.5  748.2
-490.4  -437.6  1457.2  95.9  13.0  100.7
-225.6  -254.0  1544.0  -41.8  48.3  -215.2
-25.6  -139.6  1590.8  6.2  -1.5  -151.9
26.8  -137.2  1525.2  7.5  -59.2  -78.3
39.2  -142.4  1470.4  53.9  -76.6  -1.4
-42.8  -155.2  1482.0  99.4  -77.7  16.0
-70.8  -167.2  1518.8  103.1  -43.3  17.8
-74.4  -159.2  1538.8  134.6  -39.1  -7.7
-72.0  -128.0  1588.4  96.8  -40.7  -14.9
-63.6  -131.2  1572.0  47.5  -86.8  -16.7
-42.4  -129.6  1528.0  -0.4  -95.5  -26.4
-46.8  -152.0  1463.2  -10.7  -47.2  -5.9
-30.4  -134.8  1508.0  83.5  -73.0  21.8
-40.0  -140.0  1549.2  102.3  -69.1  29.6
-40.4  -107.6  1573.6  62.4  -75.6  40.5
-46.4  -130.4  1579.6  -9.8  -59.1  27.5
-30.0  -138.8  1502.8  -11.5  -86.8  14.0
-36.4  -141.2  1496.0  26.2  -86.1  29.6
-50.0  -148.8  1475.6  31.8  -59.1  14.1
-53.2  -130.0  1527.2  66.4  -75.5  24.6
-43.6  -127.6  1540.8  55.3  -73.8  37.3
-41.6  -125.6  1510.8  53.6  -109.2  56.2
-45.2  -121.2  1536.0  90.6  -240.5  96.4
-50.0  -141.6  1524.4  35.2  -79.4  59.3
-57.6  -124.8  1492.8  56.4  -68.5  31.6
-138.0  -194.8  1470.8  47.8  105.4  -30.5
-1370.8  -506.0  1254.0  617.2  90.2  -802.3
-1175.2  -364.4  1172.4  631.0  169.4  -2321.3
-580.0  585.6  1406.0  1027.0  -340.7  -3059.5
296.0  920.8  1681.2  500.3  743.4  -2376.8
1070.0  1164.8  2181.6  195.7  1005.9  -1250.2
1160.4  675.2  2117.6  -350.0  -1095.4  731.4
301.2  433.2  1657.6  -775.3  -1471.2  1384.5
206.4  475.2  1575.6  -564.5  -1157.5  1881.0
331.2  384.4  1271.6  -657.3  -1092.5  2363.4
-304.4  7.2  1230.4  47.8  -179.0  2154.7
-562.8  -473.6  1621.2  10.9  161.0  1333.4
-1063.2  -703.6  1588.4  551.8  150.1  614.2
-405.2  -496.8  1485.6  -319.1  160.5  -292.5
59.6  -182.4  1402.8  -85.1  26.0  -391.9
190.0  -165.6  1509.6  131.7  82.1  -168.6
132.8  -189.6  1517.6  47.3  -16.5  -119.5
83.6  -193.6  1495.6  87.0  43.0  -29.7
33.6  -194.8  1550.8  85.9  69.1  -16.4
-11.2  -193.6  1600.8  79.7  -32.2  25.8
-29.6  -215.2  1555.6  -32.4  1.1  39.4
16.4  -234.8  1463.2  -55.8  -93.7  -34.9
15.2  -210.4  1482.0  23.8  -72.6  13.4
10.8  -220.4  1514.8  17.6  47.6  -31.3
-14.0  -198.4  1521.2  9.0  -8.8  14.9
-48.8  -265.6  1550.4  28.4  -66.8  23.6
-14.8  -199.6  1472.8  53.2  -126.4  -20.1
-1.6  -245.2  1508.4  30.7  -48.6  2.9
20.8  -252.4  1542.4  15.3  -49.1  5.3
-23.2  -216.8  1483.6  37.1  -64.3  2.9
-26.8  -239.2  1532.4  113.2  -62.7  18.0
-38.8  -242.4  1518.4  100.7  -45.0  -11.1
4.0  -206.8  1540.4  87.0  -26.4  -16.8
-51.2  -186.8  1530.8  82.5  -73.4  -18.9
-44.0  -186.0  1540.8  41.5  -65.1  -22.4
-14.0  -193.2  1536.0  19.4  -67.4  2.3
-20.4  -199.6  1494.4  21.5  -115.2  13.9
-19.2  -203.6  1497.6  70.0  -93.5  32.1
-8.8  -192.8  1512.4  95.3  -54.0  61.9
-33.6  -194.0  1544.0  70.2  -60.2  50.7
-29.2  -197.2  1554.0  39.4  -52.9  0.5
-9.6  -187.6  1534.0  42.8  -70.6  -5.9
-9.6  -183.2  1513.6  40.1  -86.3  16.9
-8.8  -188.4  1509.6  69.7  -135.6  50.3
-878.8  -63.2  1326.8  729.9  -1286.9  147.7
-1192.0  -655.6  1691.6  707.0  -346.2  -954.0
-802.0  -101.2  1107.2  298.3  -560.0  -2403.3
70.8  983.6  1439.2  16.1  724.5  -3276.8
1844.4  1307.6  2389.6  -256.7  1902.1  -1910.6
1647.2  791.6  2319.6  -422.3  -1067.2  761.8
528.8  356.4  1435.6  -182.3  -1867.2  1840.5
503.6  247.2  1284.8  -365.5  -562.7  1714.9
74.4  310.4  1268.4  -402.3  -351.8  1499.9
-409.6  -24.4  1490.0  -42.9  740.4  1384.3
-764.4  -420.8  1570.4  181.9  831.8  1052.1
-536.4  -501.2  1579.2  -96.6  43.8  67.2
-266.4  -178.0  1446.4  23.1  125.1  -265.3
-17.6  -107.2  1652.4  64.2  28.5  -232.4
127.2  -66.0  1596.4  -7.9  -110.1  -132.9
52.0  -63.6  1507.2  12.4  -182.1  17.5
3.6  -149.6  1530.0  34.3  -162.3  72.2
-50.0  -150.0  1543.2  19.8  -87.8  32.5
-26.8  -142.8  1534.8  -7.1  -74.9  -15.4
12.4  -158.8  1551.6  9.7  -64.8  4.4
37.2  -152.0  1514.0  -13.0  -138.7  43.8
46.0  -162.0  1504.8  -18.8  -173.1  65.2
4.8  -167.6  1479.6  13.0  -124.0  56.6
10.4  -188.4  1495.6  21.9  -79.2  -22.2
48.4  -155.6  1506.8  53.6  -45.4  -29.9
59.2  -146.0  1529.6  80.9  -13.5  2.8
34.4  -137.6  1445.6  37.0  -34.8  11.7
20.8  -164.8  1519.6  48.4  -72.7  40.5
8.4  -147.6  1524.8  64.4  -95.7  15.9
22.4  -171.6  1548.8  44.4  8.7  15.5
-38.8  -170.8  1521.6  44.5  -60.1  39.6
-22.8  -165.2  1520.8  -16.4  4.5  -30.9
6.0  -146.4  1512.4  -18.0  82.5  -0.7
-8.8  -160.4  1528.8  29.5  35.6  4.3
-41.2  -157.2  1517.2  42.5  36.7  39.1
-46.8  -177.6  1524.0  70.4  57.0  63.0
-44.4  -163.6  1563.2  100.0  -84.0  82.4
-84.8  -127.2  1598.8  45.9  -41.7  132.2
-110.8  -72.8  1596.4  254.1  -161.3  565.7
-214.4  -228.8  1415.6  71.4  84.6  269.7
-888.8  -301.2  1369.6  337.6  213.9  -675.5
-1343.6  -540.4  1286.0  836.5  161.3  -1679.7
-876.4  158.8  1065.2  887.3  528.7  -2846.0
366.0  989.6  1845.6  1069.4  333.4  -2297.6
1435.2  1147.2  2591.6  126.9  915.5  -741.1
1157.2  522.0  2012.8  -836.0  -1507.5  1407.4
469.2  366.0  1471.2  -897.1  -1661.9  1863.0
157.2  338.8  1194.8  -611.4  -898.7  1917.5
-476.0  96.0  1263.6  -166.5  100.8  1620.8
-1032.4  -226.8  1258.0  481.2  851.2  992.8
-690.4  -557.2  1667.6  -111.6  816.4  543.4
-444.8  -226.0  1474.0  136.7  -315.6  27.9
-93.6  -119.6  1563.2  -279.2  442.9  -137.1
-61.2  -198.0  1534.8  235.6  -681.2  45.6
-76.4  -127.6  1405.2  -211.9  -188.1  -166.4
-130.4  -187.6  1497.6  46.0  -32.6  -16.7
-133.6  -217.2  1501.6  86.2  -73.0  -9.0
-107.6  -208.4  1515.6  -55.0  15.9  -110.4
-85.6  -203.2  1518.0  -178.4  130.3  -302.4
-87.2  -192.4  1489.6  44.1  -84.0  -77.3
-126.8  -238.0  1534.8  75.2  -106.2  -68.4
-146.8  -215.6  1496.8  94.0  -106.4  -12.2
-93.6  -213.2  1531.6  56.5  -63.3  -12.2
-100.4  -229.6  1489.2  58.6  -85.2  -4.9
-82.8  -207.6  1522.8  50.0  -100.7  -9.7
-102.4  -212.8  1520.0  15.5  -87.1  -15.2
-85.2  -212.8  1492.0  24.5  -56.5  11.5
-94.8  -227.2  1488.0  25.7  -66.5  9.3
-105.6  -213.6  1512.0  20.4  -47.0  -20.8
-85.2  -183.6  1500.4  4.6  -31.2  -10.2
-92.8  -215.6  1496.4  52.9  -84.8  -9.5
-88.8  -216.4  1512.8  19.9  -50.9  2.4
-118.4  -208.4  1490.0  35.3  -73.8  5.0
-95.6  -220.4  1503.6  35.5  -67.8  -8.5
-109.6  -212.0  1499.2  35.0  -55.8  -19.2
-79.2  -205.2  1515.2  38.0  -48.6  -14.8
-98.0  -205.6  1487.6  34.0  -63.5  -9.1
-118.0  -211.2  1532.4  45.9  -61.3  -15.7
-257.6  -257.2  1461.6  62.3  -45.4  -99.9
-1126.8  -619.6  1203.2  445.5  12.6  -599.4
-1666.0  -690.8  980.4  1578.3  -1114.7  -1764.7
-435.2  670.4  1264.4  736.7  -169.3  -3247.2
1125.6  1428.0  2413.2  338.9  1323.0  -2702.2
1925.6  1077.6  2292.4  -531.6  -301.6  125.2
748.0  373.2  1402.8  -869.0  -2247.6  1658.6
390.8  257.6  1278.4  -234.2  -937.5  2038.3
183.6  198.4  1221.2  -395.7  -407.7  1678.3
-141.6  -36.0  1382.8  -147.6  1.8  1762.5
-738.4  -384.0  1502.0  493.1  489.1  1105.3
-658.0  -487.2  1574.8  213.5  1061.7  184.6
-348.4  -354.8  1582.0  33.3  -184.3  -100.5
-179.2  -160.8  1654.0  -19.5  138.6  -289.0
73.2  -158.0  1547.2  -104.8  63.7  -206.7
59.2  -140.8  1441.6  1.3  -130.7  -109.0
27.6  -156.8  1456.4  26.0  -7.7  -56.0
-2.8  -196.4  1498.8  77.2  -22.4  -2.6
-71.6  -180.0  1510.8  63.3  0.2  6.0
-84.0  -195.2  1576.8  75.2  -45.9  -2.2
-63.6  -170.4  1552.8  16.2  -100.2  -45.2
-36.8  -191.2  1496.8  20.2  -72.0  -27.7
-31.6  -163.6  1473.2  75.8  -25.9  14.7
-35.2  -169.6  1533.6  103.4  6.4  8.4
-57.2  -171.2  1536.8  38.7  -49.0  7.8
-84.8  -169.2  1504.4  30.8  -58.1  7.2
-101.2  -203.6  1508.0  46.3  -58.3  -17.7
-67.2  -170.8  1518.4  49.8  -22.0  -53.8
-62.4  -155.2  1542.0  51.4  -61.7  -60.0
-62.4  -141.6  1528.8  24.9  -56.6  -42.3
-74.4  -154.0  1524.0  41.6  -90.1  13.1
-90.4  -158.8  1531.2  26.5  -84.2  7.7
-79.2  -170.4  1473.2  33.3  -138.1  -6.6
-58.4  -161.2  1512.0  89.0  -88.4  5.4
-20.0  -143.2  1584.8  78.2  -138.7  30.2
-6.4  -150.8  1566.0  77.0  -258.5  81.4
-23.6  -136.8  1509.2  4.4  -114.5  97.1
-70.8  -177.2  1477.2  116.9  -182.1  39.3
-49.6  -152.0  1533.6  78.9  -4.8  -12.5
-18.0  -120.0  1589.6  54.7  -37.3  -13.8
-22.4  -134.0  1521.2  6.2  -51.9  -10.6
-831.6  -457.6  1365.2  94.0  588.2  -545.7
-1686.0  -694.4  1038.0  854.1  -327.6  -1779.9
-718.0  198.0  1293.6  714.5  17.5  -3189.9
698.4  1353.2  2045.6  457.1  1070.3  -2685.8
1605.6  1052.8  2564.8  -46.5  -25.5  -40.8
1007.6  485.6  1672.8  -979.9  -1837.5  1130.5
148.4  180.4  1260.4  -319.0  -1489.0  1829.3
-25.6  82.4  1341.6  -63.6  -762.3  1811.4
-13.2  -48.8  1250.8  70.4  -165.7  1550.7
-441.2  -420.4  1565.6  335.1  460.2  985.2
-386.4  -420.4  1502.8  -347.4  591.9  459.0
-352.0  -353.6  1506.4  26.8  -46.3  72.3
-122.4  -201.6  1547.2  -79.1  401.8  -192.8
63.2  -177.6  1568.8  -10.4  89.6  -151.7
32.4  -172.0  1560.0  6.4  -140.6  -17.2
0.8  -191.2  1513.2  -22.8  -35.2  21.5
-32.0  -224.4  1497.6  51.3  -155.7  31.1
-51.6  -215.6  1490.0  36.3  -77.6  4.3
-39.2  -252.4  1517.2  -35.4  77.2  -22.7
-39.6  -233.6  1508.4  5.0  -31.8  -32.2
-42.4  -211.6  1505.6  25.3  -2.0  -23.4
-52.0  -222.8  1504.8  68.3  -15.0  -3.1
-65.2  -252.8  1528.4  64.5  -16.9  -0.4
-67.2  -213.6  1528.8  50.1  -14.1  -4.8
-55.6  -214.4  1484.8  34.7  -60.9  -2.2
-58.4  -206.0  1502.4  53.0  -48.1  36.0
-64.4  -208.8  1547.6  68.7  -101.9  48.8
-69.2  -222.4  1558.0  -39.9  -14.4  35.3
-86.8  -213.6  1529.6  14.9  -59.6  41.3
-100.4  -226.4  1487.6  18.5  -88.6  10.9
-86.0  -228.0  1511.2  46.7  -90.7  -24.9
-46.8  -220.8  1521.2  39.2  -78.8  -5.4
-44.0  -206.4  1526.0  40.5  -83.9  37.3
-13.6  -204.4  1524.4  98.3  -269.5  80.6
-33.6  -203.6  1502.8  54.6  -97.7  86.0
-63.6  -218.8  1520.0  28.4  -56.9  82.5
-89.6  -199.6  1535.2  26.6  -18.9  86.8
-214.4  -277.2  1486.4  65.3  -27.2  20.3
-1831.2  -682.4  1354.8  866.1  -415.9  -682.4
-1395.2  -581.2  983.6  438.9  249.4  -2501.3
-44.8  742.8  1251.2  757.0  4.9  -3276.8
984.0  1293.2  2312.8  773.2  1664.1  -2311.9
1444.4  1022.8  2702.4  -192.5  -506.7  136.9
591.6  444.0  1644.4  -846.2  -2109.8  1452.2
454.4  406.8  1263.6  -254.5  -1428.0  2010.7
206.0  271.2  1187.2  -329.3  -290.6  1863.4
-306.0  -30.0  1358.4  76.5  13.4  1784.3
-634.8  -409.2  1610.8  189.0  585.7  1178.2
-723.6  -457.2  1298.8  117.0  377.4  333.4
-309.6  -290.4  1585.6  -182.1  156.1  -82.9
-120.0  -174.0  1492.8  -5.6  -24.5  -93.7
7.6  -181.2  1505.6  -29.6  61.8  -146.3
53.6  -160.4  1468.4  88.1  -75.5  -49.4
26.0  -153.2  1521.2  86.3  -28.4  -17.7
-40.0  -177.6  1545.6  89.2  -47.6  15.5
-82.8  -177.2  1535.2  67.8  -3.5  20.7
-89.2  -176.8  1519.6  66.8  -50.7  -15.9
-72.4  -138.8  1524.4  52.3  -51.2  8.1
-46.4  -158.0  1519.2  73.6  -58.7  12.5
-28.8  -142.8  1506.0  56.5  -44.5  -6.2
-51.6  -158.4  1518.8  27.2  -60.0  -17.8
-100.0  -140.8  1526.8  38.3  -52.8  0.7
-65.2  -157.6  1516.8  45.4  -79.8  13.1
-56.4  -132.0  1548.4  43.3  -63.0  22.6
-40.4  -156.0  1513.2  22.5  -57.0  5.0
-95.6  -134.4  1502.8  31.3  -72.3  18.8
-79.6  -146.8  1512.8  14.5  -37.7  9.2
-56.8  -148.8  1529.6  31.1  -86.1  4.5
-57.6  -140.0  1518.8  22.2  -86.5  4.4
-51.6  -146.8  1498.4  81.6  -158.4  33.3
-66.4  -127.2  1516.8  69.1  -78.1  38.4
-56.4  -141.6  1534.8  55.1  -78.8  8.3
-206.8  -169.6  1503.2  94.6  -38.1  -30.3
-1800.0  -545.2  1547.6  1017.9  104.4  -592.3
-842.4  -342.0  1254.8  226.6  -462.3  -2163.9
-150.8  296.8  1104.8  162.8  -235.9  -2687.8
874.8  1198.8  1758.8  479.9  641.8  -2644.4
1729.2  1060.0  2463.2  -139.7  190.3  132.2
836.0  520.4  1805.6  -521.2  -1674.8  1703.1
541.6  321.6  1297.2  -283.1  -1063.3  2121.1
190.4  268.0  1186.0  -345.2  -295.4  1879.2
-372.8  25.2  1224.0  -399.5  777.6  1756.7
-970.8  -336.0  1429.6  464.0  418.2  1494.2
-957.6  -566.4  1764.0  230.8  588.0  273.6
-315.2  -162.8  1596.8  -146.0  21.3  -281.4
-44.4  -75.2  1598.0  -43.2  -95.7  -218.5
72.8  -107.2  1534.8  -79.4  -93.3  -109.1
-21.2  -138.0  1442.8  -63.3  -92.0  -46.2
-107.2  -184.0  1503.6  51.1  -71.6  -20.4
-132.8  -166.8  1556.8  36.4  -55.1  -63.0
-108.4  -182.0  1555.2  41.7  -80.4  -64.9
-72.0  -150.4  1504.0  3.7  -79.0  -65.0
-72.0  -143.2  1472.8  17.0  -37.6  -25.9
-55.2  -171.6  1517.6  52.0  -45.2  -20.4
-92.4  -135.6  1550.4  75.7  -64.8  29.5
-116.4  -204.4  1550.8  52.9  -44.6  8.0
-116.4  -176.8  1522.8  17.5  -61.0  -23.5
-93.2  -169.6  1490.0  34.0  -60.6  -18.6
-83.2  -166.4  1522.8  65.4  -63.3  -7.7
-90.8  -154.8  1536.4  41.1  -78.8  5.8
-92.4  -167.6  1535.2  39.8  -88.7  25.7
-106.8  -168.4  1499.2  22.9  -48.7  17.1
-93.6  -162.4  1500.8  47.1  -69.4  -5.0
-90.8  -170.4  1507.6  47.6  -75.3  -1.5
-84.8  -152.8  1541.6  48.2  -86.8  18.4
-58.0  -140.0  1520.4  22.4  -89.1  39.3
-478.0  -164.8  1396.8  211.5  -290.5  25.9
-1450.0  -671.2  1644.0  882.2  -391.2  -914.6
-1034.4  -186.0  1156.8  346.2  -220.6  -2438.4
-508.4  746.4  1136.8  436.1  -36.2  -3181.9
812.8  1319.2  2006.8  378.4  1581.1  -2989.8
1936.0  1224.0  2734.8  -424.3  143.8  -95.6
776.0  418.8  1582.8  -651.8  -2246.4  1791.8
431.6  372.8  1208.8  -335.9  -1268.4  2089.9
1.6  198.8  1358.8  -182.1  -364.0  1907.5
-362.8  55.2  1286.4  -185.1  140.5  1936.2
-981.6  -424.8  1600.0  610.4  73.3  1457.7
-690.4  -526.8  1565.6  4.9  694.1  378.1
-366.0  -228.4  1510.4  -46.2  -148.7  -194.8
-86.4  -150.8  1534.8  27.8  73.2  -225.4
-4.4  -142.8  1575.6  52.9  4.5  -193.6
15.6  -114.4  1511.6  7.1  -28.2  -169.9
55.2  -104.8  1530.8  50.6  -4.4  -54.3
-24.0  -132.8  1554.0  44.0  -52.5  34.1
-70.8  -143.2  1535.6  -9.5  -48.4  23.6
-86.8  -164.0  1504.0  25.2  -38.8  53.8
-110.4  -170.8  1541.6  43.4  -48.3  0.7
-93.6  -160.8  1510.4  38.2  -58.5  -28.5
-56.4  -155.2  1541.2  22.4  -51.2  -29.7
-40.4  -154.4  1512.4  3.8  -68.4  -5.6
-58.4  -156.0  1527.6  19.6  -51.4  12.0
-69.2  -176.4  1504.0  26.5  -74.4  -0.6
-57.2  -170.8  1518.8  33.7  -51.6  -6.4
-77.2  -158.8  1526.8  40.9  -82.9  8.4
-90.0  -166.0  1523.2  38.1  -97.2  37.5
-62.8  -167.6  1526.0  61.1  -120.8  36.6
-56.0  -156.8  1495.2  13.8  -82.7  -3.7
-57.6  -196.8  1507.6  63.3  -76.5  15.7
-98.0  -193.6  1530.0  46.2  -37.0  -48.6
-283.2  -224.4  1417.6  106.4  92.7  -164.3
-1541.6  -668.8  1134.4  889.3  -150.0  -1070.2
-968.0  -391.2  1062.4  401.3  688.1  -2665.9
149.6  828.4  1604.4  952.9  9.0  -2747.1
850.4  972.8  2604.4  343.1  1074.4  -1002.0
767.2  600.0  2084.0  -602.6  -680.0  394.0
343.6  405.2  1483.2  -664.2  -1551.5  1059.2
163.6  198.4  1333.6  -634.3  -1025.5  1496.8
93.2  151.2  1207.2  -366.8  -739.5  1727.5
-280.8  -186.0  1284.0  204.4  -87.8  1761.0
-556.8  -271.2  1361.2  -91.6  258.9  1206.1
-719.6  -582.0  1504.4  228.4  39.0  464.4
-474.8  -370.0  1528.0  50.4  405.1  -40.8
-131.2  -204.8  1593.6  52.0  13.8  -193.7
-5.2  -153.2  1552.8  4.6  -78.9  -156.4
31.2  -170.0  1505.6  -32.8  -47.6  -63.1
-6.4  -204.8  1508.4  -17.0  -149.2  -15.4
-71.2  -192.8  1471.6  36.6  -141.4  76.5
-91.6  -244.4  1560.4  73.3  -119.5  31.4
-99.6  -207.6  1535.6  -22.3  -63.6  1.3
-83.6  -214.4  1493.6  82.2  -72.3  -2.1
-58.8  -220.8  1487.2  91.4  -87.6  -27.5
-29.6  -214.8  1535.6  11.8  -41.7  -25.7
-37.2  -193.2  1524.4  -3.3  -76.0  -2.6
-70.0  -216.4  1517.6  7.5  -70.4  22.6
-76.0  -224.0  1483.2  20.1  -56.8  5.1
-52.4  -229.2  1512.0  23.8  -45.4  13.8
-54.0  -212.8  1516.8  43.8  -57.6  46.7
-80.8  -232.8  1506.0  52.1  -71.3  7.4
-151.2  -243.6  1486.8  54.2  -48.0  -36.3
-1098.4  -423.2  1281.2  694.6  -633.5  -57.5
-1492.4  -826.8  1501.2  1247.0  -531.1  -1527.1
-515.6  226.4  750.4  347.4  -208.0  -2880.6
392.8  1404.8  2134.8  783.0  1437.3  -3076.0
2046.0  1514.8  2782.8  225.8  1173.7  -1270.2
1204.0  667.6  1885.6  -888.7  -1960.6  1318.9
440.8  373.2  1179.6  -463.3  -1523.9  1925.2
322.0  233.2  1250.4  -260.1  -199.0  2018.2
-466.4  -86.0  1389.6  -40.2  -46.9  1698.9
-793.2  -395.2  1440.4  -197.2  575.6  1029.8
-1441.2  -695.2  1454.0  536.3  -150.4  75.8
-449.6  -346.4  1466.4  -188.4  745.9  -1199.2
139.6  116.8  1418.0  408.4  -89.5  -953.2
610.0  297.2  1908.8  234.2  -20.2  -107.3
638.4  151.6  1693.2  -332.6  -315.4  394.4
475.2  149.2  1483.2  -457.1  -480.4  855.7
181.6  109.2  1386.8  -408.7  -362.9  1011.2
-333.2  -106.0  1209.2  -210.1  223.7  1127.9
-953.2  -500.8  1418.8  558.1  317.4  767.7
-634.8  -512.0  1557.6  -44.2  698.3  22.7
-313.6  -194.8  1476.8  44.4  -3.2  -295.1
-103.6  -70.4  1574.4  97.5  -7.3  -95.7
-24.4  -97.6  1593.2  -54.2  -89.3  58.8
-117.2  -129.6  1506.4  -64.7  -188.1  69.4
-162.4  -180.0  1447.2  22.5  -96.9  73.6
-196.8  -208.8  1493.6  42.1  -68.8  61.0
-228.0  -197.2  1481.2  24.1  -51.4  -7.0
-190.0  -186.8  1543.2  51.6  -65.6  -19.8
-154.0  -159.6  1530.4  62.9  -74.9  -11.2
-159.2  -155.6  1502.8  0.0  -64.9  -2.8
-175.6  -168.0  1498.8  37.1  -68.7  -5.2
-159.6  -182.8  1504.8  24.0  -67.4  -10.5
-254.0  -210.0  1430.8  58.3  -53.8  -24.4
-1445.6  -575.2  1057.2  962.8  -587.4  -407.4
-1671.6  -593.6  1263.2  1221.9  -496.5  -1792.7
-189.2  806.0  1460.8  965.3  -700.9  -2969.7
1274.8  1517.2  2452.8  -238.6  1303.1  -2355.7
1912.8  990.4  2388.4  -475.7  -205.9  151.5
778.8  481.2  1428.4  -926.6  -1614.6  1482.4
459.6  252.4  1168.4  -761.6  -1297.1  1589.0
-144.8  79.6  1293.6  116.9  -734.8  1893.4
-508.4  -232.4  1409.6  345.2  664.8  1578.8
-890.8  -216.0  1292.8  359.4  183.4  820.6
-635.6  -561.6  1603.6  93.4  381.3  30.1
-166.0  -250.8  1545.2  -13.7  16.3  -395.1
50.0  -46.4  1561.6  77.5  -0.2  -290.2
193.2  -84.4  1593.2  -15.0  49.1  -144.0
52.8  -104.0  1538.4  -17.2  72.6  -20.9
-56.0  -148.0  1497.6  70.3  -14.5  66.5
-105.2  -171.6  1526.0  86.9  -7.3  1.8
-136.8  -171.6  1536.0  46.0  16.9  -49.2
-78.0  -160.8  1556.8  81.7  -36.0  -19.7
-70.0  -133.6  1538.0  53.4  -76.4  -10.7
-74.4  -145.2  1522.8  29.5  -45.2  -15.8
-86.4  -136.0  1515.6  38.6  -67.1  -23.3
-91.6  -132.0  1528.8  54.5  -79.5  -18.2
-83.6  -129.6  1557.2  0.0  -40.4  -14.3
-90.0  -133.2  1519.2  23.9  -26.5  -12.5
-88.8  -133.6  1535.2  33.5  -64.4  -23.9
-95.2  -138.8  1532.0  39.5  -53.7  -18.2
-90.8  -106.4  1513.2  36.2  -64.4  -5.9
-100.8  -141.2  1492.0  0.4  -65.5  -6.8
-88.0  -145.2  1518.0  17.8  -15.5  -14.4
-103.2  -140.8  1516.0  29.4  -39.8  -15.5
-102.0  -138.0  1515.6  37.7  -75.7  -9.4
-83.6  -140.8  1526.4  28.3  -67.5  -7.7
-96.0  -136.4  1508.0  30.8  -87.4  -6.4
-110.4  -169.2  1649.6  96.6  81.0  134.2
-87.6  -144.4  1510.8  74.1  -51.5  50.8
-144.8  -153.2  1573.6  26.2  -51.6  -3.1
-148.0  -131.6  1514.8  19.5  -61.8  -1.1
-148.4  -144.4  1464.8  30.7  -49.4  -6.6
-956.0  -223.6  1444.4  506.6  -261.2  -389.5
-1192.0  -505.2  1439.2  745.1  -181.1  -943.7
-751.6  -131.2  1372.4  862.1  -923.8  -1748.8
-266.0  415.2  1009.6  250.4  -153.3  -2645.0
1568.4  1128.8  2247.6  -1.7  991.8  -1845.5
1519.6  748.4  2010.4  -368.3  -917.9  628.3
511.6  299.2  1420.8  -339.3  -1486.3  1576.6
498.4  378.8  1243.2  -279.7  -316.0  1737.1
168.4  282.0  1347.6  -253.7  150.7  1450.4
-652.8  -202.8  1678.4  -207.9  -54.2  1031.3
-1081.2  -439.2  1766.8  122.9  288.2  776.9
-536.0  -469.2  1639.6  -102.0  198.9  -26.6
-2.4  -147.6  1396.4  -26.1  48.8  -346.4
172.0  -86.4  1412.8  130.8  59.3  -206.4
94.0  -67.2  1560.8  84.2  44.0  -124.9
-18.8  -80.4  1576.0  65.6  -81.6  -31.1
-37.2  -115.6  1624.8  11.4  33.5  -40.0
2.0  -100.4  1533.6  -13.8  -61.6  11.5
-34.0  -168.8  1425.6  -32.4  -21.3  -21.7
-96.0  -117.6  1601.6  118.4  0.1  47.7
-142.0  -76.0  1468.8  153.4  -35.8  -97.0
9.2  -164.8  1440.4  81.4  4.4  -59.3
-128.8  -104.0  1498.0  202.8  -95.7  -52.6
-70.8  26.8  1631.6  253.7  -84.1  -89.1
9.2  -18.8  1668.8  -58.3  97.0  -7.2
-79.6  -97.2  1402.4  -151.0  7.7  29.2
-105.6  -113.6  1530.4  53.5  66.1  -73.3
-146.0  -110.4  1533.2  96.9  -51.6  -32.0
-52.8  27.2  1558.0  212.4  -33.2  43.7
-30.8  -90.4  1466.0  -11.3  15.5  29.5
-124.4  -61.6  1545.2  25.4  -75.7  70.6
-104.0  -72.4  1509.2  -24.7  -92.1  97.8
-88.8  -121.2  1438.4  22.2  -137.6  110.3
-129.2  -44.4  1596.0  -12.2  -91.7  88.5
-137.6  -113.6  1541.6  -59.7  -83.0  58.5
-127.6  -132.0  1477.6  -25.2  -142.7  11.6
-110.8  -106.4  1534.8  6.1  -55.1  -15.6
-128.0  -90.0  1509.2  33.3  -116.8  -11.5
-71.2  -107.6  1535.6  66.3  -88.3  -10.8
-98.0  -90.4  1526.8  75.0  -57.8  -16.3
-94.4  -76.0  1542.4  91.5  -67.5  6.5
-78.0  -88.4  1559.2  33.3  -59.0  25.2
