-159.2  -103.6  1516.0  13.6  -69.6  7.5
-108.8  -100.4  1482.0  53.4  -98.0  -5.0
-135.6  -104.0  1512.0  24.2  -94.1  26.4
-118.0  -94.4  1524.4  31.2  -97.7  25.2
-112.0  -85.6  1517.6  25.9  -61.6  0.6
-102.0  -104.4  1493.6  53.9  -79.2  -11.9
-132.0  -108.0  1514.8  -3.4  -64.6  18.1
-108.8  -88.0  1506.0  64.8  -57.7  -20.3
-99.6  -82.4  1460.0  1.0  -69.8  -23.5
-100.0  -96.4  1514.8  9.0  -99.2  -7.3
-89.6  -96.0  1542.0  39.9  -69.7  -12.6
-116.0  -84.0  1494.0  55.1  -46.0  -17.7
-105.6  -114.4  1485.6  16.6  -72.5  -6.2
-124.4  -112.4  1506.8  53.9  -48.5  -10.4
-135.2  -80.8  1493.2  9.2  -82.3  10.9
-140.8  -102.4  1491.6  0.2  -83.0  14.2
-102.8  -105.6  1512.8  11.3  -63.4  13.5
-90.8  -109.2  1508.4  -1.1  -118.7  -29.5
-110.0  -96.0  1531.2  25.7  -35.6  -57.1
-107.2  -114.4  1510.0  36.4  -45.7  -23.6
-69.6  -106.4  1491.2  67.8  -70.7  -62.6
-113.2  -85.2  1508.0  86.3  -85.0  -95.9
-79.2  -90.0  1464.4  82.7  -71.5  -89.5
-107.2  -96.8  1474.4  84.6  -67.2  -101.2
-85.6  -133.2  1489.6  0.3  -129.8  -84.6
-145.2  -102.4  1505.2  52.8  -59.9  -54.3
-68.8  -92.8  1471.6  61.8  -93.2  -68.2
-125.2  -101.2  1490.4  43.3  -135.9  -118.7
-314.0  -76.8  1440.4  151.4  -44.4  -187.5
-543.2  -136.0  1602.8  -116.1  219.2  -149.5
-1368.8  -120.4  1597.2  231.8  324.0  74.4
-272.4  -239.6  1045.6  522.9  -18.1  1009.3
516.8  -35.2  1157.2  -386.2  -517.8  1062.2
488.0  -42.4  1620.8  -280.2  -514.7  812.3
550.8  -12.8  1910.4  -74.8  -101.3  -22.1
346.4  -1.6  1930.0  282.7  -77.2  -218.9
300.4  -19.6  1523.2  484.3  -63.5  -431.0
140.0  -20.0  1377.6  363.8  24.0  -510.9
-36.4  -20.8  1388.4  237.7  -148.0  -544.9
-202.0  59.6  1211.2  52.8  -108.9  -360.0
12.4  -142.0  1508.0  -81.9  -22.7  -422.0
-304.0  0.4  1427.2  50.8  -307.0  -196.3
-237.6  15.6  1442.8  -193.7  -217.9  20.7
-216.8  24.0  1652.4  -255.4  -281.4  181.2
-36.0  -10.4  1603.2  -30.5  -36.6  114.8
35.6  -21.2  1462.0  30.9  -64.4  69.2
-36.0  -30.4  1517.6  25.1  -71.7  29.7
-39.6  -31.2  1494.4  46.0  -90.8  8.3
-28.4  -29.2  1566.0  49.8  4.6  12.9
31.2  -20.4  1485.2  45.8  -53.6  -2.8
-23.2  -19.6  1545.2  -7.8  -127.8  0.6
16.0  -6.8  1490.0  85.9  -29.6  -0.8
-33.6  -10.0  1498.0  17.9  -91.7  -28.6
-1.2  -8.8  1524.8  23.0  -24.6  19.1
8.4  1.6  1486.0  11.6  -86.1  -4.5
-26.4  -5.2  1526.0  20.2  -22.4  19.9
-8.8  -14.4  1493.2  11.6  -55.0  34.6
-38.4  -1.2  1517.6  15.0  -65.0  16.8
-24.8  -21.2  1466.8  5.2  -67.6  8.6
7.2  -24.4  1533.6  -25.5  -68.9  24.7
28.4  -24.4  1527.6  16.6  -67.9  -9.9
9.6  -35.6  1511.2  32.5  -54.8  -13.7
-16.4  -22.8  1531.2  22.2  -73.1  -13.1
-8.4  -32.0  1514.8  21.2  -31.6  -26.7
9.2  -32.8  1552.4  59.2  -50.2  -34.1
-50.8  -38.8  1484.4  22.0  -64.8  -31.5
-72.4  -43.6  1489.2  42.8  -30.8  -5.7
-74.0  -40.0  1457.2  13.9  -51.7  10.5
-17.6  -34.4  1525.2  21.7  -36.7  3.0
-201.2  -38.0  1417.2  1.8  -33.8  -33.4
-704.0  -94.8  1643.6  -138.2  295.3  72.9
-1326.4  -278.0  1294.8  -129.3  503.3  517.0
-202.4  -284.8  1436.4  -375.7  -109.6  1497.3
831.2  -265.2  1550.8  -523.5  -430.9  866.3
666.0  -230.4  1817.6  -152.8  -123.8  135.0
568.4  -202.8  1773.2  104.7  -323.8  -110.7
444.8  -135.2  1712.0  384.8  -352.9  -479.6
134.8  -129.6  1561.6  689.4  82.6  -865.4
-109.2  -121.6  1218.0  523.0  -55.8  -817.8
-271.2  -80.4  1432.0  115.6  -2.9  -644.8
-448.8  -168.8  1344.8  149.8  -54.9  -523.7
-527.6  -75.6  1418.8  39.9  12.6  -197.5
-274.0  -47.2  1363.2  -27.5  -60.6  98.9
-171.6  -44.0  1464.4  -168.3  -117.6  149.5
-36.0  -35.6  1488.8  -16.6  -81.0  136.2
-14.8  -52.8  1553.6  -114.8  -136.3  107.4
-13.6  -37.2  1556.8  2.8  -96.5  73.0
36.0  -47.6  1524.4  54.6  -74.1  27.7
-53.2  -29.2  1560.0  55.5  -105.2  -51.1
-36.0  -38.8  1502.8  79.8  -46.7  -18.1
-33.6  -52.4  1518.8  36.3  -60.2  -39.2
-41.2  -26.0  1507.6  71.6  -42.1  -30.5
-31.6  -64.0  1484.0  14.0  -57.1  -9.1
-29.2  -48.8  1541.6  37.0  -74.3  6.0
-14.0  -31.6  1487.2  36.0  -65.9  -7.0
-15.6  -48.4  1528.0  51.1  -68.6  -14.2
-30.8  -37.6  1488.0  22.9  -91.7  -20.2
-4.0  -36.0  1568.4  24.1  -47.6  -12.8
-10.4  -37.6  1524.4  46.2  -53.0  -49.4
-36.4  -76.0  1492.8  60.8  -47.8  -63.7
-33.2  -44.4  1493.2  14.6  -65.7  -76.4
-87.2  -46.0  1450.8  29.1  -80.7  -94.7
-490.0  -27.6  1430.8  14.2  -88.9  -89.9
-1227.2  -214.4  1428.8  -52.8  442.8  343.8
-928.4  -432.4  1263.2  -556.6  -186.4  1429.1
825.2  -327.2  1317.6  -750.5  20.8  1734.3
1102.4  -289.6  1776.4  -230.9  -449.2  493.6
510.4  -248.8  1905.6  226.8  -399.2  -129.7
155.6  -106.4  1873.2  412.4  -17.2  -407.5
57.2  -85.2  1512.8  682.7  153.8  -613.0
-56.4  -38.8  1340.8  448.9  -1.2  -548.2
-105.2  -6.8  1408.0  335.2  169.7  -470.0
-191.2  61.6  1414.4  267.3  -82.4  -400.1
-229.6  47.2  1434.0  135.1  -18.1  -297.0
-191.6  -11.2  1356.8  138.1  35.6  -236.5
-236.4  33.2  1369.2  -12.9  -89.4  -162.0
-220.0  9.6  1462.8  -24.5  -42.9  -91.6
-194.8  -2.0  1438.0  -54.9  -179.0  -47.2
-224.8  23.6  1611.2  -1.6  -41.9  -110.6
-183.2  2.8  1522.4  54.7  -30.2  -70.6
-130.4  -26.4  1457.6  29.9  -8.2  -24.7
-102.0  -18.0  1486.0  -0.1  -108.1  50.7
-99.2  -12.0  1517.6  10.3  -65.3  19.6
-46.4  -1.6  1512.0  21.7  -100.7  6.4
-71.2  12.4  1496.4  22.8  -112.6  -3.7
-116.4  -2.8  1463.2  23.3  -117.7  -17.5
-49.6  -10.4  1544.4  -5.1  -80.7  5.8
-50.4  -2.0  1500.8  48.4  -75.9  -46.1
-57.2  -25.2  1501.6  9.1  -74.4  -40.8
-92.0  -10.4  1493.2  6.0  -66.5  -48.2
30.0  -30.0  1584.8  -20.2  -113.5  -27.8
-2.4  -22.4  1556.0  92.6  -119.7  -164.5
-145.2  -9.6  1474.8  114.0  -34.4  -192.0
-472.0  -18.0  1309.6  68.6  -15.3  -110.4
-1107.2  -57.2  1499.6  -182.9  427.6  193.8
-1166.4  -227.2  834.8  -194.4  572.3  818.7
129.6  -326.8  1194.0  -997.2  154.7  1938.3
778.8  -327.2  1848.4  -885.7  -522.9  904.2
725.6  -183.6  2208.0  188.1  -107.0  42.9
193.6  -223.2  1856.0  412.4  -279.0  -148.3
289.6  -112.4  1654.0  576.7  -187.9  -389.7
208.8  -77.6  1427.2  733.0  -139.2  -674.1
-193.6  -92.0  1349.2  434.7  -266.7  -822.7
-378.0  -18.8  1428.8  429.3  -47.7  -759.9
-459.6  73.6  1342.8  301.9  19.6  -609.8
-490.0  15.2  1332.0  105.5  33.8  -376.8
-446.4  8.4  1340.0  -75.8  -109.3  -68.8
-335.6  32.8  1460.4  -60.4  -95.9  31.6
-222.0  16.8  1532.4  -60.9  -97.7  85.5
-161.6  12.8  1469.6  -15.8  -129.1  65.0
-106.4  3.6  1554.0  -105.3  -209.3  126.0
-88.8  30.0  1579.6  13.2  -139.6  28.6
-102.0  40.4  1544.0  36.0  -117.4  -4.7
-141.6  37.2  1487.2  54.5  -52.7  -11.2
-100.4  34.4  1474.0  44.7  -86.1  -4.8
-142.0  41.2  1520.4  40.9  -27.2  -18.0
-102.0  19.2  1486.8  40.4  25.5  -16.3
-178.0  23.2  1478.8  40.2  -36.8  -24.0
-86.8  -4.8  1507.6  26.5  -51.7  1.2
-142.0  26.4  1522.4  43.3  -76.2  -39.8
-120.8  31.2  1478.0  41.8  -39.9  -11.6
-115.6  21.2  1482.4  45.9  -64.5  -29.6
-140.8  2.0  1512.4  64.9  -38.2  -42.2
-180.8  24.0  1456.0  89.2  -54.2  -76.5
-176.0  22.0  1406.4  22.8  -68.7  -15.6
-151.2  50.4  1489.2  12.7  -73.7  5.9
-91.6  15.2  1522.4  -11.1  -83.4  1.6
-141.6  27.2  1496.4  24.1  -89.6  -0.1
-145.6  22.4  1493.2  19.8  -58.0  -22.0
-147.6  8.0  1474.8  30.4  -41.1  -16.9
-153.6  18.0  1477.6  -21.1  -65.7  19.7
-118.8  10.4  1538.8  -7.7  -40.1  1.1
-143.2  -5.6  1538.0  34.4  -18.5  -17.6
-118.8  -17.6  1506.8  31.9  -49.6  -29.1
-202.4  22.8  1474.8  38.8  -53.5  -33.7
-147.2  -16.0  1506.8  3.5  -34.9  3.2
-118.0  -6.0  1510.8  37.7  -58.8  -25.4
-176.4  -4.4  1500.4  52.7  -47.9  -30.4
-169.6  -5.6  1483.2  35.7  -102.2  -15.3
-138.8  -1.2  1520.4  7.9  -58.9  5.0
-107.2  0.4  1504.4  49.6  -75.8  -30.4
-78.4  -1.2  1530.8  41.2  -51.9  -36.1
-99.2  22.4  1514.8  59.1  -112.9  -83.9
-74.4  13.6  1440.8  52.9  -135.5  -107.9
-876.8  102.8  1149.6  136.9  -204.3  -383.6
-3095.6  -578.4  677.2  -816.5  599.1  1812.9
947.2  -590.4  2176.4  -1775.2  -151.9  2906.1
1597.6  -369.2  1611.6  -797.8  -1258.4  473.5
448.0  -336.4  1836.0  632.3  -457.0  -636.9
-179.2  -249.6  1819.6  443.1  -96.0  -534.7
67.6  -235.6  1624.0  589.5  174.5  -275.7
94.8  -186.4  1451.2  561.4  -59.8  -400.4
139.6  -96.0  1484.4  492.9  102.0  -529.8
-37.2  13.2  1369.6  405.1  -150.4  -636.6
-147.6  42.4  1389.2  382.2  -102.4  -680.1
-216.0  30.8  1358.0  203.1  -230.5  -524.4
-430.8  81.6  1428.4  164.4  8.3  -588.4
-483.2  46.8  1527.2  36.6  2.9  -310.4
-384.8  27.6  1412.4  15.5  -35.2  -12.7
-164.8  42.8  1446.0  -118.1  -17.2  157.6
-65.6  38.8  1468.8  -112.0  -68.4  158.0
-17.2  50.4  1530.8  -71.5  -61.5  142.2
-26.0  53.2  1559.2  -41.4  -102.2  65.0
-50.0  22.4  1604.8  39.3  22.7  57.3
-43.2  15.6  1514.8  78.9  18.1  -8.6
-41.2  7.2  1531.2  46.6  -38.8  -17.1
-76.4  48.0  1542.4  53.3  -37.1  -33.5
-122.0  34.4  1477.6  82.4  -75.0  -49.9
-103.6  32.8  1474.4  44.5  -55.5  -3.1
-95.2  45.6  1484.8  1.1  -101.2  -5.7
-60.4  56.8  1526.4  39.9  -74.5  -13.0
-96.0  38.8  1473.2  27.8  -70.2  -19.4
-128.0  54.0  1470.8  47.2  -60.2  -22.8
-132.8  22.4  1496.4  46.5  -35.0  -2.5
-81.2  22.4  1454.4  23.4  -41.7  10.8
-56.4  15.6  1520.0  -1.7  -73.3  14.8
-72.8  24.4  1531.6  30.6  -102.0  -25.1
-56.8  22.0  1549.2  52.8  -54.1  -16.1
-87.2  32.8  1491.6  39.2  -114.8  -35.8
-82.8  38.4  1489.6  -4.4  -80.2  13.3
-81.6  42.0  1557.2  57.7  -43.6  -56.9
-121.2  26.4  1479.6  54.9  -19.9  -37.5
-120.4  17.6  1424.0  23.3  -67.0  -26.3
-120.8  25.6  1489.2  -6.1  -74.6  23.1
-103.2  27.2  1526.4  45.9  -37.7  -1.9
-100.8  13.6  1490.0  30.6  -84.7  -17.5
-118.0  20.0  1495.2  -3.5  -55.9  22.7
-128.0  28.8  1486.4  33.3  -61.6  1.4
-90.8  9.6  1468.4  6.8  -94.8  10.4
-115.6  34.4  1488.8  24.3  -74.1  8.4
-92.8  10.8  1519.2  6.2  -37.5  21.2
-71.2  -4.8  1505.6  39.8  -60.6  3.4
8.0  0.4  1564.0  29.8  -116.8  -2.2
56.4  14.4  1535.2  63.5  -134.5  -68.1
-40.4  -9.6  1450.8  39.6  -62.1  -177.3
-450.0  44.0  1458.8  18.6  -109.1  -126.4
-2346.8  -99.6  1145.6  -10.4  394.4  433.0
-210.4  -736.0  1035.2  -1562.4  -149.4  2700.5
1342.8  -304.4  1717.2  -886.6  565.2  1419.6
1089.2  -307.6  2114.0  213.0  -439.4  -212.9
355.6  -222.0  1756.8  855.8  -730.9  -616.0
52.0  -135.6  1708.8  521.0  -81.6  -717.2
-5.6  -117.2  1428.4  652.3  19.4  -683.6
-45.6  -41.6  1420.0  352.2  -161.3  -643.5
-124.8  16.4  1287.2  431.1  -49.0  -681.0
-244.0  28.4  1424.8  136.8  -167.7  -548.5
-336.4  49.2  1402.0  196.1  -127.3  -384.5
-204.8  72.0  1498.4  53.8  -13.3  -239.7
-117.6  34.4  1376.4  51.1  -48.4  -112.9
-82.4  33.2  1452.4  -162.4  -122.9  66.2
-77.6  46.0  1491.6  -138.9  -135.3  98.1
12.8  13.2  1596.4  -195.5  -102.6  138.3
60.0  24.8  1600.4  27.8  -57.1  18.0
75.2  6.0  1584.8  35.2  -12.8  -33.3
-8.4  -3.6  1456.0  114.0  -32.6  -59.5
-30.4  0.0  1468.0  42.1  -72.9  -42.9
-42.8  1.2  1484.0  42.0  -52.2  -10.8
-37.6  -6.4  1502.8  14.0  -51.6  17.1
-22.8  -15.6  1515.6  49.0  -71.1  8.7
44.0  -9.2  1500.0  26.3  -79.6  1.2
-4.8  8.8  1537.6  36.9  -110.6  -29.7
17.2  24.8  1530.8  67.8  -40.3  -25.8
18.8  24.0  1490.8  45.2  -82.9  -29.4
-1.2  29.6  1486.4  16.7  -66.7  -20.5
-32.8  15.6  1506.0  12.9  -54.8  -17.8
-4.8  -0.8  1479.2  40.3  -24.0  4.8
81.6  0.4  1582.8  -24.5  -89.7  -18.5
57.2  -4.8  1548.0  59.5  -86.8  -95.6
-28.4  14.0  1531.6  20.2  -62.3  -69.8
-60.8  10.0  1531.2  26.9  -13.1  -36.4
-58.8  0.4  1470.8  23.3  -14.8  -3.1
-68.8  18.4  1421.2  35.2  -55.7  -0.1
-64.4  13.2  1465.2  -56.6  -101.1  87.1
-4.8  10.8  1543.6  -61.5  -43.0  53.2
9.2  -52.8  1608.4  11.0  -2.1  12.0
6.8  -92.4  1484.4  0.5  -53.7  7.8
18.8  -60.0  1541.6  26.3  -110.8  2.4
-14.0  -18.0  1519.2  75.6  -81.7  -33.4
-2.4  -22.8  1497.6  62.0  -85.1  -26.1
8.0  -19.6  1517.6  50.2  -85.6  -41.8
-9.6  -7.6  1510.8  56.8  -46.5  -49.6
-22.4  -17.2  1485.2  41.0  -45.1  -15.4
-6.0  -20.4  1467.6  37.0  -83.4  -20.7
94.8  -18.8  1557.2  -16.6  -1.8  -22.4
-251.2  -2.4  1468.0  38.0  -106.2  -91.6
-1866.8  -124.4  1374.0  100.9  260.4  86.8
-536.0  -547.2  754.0  -1033.3  657.0  2088.5
875.6  -318.0  1830.4  -835.5  179.7  1781.6
968.4  -192.0  2007.2  123.6  -414.1  64.3
397.6  -284.0  1739.2  685.3  -385.0  -377.7
220.8  -137.6  1693.6  378.4  -359.2  -478.6
149.6  -27.6  1510.4  631.2  -28.7  -732.1
9.2  -53.6  1386.8  429.2  -126.2  -741.2
-131.2  29.6  1380.8  308.1  -134.8  -668.1
-182.0  12.4  1399.6  281.2  -55.5  -536.7
-242.0  2.8  1469.6  222.0  2.4  -473.8
-279.6  42.0  1401.2  80.5  -174.0  -302.1
-200.0  55.6  1448.4  41.8  -93.8  -168.4
-142.4  86.0  1550.8  -31.4  -103.7  9.1
-57.6  80.4  1484.0  -10.0  -59.0  50.3
20.8  89.6  1510.4  15.2  -43.9  43.2
3.2  82.4  1511.6  23.8  -61.6  -15.0
-8.4  60.8  1517.6  69.1  -28.7  -20.3
-26.0  59.2  1508.8  47.7  -60.1  -37.9
-9.6  64.0  1499.2  26.4  -69.5  13.0
-7.6  70.4  1518.4  14.2  -100.3  -2.7
4.0  82.0  1520.0  29.7  -69.3  9.2
-15.6  77.6  1490.8  57.7  -61.3  -53.1
12.8  66.8  1500.4  25.5  -83.1  -1.4
18.8  62.8  1503.6  34.8  -92.9  -37.1
-2.0  72.8  1525.6  38.2  -60.5  -9.0
22.0  66.8  1509.2  66.9  -72.2  -63.9
28.8  79.2  1478.4  -24.8  -88.8  -45.5
1.2  59.2  1474.0  22.0  -117.8  -41.6
-24.0  90.8  1513.6  30.0  -112.8  -93.7
-192.0  93.6  1358.8  38.0  -204.9  -109.4
-820.8  50.8  1610.8  -107.3  74.9  81.4
-1146.0  -96.0  1527.2  417.3  1251.5  530.1
-17.2  -255.6  1441.2  -383.9  -158.7  1818.0
971.6  -137.2  1606.8  -195.1  -304.4  993.0
1248.0  -45.6  1890.8  121.1  -155.7  275.3
744.8  39.2  1690.8  202.2  -781.3  -323.2
260.0  132.4  1662.8  231.7  -232.7  -781.4
36.4  210.4  1621.6  399.4  -58.8  -869.7
-40.8  135.2  1384.4  324.7  -19.7  -773.0
-144.8  195.6  1417.2  181.0  -222.5  -600.6
-283.6  190.8  1343.6  26.5  -60.0  -500.8
-248.4  139.2  1452.8  88.6  -82.8  -377.6
-192.0  153.2  1476.0  -97.4  -69.6  -220.6
-212.4  153.6  1533.6  -52.7  -115.1  8.3
-101.2  140.4  1504.8  -30.5  -30.7  101.4
-7.2  132.8  1471.2  -25.2  -24.4  81.3
66.0  126.0  1505.6  -20.7  -96.9  69.9
53.6  144.0  1522.8  12.2  -130.9  49.8
66.8  147.6  1570.8  21.4  -74.8  11.8
44.4  152.0  1500.8  53.9  -52.7  -35.3
20.4  144.4  1496.8  49.0  -43.8  10.5
5.6  161.6  1490.4  51.6  -66.3  -28.2
15.6  153.2  1512.0  45.4  -59.2  -10.8
7.6  150.8  1480.8  26.7  -71.5  -8.0
-1.2  154.4  1471.6  11.0  -84.4  27.1
28.8  143.6  1536.8  9.9  -47.6  19.2
47.2  141.6  1510.0  18.3  -61.0  -2.7
45.6  140.0  1530.8  23.1  -78.9  -8.1
13.6  147.2  1510.0  31.1  -57.7  -50.0
1.6  129.6  1464.0  29.8  -42.4  -28.9
50.8  142.8  1517.6  20.1  -61.6  -5.6
21.2  144.8  1525.6  56.2  -61.9  -63.1
-12.4  135.6  1497.2  39.4  -39.6  -11.5
-288.4  112.0  1481.2  -22.8  10.0  33.4
-926.4  136.4  1855.2  -131.8  805.2  225.7
-882.8  -113.6  1175.2  -25.4  1092.6  975.3
90.0  -74.8  1322.8  -583.0  380.1  1425.3
718.4  -40.8  1442.0  -502.8  -215.1  850.9
736.4  10.0  1859.2  -10.2  -76.7  131.9
448.4  -10.0  1734.4  163.8  -798.0  -213.2
131.6  62.4  1863.6  534.7  -482.7  -582.0
-67.6  140.8  1474.0  539.7  -223.7  -707.5
-131.2  144.4  1342.4  320.2  -123.2  -767.1
-299.6  114.8  1343.2  246.5  -190.2  -577.2
-269.6  148.8  1400.8  98.0  -161.6  -397.8
-189.6  168.4  1393.6  -71.0  -226.6  -233.0
-107.2  144.8  1452.4  -110.2  -154.5  -91.7
-186.0  178.4  1527.2  -79.9  -185.1  -53.4
-124.8  124.0  1535.6  -29.0  -132.6  -54.7
-112.8  126.4  1537.2  -32.2  -124.9  -26.8
-87.6  117.6  1542.4  18.2  -53.8  17.6
-59.2  92.4  1508.0  15.8  -64.3  10.4
-22.0  104.4  1516.4  22.3  -54.7  13.9
-44.4  105.2  1491.2  25.8  -62.4  4.2
14.8  111.2  1526.4  -25.3  -102.0  11.0
-40.0  105.2  1461.2  -5.6  -142.3  7.2
5.6  124.4  1546.8  14.4  -72.6  6.0
-6.4  108.8  1498.4  39.3  -71.9  -35.4
-8.4  115.6  1501.6  -23.4  -61.9  -5.1
6.4  99.2  1554.8  81.4  -46.4  -65.9
-45.2  80.8  1468.8  7.8  -68.5  4.8
-20.4  97.6  1497.6  15.8  -82.1  10.3
-7.2  86.4  1517.2  38.1  -60.8  -5.9
-45.2  99.6  1478.8  28.5  -92.2  -2.4
-32.4  90.8  1532.4  4.7  -43.4  -8.6
20.8  78.4  1498.4  18.8  -127.6  3.8
-0.8  82.4  1506.8  35.0  -87.3  -27.5
3.6  77.6  1554.8  22.7  -68.9  -20.6
-11.2  86.0  1522.4  35.3  -63.7  -39.7
17.6  86.8  1519.2  49.7  -50.7  -40.1
-41.2  93.2  1500.0  11.2  -65.7  6.8
-159.6  96.4  1375.6  -3.3  -104.8  28.7
-162.8  64.0  1493.2  -39.6  -87.8  148.1
-558.4  38.0  1638.4  -26.3  207.2  163.3
-1190.0  -96.4  1076.0  197.2  582.3  394.9
-88.8  -239.2  1251.2  -1006.5  -308.3  1958.3
1074.8  -131.6  1653.6  -484.6  -26.0  1159.7
938.0  -104.0  1829.2  83.5  -362.7  77.5
517.2  -64.8  1768.4  296.3  -248.3  -260.4
377.2  1.6  1713.6  512.7  -209.2  -521.5
218.0  34.4  1420.0  439.6  -123.9  -719.4
6.4  3.6  1387.2  316.4  -77.4  -755.4
-165.6  102.4  1431.2  269.2  114.0  -721.7
-298.8  85.2  1402.8  180.5  -32.9  -560.5
-298.4  173.6  1450.8  15.2  -0.7  -374.5
-180.8  108.4  1438.4  -24.6  -118.1  -183.0
-236.4  116.4  1473.6  -114.4  -154.4  -143.3
-174.8  104.8  1545.2  -53.2  -122.9  1.2
-80.0  112.8  1493.6  -10.2  -126.5  2.4
-54.4  98.4  1524.4  -20.8  -93.8  18.5
-23.6  123.6  1599.2  52.8  -16.1  6.7
16.4  56.4  1496.4  45.1  -54.7  -26.1
-30.8  74.0  1478.0  29.9  -80.4  8.9
-2.4  103.6  1531.2  23.6  -97.0  9.7
-23.2  144.8  1526.0  47.8  -76.5  -32.7
-44.0  118.0  1486.4  89.7  -53.4  1.5
-9.2  109.2  1458.4  58.9  -121.9  21.5
-10.8  110.8  1542.8  61.9  -94.2  37.1
18.8  115.6  1497.2  46.4  -76.6  -19.6
15.2  131.6  1563.6  33.8  -63.3  -4.8
-14.4  103.6  1496.8  71.7  -51.5  -56.4
0.8  116.0  1520.8  27.3  -56.9  -6.6
-5.6  114.8  1505.2  72.3  -62.0  -32.8
-5.2  136.0  1502.0  17.6  -70.7  -34.1
14.8  134.0  1534.4  47.9  -6.7  -58.5
3.2  78.4  1455.2  -10.7  -76.3  -69.3
0.4  114.4  1510.8  80.2  -17.8  -56.2
23.2  126.4  1533.6  58.1  -11.3  -80.5
-140.4  114.4  1455.2  36.8  -99.8  -83.9
-690.0  89.6  1352.8  -84.0  -44.4  -38.5
-1524.8  -5.2  1660.0  -144.9  881.3  516.4
-333.2  -247.6  1188.4  -475.1  276.5  1415.7
523.6  -122.8  1469.6  -530.4  190.2  1241.6
692.8  78.4  1872.4  -310.6  -215.8  668.6
698.4  25.6  1929.6  210.0  16.5  -130.2
506.8  78.8  1706.0  532.4  -553.1  -360.3
127.6  104.4  1436.4  584.4  -365.4  -785.5
-122.0  118.4  1356.8  560.3  -148.6  -837.7
-313.2  117.2  1364.4  243.8  -108.3  -795.2
-405.6  114.8  1362.4  213.6  -154.3  -505.2
-309.6  140.0  1364.8  -111.8  -279.9  -291.0
-268.0  116.8  1430.8  -140.8  -179.5  -166.4
-160.4  94.4  1544.8  -248.0  -249.0  -25.0
-147.2  94.4  1527.2  -80.6  -212.8  -7.2
-60.0  79.6  1495.6  -79.0  -156.0  -31.0
-73.6  60.8  1542.4  -15.1  -182.1  -24.8
-48.8  74.8  1519.6  17.7  -94.2  37.5
23.2  52.8  1570.8  54.6  -80.3  40.0
12.8  62.4  1464.8  12.1  -111.0  16.1
15.2  71.2  1490.8  4.6  -147.7  37.8
26.4  65.2  1534.0  20.1  -92.8  9.6
35.2  58.8  1534.4  50.3  -61.4  -3.0
82.8  54.8  1534.8  40.6  -80.6  17.7
72.0  32.0  1502.4  3.9  -112.0  -18.2
51.6  68.0  1577.2  2.4  -100.6  -29.2
5.2  75.2  1502.8  59.5  -39.7  -40.3
33.6  51.2  1501.6  40.0  -42.6  -19.0
37.2  76.4  1489.2  52.4  -58.4  -30.1
47.6  57.6  1489.6  38.7  -82.3  -28.0
76.4  51.6  1514.4  40.1  -79.7  -29.1
48.4  57.6  1503.2  50.8  -94.0  -67.3
-109.6  69.2  1457.6  22.0  -71.3  -1.0
-516.8  72.8  1380.8  -100.9  -69.4  123.3
-1302.8  72.0  1776.0  -156.7  834.0  584.9
-717.2  -242.8  946.8  -283.3  470.6  1302.1
599.6  -278.0  1627.2  -931.2  -80.1  1918.1
1248.8  -243.6  2046.8  -279.7  -250.3  727.1
1175.6  -253.2  2010.4  545.7  -91.6  -493.0
438.8  -134.0  1730.4  628.8  -600.9  -783.1
-106.0  -17.6  1513.6  578.4  27.0  -1037.3
-320.0  3.6  1269.6  564.8  140.1  -970.6
-434.0  99.2  1241.2  306.9  -4.0  -706.3
-420.4  104.4  1262.8  -16.7  -306.0  -402.6
-333.6  91.6  1453.6  -297.7  -391.3  -192.2
-230.0  88.8  1546.8  -135.2  -157.6  -51.6
-228.0  44.8  1519.2  -162.5  -153.4  42.8
-78.8  42.4  1588.4  -23.5  -169.2  97.1
-19.2  46.4  1548.4  -25.3  -115.3  66.3
49.2  32.0  1526.8  43.9  -78.2  40.4
52.0  11.6  1502.4  -15.2  -119.7  30.0
6.8  14.0  1533.6  -40.1  -101.4  24.3
36.8  10.8  1521.2  45.8  -61.0  0.4
45.6  25.6  1517.2  47.5  -78.7  -33.0
10.8  41.2  1468.4  55.9  -56.8  -26.9
-0.8  30.0  1472.8  58.8  -42.8  -22.5
-9.2  15.2  1463.6  2.7  -76.7  21.0
20.8  4.0  1518.0  -54.1  -93.2  58.6
42.4  14.4  1512.8  45.0  -61.2  -2.9
48.8  1.2  1514.8  47.0  -61.4  -14.8
65.2  13.2  1534.4  46.2  -60.4  -35.4
54.0  16.0  1529.6  85.1  -57.0  -62.1
57.2  22.0  1512.8  58.0  -62.5  -84.5
-11.2  0.4  1486.4  97.9  5.9  -141.3
-41.2  0.0  1477.2  9.7  -56.7  -73.0
42.4  48.8  1516.8  65.0  -19.1  -76.8
1.6  68.8  1516.4  91.0  -22.2  -110.4
-97.6  49.2  1412.4  76.3  -54.0  -64.2
-150.4  26.8  1461.6  -24.6  -94.7  40.0
-780.0  -46.4  1412.4  -119.0  -83.8  102.6
-1118.8  -214.0  1128.4  -252.7  428.8  1053.0
-122.8  -291.2  1558.4  -1148.6  238.7  1698.5
564.8  -309.2  1947.6  -492.5  -131.0  1174.3
796.8  -284.4  1791.2  185.8  18.5  356.8
843.2  -230.4  1710.0  304.8  102.2  -169.5
454.4  -161.2  1618.8  493.5  -638.7  -405.1
86.0  -20.4  1580.4  550.3  -175.6  -794.3
-32.4  -29.6  1515.6  498.0  18.8  -885.6
-240.8  -62.8  1335.6  233.8  4.8  -789.4
-352.0  -21.6  1364.8  215.5  -83.9  -592.8
-335.2  -18.4  1468.8  24.3  -174.0  -348.5
-378.4  3.6  1474.0  3.9  -49.7  -245.3
-232.0  -23.6  1531.6  -26.4  -26.0  7.3
-133.6  21.6  1432.4  62.9  -90.6  21.8
-68.0  35.6  1462.0  -0.7  -129.4  61.3
-38.4  52.8  1527.2  -22.1  -163.4  80.3
-12.0  28.4  1576.0  4.2  -84.6  26.0
-24.8  11.6  1501.2  30.7  -53.8  23.6
13.2  -25.2  1509.2  -11.2  -98.4  34.5
-16.4  25.2  1520.0  48.4  -118.7  -10.6
-46.0  0.4  1535.2  25.7  -70.2  -34.8
-1.2  2.4  1494.4  30.6  -79.3  -6.5
-30.0  4.0  1497.2  36.9  -85.1  -14.2
-22.8  3.6  1479.6  5.1  -107.1  4.3
-4.8  10.8  1529.6  8.9  -95.5  3.7
60.8  16.0  1555.2  33.3  -78.9  -32.2
76.0  4.8  1512.8  71.0  -90.0  -99.5
-6.8  15.6  1505.6  61.2  -73.8  -120.4
-85.6  8.8  1470.8  62.5  -120.3  -107.6
-594.4  -50.0  1616.0  245.5  -27.4  -45.7
-1499.6  -142.4  1374.4  572.1  328.8  329.0
-553.2  -288.0  736.8  29.5  112.5  1466.3
1124.8  -8.4  1703.6  -1015.4  84.6  1590.9
1220.4  29.6  2098.0  -540.3  28.8  399.1
513.6  -30.8  2040.8  166.5  -321.6  -251.4
231.2  -11.2  1693.6  297.8  -190.6  -447.0
25.6  -16.0  1446.8  492.8  -55.8  -597.7
-61.6  17.6  1280.0  331.8  -77.0  -570.1
-165.2  100.4  1393.6  214.4  -96.9  -569.6
-196.8  71.6  1297.6  71.6  -58.2  -457.0
-234.8  33.2  1440.8  -42.2  -200.1  -313.6
-148.8  35.6  1471.2  -130.1  -363.1  -185.1
-145.6  90.4  1542.0  -19.9  -425.3  -159.5
-81.2  74.4  1624.0  -18.0  -186.3  -159.3
-125.6  70.8  1460.8  20.0  -128.8  -51.7
-14.0  38.4  1550.0  19.2  -62.6  14.9
39.6  42.0  1484.0  -15.8  -109.9  71.9
87.6  36.4  1545.2  -23.2  -125.8  61.0
99.6  31.6  1538.0  -11.3  -127.5  45.4
52.8  40.8  1509.2  11.8  -88.6  28.7
107.2  32.8  1534.4  5.6  -90.3  26.7
85.2  45.6  1528.8  25.3  -85.0  -8.4
86.8  10.0  1505.6  24.7  -52.3  -15.6
89.6  8.8  1519.6  34.1  -61.0  -19.5
112.4  0.4  1519.6  -15.2  -85.9  7.2
77.2  19.6  1500.8  25.4  -100.8  -14.1
94.0  14.4  1533.6  16.5  -91.2  -22.9
97.6  10.8  1511.6  17.0  -63.6  -15.9
113.6  10.0  1488.8  35.9  -42.0  -31.7
92.4  38.4  1493.6  22.5  -74.0  -31.9
90.0  23.6  1517.2  39.4  -89.5  -49.9
75.6  5.2  1504.0  32.7  -67.4  -42.3
95.6  22.0  1514.0  10.1  -84.8  -1.1
140.4  5.2  1523.2  -0.3  -90.1  -14.4
114.8  -15.2  1492.0  22.3  -95.0  -42.1
-16.0  0.0  1502.0  -64.1  -137.2  23.7
-298.0  -1.6  1584.4  -51.1  83.9  123.9
-1021.6  -83.6  1812.4  124.3  758.2  585.5
-635.6  -311.2  957.6  57.6  1277.2  1334.8
-74.4  -188.8  1480.0  -767.0  -316.1  1800.8
632.0  -203.6  1800.0  -480.5  -112.2  1073.6
831.2  -144.4  1801.2  209.2  144.7  131.2
538.0  -199.6  1649.6  218.1  -502.3  -275.5
227.6  -84.0  1732.8  251.0  -584.1  -493.9
74.4  -10.0  1524.4  491.2  -75.5  -761.7
-46.0  -11.2  1401.2  259.1  -58.2  -869.1
-260.8  -65.6  1272.4  367.5  22.5  -756.6
-158.8  137.6  1257.2  57.4  -163.8  -617.5
-311.6  -162.4  1577.6  21.8  -269.7  -467.1
-367.2  -11.6  1502.8  -48.9  -240.7  -260.4
-305.6  56.0  1568.4  115.5  -19.3  -59.0
-82.0  34.4  1462.8  75.6  45.1  33.9
-20.8  32.8  1454.4  0.9  -134.4  40.9
-28.8  37.6  1544.4  36.1  -140.3  43.5
30.8  34.4  1540.8  19.3  -139.7  28.3
9.2  60.8  1547.2  80.6  -45.7  -28.7
40.0  56.4  1498.0  42.7  -71.9  -13.6
4.0  60.4  1504.0  17.0  -82.5  -22.3
-0.4  92.8  1558.0  31.5  -66.0  -7.2
-23.6  56.4  1463.2  18.2  -73.3  -9.0
16.4  53.6  1559.2  -38.2  -82.0  24.2
16.4  44.8  1541.6  45.6  -46.6  -28.4
10.8  32.4  1502.8  8.6  -73.7  -24.2
6.0  43.6  1544.4  21.9  -69.0  -47.6
19.6  12.0  1540.4  -0.7  -59.2  -31.6
33.2  38.4  1485.2  24.8  -80.1  -60.9
20.0  22.4  1519.6  25.0  -77.8  -80.2
-38.0  24.4  1484.8  25.2  -97.6  -104.4
-323.2  23.6  1418.4  5.9  -117.0  -68.6
-1563.6  -47.6  1612.0  18.2  545.7  313.8
-456.0  -293.2  751.2  -608.5  747.8  1655.3
754.8  -246.4  1893.6  -1118.7  -76.0  1525.5
765.2  -241.2  1910.0  -243.3  -341.1  258.4
510.0  -218.8  1932.4  191.5  -415.8  -73.0
166.4  -143.2  1756.4  383.4  -348.0  -358.3
86.0  -68.4  1573.6  604.6  26.7  -620.9
43.6  -63.2  1435.6  464.5  -45.1  -769.9
-120.8  72.8  1455.6  381.2  -26.5  -760.0
-328.8  65.2  1361.2  277.4  -12.0  -622.3
-348.4  7.6  1433.6  167.2  -55.4  -378.0
-378.4  31.2  1366.4  -19.2  -199.3  -127.8
-183.2  40.8  1578.0  -52.8  -113.2  -1.3
-172.0  27.6  1517.2  -13.9  -60.1  3.9
-136.0  21.2  1470.0  38.2  -39.4  47.2
-40.0  5.2  1497.6  8.0  -88.1  45.3
-43.6  10.4  1509.6  27.4  -157.0  17.7
-40.0  20.4  1518.0  1.2  -137.1  -4.9
-16.0  13.2  1562.4  64.8  -72.3  -5.3
-39.2  18.8  1455.2  51.3  -105.0  -38.9
-39.6  32.8  1522.4  13.3  -96.4  0.7
-24.4  38.0  1522.0  40.9  -66.3  -7.1
-43.2  37.2  1491.6  19.8  -73.7  -20.7
-13.6  33.2  1512.4  17.8  -43.3  4.3
11.6  13.6  1535.2  15.7  -60.0  -17.3
-13.2  28.4  1496.0  63.4  -43.0  -76.2
-3.6  16.8  1529.2  51.4  -38.3  -60.6
-37.6  23.6  1472.8  41.4  -68.3  -73.7
2.8  17.2  1527.6  26.8  -83.3  -72.1
-67.2  16.4  1484.8  35.6  -97.1  -106.4
-270.8  27.6  1422.0  67.1  -75.9  -110.0
-668.4  59.6  1510.0  -0.1  249.9  -96.9
-1085.2  -29.2  1378.0  264.1  1045.2  287.0
-951.6  -400.4  764.4  -572.8  210.7  1449.5
472.4  -422.0  1602.0  -1415.9  -597.0  2264.2
952.8  -347.6  2028.4  -536.5  -302.3  982.1
999.6  -321.6  2037.2  503.7  6.4  -216.1
685.6  -252.4  1562.4  651.1  -825.5  -677.3
169.2  -114.4  1478.8  640.9  -113.9  -982.2
-60.0  -3.2  1335.6  542.4  -80.5  -1008.1
-311.2  24.8  1290.4  151.2  -103.2  -846.4
-406.8  54.4  1435.2  281.1  115.0  -753.5
-552.0  111.2  1441.6  80.6  -233.3  -371.9
-386.8  89.2  1366.4  65.3  45.3  -104.9
-257.2  104.8  1379.6  -123.8  -98.7  107.3
-70.0  63.6  1484.0  -147.0  -61.8  176.6
-18.8  53.2  1573.6  14.9  -60.0  41.9
-23.6  23.2  1536.0  31.4  -73.0  6.6
-25.2  49.2  1565.2  32.4  -55.6  -4.8
-12.4  61.2  1552.0  85.6  -51.6  -49.7
-64.0  66.4  1488.4  59.4  -55.0  -53.2
-104.0  62.4  1463.2  70.9  -48.9  -32.2
-116.4  66.0  1450.4  22.7  -51.4  -11.7
-55.6  62.8  1504.0  2.6  -27.0  13.9
-57.6  68.0  1506.8  12.3  -80.8  -12.6
-84.0  65.2  1510.8  -6.7  -92.8  -1.4
-63.6  70.4  1535.6  33.0  -39.6  -0.2
-102.0  52.8  1466.4  19.5  -39.2  3.6
-17.6  30.8  1538.0  23.8  -88.6  -24.2
-28.4  59.2  1572.0  79.9  -42.3  -77.3
-6.4  55.2  1481.6  57.4  -50.6  -110.7
-99.2  69.2  1480.4  60.0  -80.0  -124.0
-82.8  57.6  1472.8  27.1  -69.6  -104.6
-382.8  88.0  1411.6  -2.5  -77.1  -158.9
-1774.4  -43.6  1266.8  -65.2  279.5  142.9
-730.8  -359.6  843.2  -1082.0  414.2  1869.9
656.4  -327.2  1968.4  -1469.9  152.6  1661.2
519.6  -363.6  2108.0  -262.4  -346.6  594.9
651.2  -415.6  1887.6  611.7  164.3  -140.4
377.6  -278.0  1606.8  528.3  -455.4  -344.0
139.6  -170.0  1531.2  573.1  -388.5  -562.0
-122.0  -10.0  1608.4  740.3  1.0  -877.5
-280.4  8.0  1281.6  609.6  -11.3  -946.2
-371.2  34.8  1456.0  384.3  19.4  -716.5
-496.4  90.8  1348.8  290.8  -85.3  -446.6
-462.0  100.4  1394.4  43.2  16.1  -171.4
-325.2  119.6  1376.8  -100.1  -129.3  77.9
-224.4  86.0  1436.4  -111.4  -95.6  127.2
-116.8  68.4  1507.2  -131.9  -143.5  132.2
-51.6  63.6  1596.4  -92.4  -131.1  69.9
-86.8  39.2  1565.2  28.9  -103.1  8.3
-99.2  40.4  1516.4  62.6  -56.2  -57.5
-110.4  50.0  1499.6  34.7  -88.7  -40.7
-172.4  65.2  1491.6  48.1  -64.1  -53.6
-122.8  50.8  1492.8  48.4  -24.9  -38.7
-148.0  54.0  1490.4  46.1  -62.7  -32.0
-117.6  36.4  1440.0  -22.1  -52.2  -0.4
-100.4  52.4  1513.2  24.7  -59.9  -12.7
-87.2  40.8  1509.2  -27.6  -74.2  -2.1
-106.4  21.2  1534.0  -18.0  -89.4  3.0
-102.0  25.6  1529.6  -9.3  -62.8  -14.6
-104.4  20.8  1522.0  58.4  -13.1  -16.7
-128.0  27.6  1455.2  33.6  -85.6  -68.8
-117.2  22.8  1577.2  16.5  -41.4  -67.0
-164.4  22.0  1424.0  114.7  -54.9  -73.9
-98.4  46.4  1556.0  -37.7  -67.5  -36.0
-118.4  46.4  1516.0  104.3  -27.7  -101.2
-162.8  32.4  1492.0  80.2  -72.7  -125.3
-547.6  9.2  1300.8  101.8  -137.9  -119.4
-1830.4  -223.2  1179.6  -259.2  28.6  775.0
-496.0  -364.8  1105.6  -1327.4  486.9  2362.6
720.0  -148.8  2175.6  -1092.3  70.4  1431.2
662.8  -328.0  1953.2  303.3  -405.0  223.4
650.4  -302.0  1710.8  667.5  -9.8  -450.9
268.4  -93.2  1662.8  580.3  -712.5  -680.5
53.2  -16.4  1571.6  611.3  -233.1  -996.5
-112.4  -58.8  1374.4  371.7  -238.5  -959.7
-215.6  65.2  1346.8  347.9  -93.1  -847.0
-420.4  10.8  1400.0  197.9  -140.7  -731.5
-401.6  76.8  1498.8  199.4  -36.7  -521.7
-383.2  98.0  1430.4  92.4  -106.5  -205.8
-220.8  92.0  1463.6  -9.8  -45.7  -17.4
-146.0  70.8  1427.6  -103.4  -97.8  40.1
-68.4  68.0  1470.8  -122.6  -134.3  67.6
-4.4  19.6  1561.2  -190.9  -52.1  122.5
-4.0  50.4  1566.8  -39.9  -75.6  -7.6
19.6  3.2  1561.6  -19.0  -42.1  -44.7
-49.2  45.2  1522.4  121.6  -0.1  -181.5
-78.4  39.6  1488.4  80.8  -44.4  -118.3
-96.4  4.4  1423.2  74.3  -96.9  -105.9
-88.4  68.4  1535.2  -23.6  -119.3  -55.6
-61.2  31.6  1488.4  -10.1  -80.1  -31.1
-43.6  0.0  1509.2  -43.5  -110.4  -47.8
2.0  -25.2  1588.8  30.3  -21.1  -14.1
-4.0  -17.6  1512.8  48.6  -60.7  -38.5
-28.4  19.6  1524.4  25.8  -38.6  1.3
-80.4  34.8  1539.6  2.1  -69.0  55.0
-72.8  62.8  1519.2  118.7  51.6  32.6
-70.4  84.8  1456.0  153.4  -8.5  -144.3
-426.4  26.8  1290.8  236.3  -164.4  -139.7
-1775.6  -92.0  1374.4  165.3  -189.2  473.6
-638.4  -494.0  979.2  -767.3  412.1  2311.6
746.4  -425.6  1959.6  -1046.9  158.4  1921.6
907.6  -136.8  1953.6  -90.1  -376.9  431.0
682.8  -175.2  1896.8  473.6  -124.3  -295.0
307.2  -54.8  1723.2  480.9  -428.4  -561.2
117.6  -5.6  1653.2  694.2  6.0  -874.9
-26.8  55.6  1456.0  670.3  166.7  -872.6
-134.0  118.8  1274.4  499.9  218.4  -837.0
-382.0  201.2  1309.6  166.1  1.9  -526.8
-421.2  180.8  1374.0  -34.5  -166.6  -204.1
-351.6  179.2  1367.2  16.9  -3.0  -125.9
-336.8  164.4  1425.6  -160.7  -184.7  27.7
-236.8  120.0  1534.4  -178.2  -34.3  141.3
-199.6  78.4  1506.0  -82.2  49.4  156.5
-43.6  30.8  1486.4  -41.0  5.4  96.4
-183.6  4.0  1428.4  -35.8  -117.5  106.6
-81.6  58.8  1548.8  -82.2  -190.5  120.3
-107.2  64.4  1552.4  -24.2  -95.6  83.6
-8.8  74.0  1582.8  147.0  -22.4  4.8
-102.8  88.4  1584.0  202.3  17.3  -81.2
-122.4  107.6  1448.8  221.2  38.9  -47.1
-87.2  174.8  1487.6  132.8  -28.9  -75.8
-160.4  130.8  1432.4  117.7  -47.1  -108.4
-168.4  143.6  1402.0  44.9  -159.5  -59.1
-142.4  131.2  1438.4  -110.3  -191.6  3.5
-39.2  166.8  1550.0  -39.9  -180.9  -50.9
-14.4  157.6  1518.0  19.0  -245.4  -113.2
-80.0  137.2  1564.8  10.8  -152.4  -185.7
-265.6  60.8  1493.6  88.2  -78.1  -204.8
-1143.2  -85.2  1244.4  340.6  -116.9  23.2
-1508.0  -238.0  545.6  -150.0  -422.8  1828.9
303.2  -408.8  1478.0  -1875.6  -581.9  2964.3
929.6  -189.6  2116.8  -529.4  183.4  1232.1
1080.8  -192.8  1818.8  365.6  -80.5  40.4
908.8  -226.8  1667.2  506.7  177.0  -280.2
522.4  -147.2  1648.8  252.1  -349.1  -494.4
157.6  13.2  1641.2  531.5  -18.0  -704.5
19.2  48.0  1536.0  498.4  320.2  -860.5
-178.0  93.2  1323.6  489.5  187.2  -812.8
-331.6  52.0  1320.8  271.1  225.5  -798.1
-456.8  83.2  1334.8  226.0  40.9  -399.3
-357.6  129.6  1376.4  84.4  -49.7  -226.2
-325.6  152.4  1369.2  17.6  -136.4  -50.9
-190.0  154.4  1464.0  -98.5  -113.1  104.4
-110.8  154.0  1427.6  -26.0  -204.6  96.0
-6.8  150.0  1582.4  -68.2  -157.1  47.7
-102.4  128.0  1560.4  58.5  -189.3  -21.6
-0.8  136.4  1506.0  69.9  -114.3  -43.1
-58.8  108.0  1514.0  9.8  -135.3  -84.5
-60.0  139.2  1467.6  38.5  -120.0  -44.8
-50.0  90.4  1592.0  20.5  -81.2  -62.6
-87.6  87.2  1464.0  64.5  -50.0  -42.7
-19.6  82.4  1582.4  -102.8  -3.9  59.2
-54.4  101.2  1489.2  -16.9  6.7  21.0
-52.0  136.0  1531.6  21.3  12.3  3.2
-8.4  158.8  1510.8  48.2  23.6  -65.0
-126.8  153.6  1512.8  133.9  -23.7  -156.3
-116.4  99.2  1454.4  171.1  -2.7  -148.7
-213.2  68.4  1322.8  -18.5  -174.0  -72.2
-110.0  120.4  1548.0  -82.1  -163.4  -68.8
1.6  114.8  1540.0  -117.9  -146.9  8.5
-31.2  119.6  1524.0  33.5  -92.1  -123.6
-48.0  89.2  1502.8  -47.8  -75.9  -118.6
-76.0  67.6  1385.2  -81.0  -117.6  -56.6
-60.4  55.6  1502.8  -220.1  -236.3  -53.1
-50.0  32.0  1557.2  -120.4  -229.1  -79.5
-14.0  32.0  1513.6  -99.9  -217.6  -122.1
-84.4  5.2  1421.2  -10.4  -251.0  -158.2
-1108.0  -154.8  1492.4  -37.6  -384.9  -221.3
-1538.8  -298.4  1432.0  111.6  238.0  1599.5
493.6  -409.2  1477.2  -624.9  530.1  2211.0
772.8  -282.4  1478.8  -209.0  88.0  953.6
809.6  -163.2  1766.0  305.2  -104.1  116.1
535.6  -121.2  1718.4  171.7  -111.7  -138.2
530.4  -100.4  1628.8  403.1  -441.1  -510.0
214.4  1.2  1592.0  348.0  -469.3  -744.3
65.6  6.4  1449.2  350.2  -135.9  -868.3
-203.2  31.6  1372.4  132.2  -174.8  -857.4
-349.2  17.6  1392.8  91.9  -159.2  -574.4
-320.4  -1.6  1560.0  1.7  -104.6  -395.0
-298.8  34.4  1428.0  69.4  -123.9  -110.8
-176.8  68.8  1434.4  28.6  -97.8  -5.4
19.6  76.8  1488.8  -0.2  -186.7  152.0
48.8  96.0  1538.8  -34.4  -195.0  94.3
79.2  98.0  1514.4  36.8  -160.8  40.5
147.6  75.2  1542.4  -3.7  -101.8  22.0
80.4  60.0  1490.0  27.3  -146.0  1.2
129.2  61.6  1526.0  29.7  -146.6  -7.9
52.4  67.6  1542.0  26.8  -121.1  -32.0
81.2  52.4  1492.0  78.4  -69.4  -26.7
129.6  46.0  1555.2  14.3  -76.7  -13.0
156.0  53.6  1512.8  59.7  -32.2  -87.1
128.0  43.2  1500.8  26.4  -33.6  -51.0
102.4  67.2  1471.6  16.5  -52.3  -89.3
116.8  70.0  1518.4  12.3  -50.8  -40.1
135.2  68.8  1512.0  -17.1  -15.9  -100.9
116.4  94.4  1470.0  -77.0  14.2  -116.0
-200.8  36.8  1434.0  -10.4  -27.9  -166.3
-1355.2  -143.2  1662.4  -183.4  -59.6  199.4
-1568.8  -407.6  1200.4  -339.7  500.4  1780.6
758.8  -456.8  1407.2  -783.4  479.1  2296.0
836.4  -202.4  1441.6  -255.3  438.6  1109.1
975.2  -254.8  1784.0  -150.8  -340.8  159.1
758.0  -279.6  1786.0  255.3  -196.9  -375.7
301.6  -230.0  1740.4  414.8  -666.6  -749.9
16.4  -160.8  1488.4  713.8  -50.4  -1006.9
-67.2  -79.2  1355.2  519.8  -52.3  -894.1
-251.6  -34.4  1371.2  322.7  55.8  -780.0
-354.0  -13.2  1339.6  136.1  -140.5  -591.8
-348.4  48.8  1447.6  123.2  -64.2  -293.2
-330.4  60.4  1421.6  -21.5  -126.6  -192.5
-134.4  97.6  1543.6  -4.1  -108.5  41.7
-99.6  125.2  1505.6  20.3  -101.1  19.8
-22.4  84.4  1472.8  33.4  -28.0  49.7
-10.8  32.8  1487.2  -54.6  -128.8  28.7
46.4  5.2  1559.2  -20.3  -97.7  24.0
-1.2  4.8  1508.8  30.5  -107.4  -18.9
-8.0  4.8  1524.8  2.4  -112.5  19.9
58.8  1.2  1489.2  7.7  -129.4  15.2
94.4  17.2  1552.8  -50.6  -143.1  17.7
90.4  4.4  1583.6  58.4  -65.2  -50.3
42.0  8.0  1525.2  59.6  -52.2  -83.2
24.4  17.2  1432.0  10.8  -107.9  -26.5
29.6  14.4  1538.0  -6.4  -134.9  -39.5
106.0  23.2  1580.8  69.4  -62.5  -31.6
62.4  3.6  1522.0  61.5  -49.0  -99.4
94.8  20.4  1508.0  91.3  -25.0  -81.9
37.2  8.0  1511.6  17.2  -61.0  -53.2
24.4  16.0  1496.4  65.5  -74.0  -48.2
117.6  50.8  1525.2  27.4  -78.6  -74.1
122.8  50.0  1528.4  76.7  -48.5  -133.8
-61.6  15.6  1522.8  71.9  -1.7  -173.1
-695.2  -18.0  1449.2  82.8  -9.9  -18.6
-1472.0  -160.4  1400.0  -28.5  24.6  1181.3
-484.8  -285.6  1378.8  -384.1  815.0  1936.1
672.8  -250.0  1697.6  -676.0  421.9  1590.7
1037.2  -114.4  1791.6  30.7  18.9  697.9
819.6  -95.6  1760.0  265.2  55.3  -72.3
454.0  -79.2  1413.2  418.2  -439.7  -417.3
220.0  -14.0  1604.8  164.7  -455.3  -679.0
-85.6  2.4  1626.0  351.8  -381.6  -936.1
-135.2  33.2  1472.0  437.9  9.0  -962.6
-298.4  13.2  1298.4  130.7  -202.2  -765.4
-366.4  26.4  1451.6  20.9  -130.2  -538.6
-238.0  92.4  1452.8  104.5  15.6  -370.1
-290.8  82.4  1442.8  -5.3  -214.8  -104.4
-218.0  42.0  1465.6  -29.1  -125.4  -28.1
-40.0  71.6  1449.2  -66.1  -198.0  44.2
-50.8  83.2  1504.4  -14.5  -167.8  28.7
-4.4  82.4  1570.4  6.6  -128.3  28.8
25.6  85.2  1470.0  60.2  -119.9  -36.5
81.2  76.4  1543.2  -20.6  -83.6  -38.2
-53.6  61.6  1496.8  33.5  -114.8  -80.1
70.0  61.2  1504.4  23.8  -95.9  -45.6
36.0  59.6  1459.6  1.9  -200.9  -109.2
31.6  52.4  1512.4  -5.6  -251.6  -137.6
22.4  43.6  1520.8  51.0  -247.6  -143.0
120.4  60.4  1496.4  9.0  -261.4  -96.0
141.2  73.6  1525.6  -60.9  -216.4  -142.5
111.6  53.2  1525.6  59.7  -144.2  -106.2
98.8  43.6  1556.0  5.7  -100.9  17.2
77.2  17.2  1486.4  70.8  -85.2  -32.9
159.6  21.6  1563.6  9.4  -48.7  60.6
150.8  15.6  1491.2  41.3  -70.9  -43.1
84.0  50.0  1464.4  16.9  -116.4  -6.1
213.6  33.2  1514.8  7.5  -132.5  10.2
129.6  36.4  1459.6  -14.7  -153.1  -30.8
-58.8  13.2  1529.6  -70.1  -189.5  -90.5
-1622.4  -174.8  2257.2  -98.0  527.1  469.0
-667.2  -246.8  1287.6  292.9  1028.4  1893.3
756.4  -139.6  1267.6  -329.8  694.3  1379.7
908.4  -64.4  1564.0  -0.3  -124.9  624.4
786.4  14.8  1634.8  -79.5  -134.0  -56.1
432.0  12.0  1724.8  76.8  -464.6  -308.3
123.6  20.8  1735.6  180.7  -139.9  -631.5
33.6  -1.2  1663.2  472.2  -74.4  -650.3
-113.2  23.2  1362.4  417.4  -72.3  -689.0
-264.0  77.2  1446.4  224.8  33.1  -602.9
-334.0  79.2  1370.4  184.3  -130.5  -402.4
-256.0  148.4  1379.6  11.2  -141.4  -216.4
-140.4  148.8  1401.2  -63.3  -244.3  -182.4
-52.8  101.2  1579.2  -40.6  -203.2  -100.7
-125.2  94.4  1452.0  35.2  -214.2  -114.1
47.6  90.4  1507.2  -46.8  -237.4  -94.7
-74.4  58.0  1516.8  -66.7  -310.7  -83.0
-104.4  55.2  1528.0  -33.3  -242.0  63.8
4.0  68.4  1622.8  45.6  -136.1  42.7
83.6  93.6  1521.2  96.2  -72.8  20.0
71.6  98.8  1514.0  81.0  -53.6  24.5
122.8  110.4  1483.2  76.4  -92.3  40.2
59.2  106.8  1538.0  38.3  -77.6  -20.8
80.8  108.4  1478.0  81.2  -77.7  12.3
132.8  114.4  1534.8  -26.4  -70.8  -13.3
80.4  96.8  1495.6  87.3  -23.2  -43.0
70.0  111.2  1503.6  -13.0  -38.9  -30.9
37.2  100.0  1449.6  64.9  -72.1  -10.1
107.6  101.6  1491.6  19.3  -104.5  -3.4
140.0  114.4  1518.4  12.9  -100.0  -57.2
70.4  110.0  1538.4  -11.7  -45.9  -68.5
98.8  108.0  1561.2  -40.8  37.1  -86.6
-62.8  100.8  1544.0  30.1  77.7  -111.1
-504.0  26.4  1467.2  0.5  63.5  -23.6
-1379.6  -127.2  2003.6  396.5  784.6  603.7
-1150.8  -225.2  981.2  576.5  1001.1  1689.4
291.6  -175.2  1271.2  -597.8  92.6  2054.1
927.6  83.2  1978.8  -311.2  398.1  1343.3
1078.4  122.4  1886.0  -209.0  -207.3  188.1
773.6  88.0  1581.6  326.1  -384.3  -484.0
298.0  116.8  1560.0  19.1  -631.3  -856.2
-159.2  37.6  1601.6  -4.9  -352.7  -1145.0
-166.4  47.6  1431.6  267.2  70.5  -1029.2
-273.2  60.4  1582.4  195.9  -91.1  -810.2
-441.6  164.0  1414.0  158.2  -119.2  -511.6
-401.2  136.4  1394.0  12.2  5.5  -478.4
-363.6  98.8  1363.6  -295.0  -442.2  -145.7
-226.0  6.4  1674.8  -205.2  -394.5  82.3
-116.8  51.6  1561.2  50.3  -151.7  60.2
24.8  90.0  1482.4  -10.9  -130.5  42.6
32.8  62.8  1530.8  -39.7  -157.5  41.3
50.4  38.0  1598.0  34.3  -68.4  -21.7
48.4  54.0  1490.0  75.4  -28.0  -21.3
6.0  70.0  1419.6  21.1  -85.6  -27.6
46.8  66.8  1521.6  -40.1  -139.2  -53.6
-12.4  66.8  1473.6  -5.3  -166.1  -31.9
28.8  61.6  1586.8  -45.9  -118.0  -38.7
51.2  42.8  1500.8  11.0  -100.4  -23.9
121.6  54.4  1555.2  7.0  -50.3  -101.7
110.4  48.0  1490.4  40.3  -38.8  -119.2
-9.6  28.8  1464.8  -10.2  -90.6  -98.0
-14.4  31.2  1489.2  -11.0  -104.3  -55.5
8.0  1.2  1518.8  -11.6  -109.7  -14.6
100.4  32.4  1556.8  27.7  -88.0  -61.9
106.4  33.6  1461.6  31.7  -107.9  -106.8
-64.8  8.4  1465.6  30.4  -165.1  -169.6
-1623.2  -204.8  1695.2  42.2  -273.8  121.5
-1540.0  -641.6  1010.0  -185.4  760.1  2915.4
1475.6  -233.2  1632.8  -506.5  884.0  2140.2
1246.0  -41.2  1300.0  311.3  -269.2  280.3
368.8  -147.2  1792.0  -194.9  -472.1  -241.5
-116.4  -124.4  1816.8  233.8  -140.6  -317.5
20.8  -84.4  1570.4  188.3  4.3  -206.9
260.8  -50.8  1569.2  236.4  -32.3  -170.6
288.0  14.4  1509.2  304.6  -116.4  -455.0
113.2  57.2  1654.8  297.8  -69.1  -650.4
-41.6  17.6  1485.6  407.0  0.9  -699.6
-162.0  28.4  1473.2  366.1  80.5  -613.9
-114.8  60.8  1245.2  287.2  -85.0  -501.9
-186.0  138.4  1367.2  -92.1  -253.4  -446.8
-125.2  121.2  1511.6  -176.2  -259.8  -327.4
-128.4  58.4  1556.0  -88.9  -296.4  -121.7
-114.4  89.2  1520.8  72.4  -272.1  -154.6
-136.0  59.2  1563.2  3.0  -183.2  -105.3
-104.0  62.4  1578.8  84.5  -67.9  24.4
31.2  85.2  1479.2  7.5  -87.0  101.9
125.2  125.2  1529.6  88.2  -89.7  19.8
105.2  100.0  1501.6  4.0  -107.8  41.3
35.6  80.8  1524.0  61.3  -94.5  -61.2
51.2  94.8  1536.0  75.3  -32.4  18.1
67.6  91.6  1456.4  55.0  -73.5  13.0
152.0  99.6  1550.8  -14.6  -98.7  5.9
65.2  96.0  1504.8  55.1  -55.3  -53.8
107.6  126.0  1560.0  47.3  -13.5  -33.2
84.8  104.4  1468.8  26.3  -40.8  -14.4
95.6  84.8  1512.8  7.7  -62.9  -41.8
106.0  89.6  1494.8  1.6  -58.6  -100.5
32.0  86.8  1538.0  -12.6  -38.9  -122.8
-399.6  25.6  1462.0  22.9  -92.5  -51.9
-1615.6  -107.2  1652.0  179.9  120.3  605.5
-1086.8  -330.0  1048.0  -449.1  665.8  2343.0
1116.8  -171.6  1856.4  -758.6  1261.8  1818.2
1354.4  -82.0  1801.2  -115.7  -52.6  543.5
466.4  -76.0  1774.4  171.9  -253.1  -275.4
87.6  -6.0  1678.0  490.8  -308.2  -472.5
56.4  29.6  1532.8  330.7  -177.1  -560.7
1.6  64.0  1504.4  473.2  -300.1  -601.5
-91.6  113.6  1416.8  370.0  -199.0  -745.9
-153.6  146.8  1389.6  269.8  -274.1  -738.8
-412.0  145.6  1369.6  53.3  -195.4  -558.6
-244.8  160.0  1433.2  86.3  -163.4  -368.5
-141.6  126.8  1444.0  -89.8  -268.1  -276.2
-143.6  116.8  1426.0  -29.8  -354.7  -171.3
-46.8  107.2  1485.2  -130.6  -395.5  -84.9
-25.6  102.4  1444.8  -49.8  -459.1  -162.0
-91.6  82.8  1619.6  -76.4  -280.3  -75.0
-66.4  79.6  1638.0  86.8  -144.8  -5.2
55.6  105.2  1496.0  98.0  -36.0  67.9
200.4  122.0  1460.4  67.7  -79.5  19.7
140.0  134.0  1520.0  5.9  -100.9  -11.3
95.2  127.2  1530.4  19.6  -87.4  14.3
102.0  118.0  1536.4  28.6  -43.7  -69.8
98.8  106.4  1488.8  10.2  -53.9  43.4
166.4  104.8  1520.4  -22.3  -94.3  0.6
122.4  93.6  1546.8  20.4  -50.5  -25.5
89.6  102.0  1463.6  2.0  -89.1  -24.2
130.8  124.4  1577.6  16.5  -50.6  -35.7
84.8  92.4  1477.6  -9.3  -34.1  7.0
83.2  82.4  1534.4  36.6  -61.9  -35.4
104.0  96.0  1504.4  -13.0  -92.6  -8.4
101.2  106.0  1518.0  -36.5  -129.3  -68.0
104.4  129.2  1609.2  20.1  14.4  -148.8
-146.4  72.0  1488.0  64.9  38.7  -82.6
-1376.8  -72.8  1538.4  256.3  81.4  422.2
-1393.6  -279.6  1494.0  -284.9  1171.0  2649.6
415.6  -301.2  1348.0  -495.2  1000.3  2031.8
1302.4  -214.0  1682.4  -265.9  -131.0  1092.2
902.4  -182.0  1708.8  -238.8  -469.8  -64.2
432.0  -132.8  1935.6  42.4  -731.9  -373.2
266.8  -80.4  1896.4  280.6  26.0  -707.8
242.8  -67.6  1496.4  587.7  -5.7  -821.2
-65.6  28.8  1501.6  523.8  -33.2  -965.7
-80.8  90.4  1356.0  528.4  -20.1  -961.9
-338.0  52.0  1281.6  18.5  -234.8  -842.4
-269.2  151.6  1321.2  -9.6  -140.4  -577.9
-278.8  65.2  1435.2  -191.1  -286.7  -391.2
-264.4  91.2  1432.8  -173.6  -324.0  -182.5
-121.2  60.4  1539.6  -98.7  -265.9  -145.7
-105.2  30.4  1519.6  -73.0  -260.2  -41.5
-114.8  64.0  1574.8  -10.7  -211.6  37.6
34.4  51.6  1548.0  3.4  -144.7  66.0
116.4  42.0  1517.2  19.2  -130.9  87.1
170.4  46.8  1519.2  60.4  -79.9  1.4
116.4  39.2  1560.4  40.9  -69.3  2.4
77.2  52.8  1479.2  53.8  -69.1  -4.2
127.6  63.2  1530.4  39.2  -53.2  -10.2
121.6  60.8  1484.4  20.1  -61.0  -27.2
75.2  58.4  1502.4  24.2  -68.8  -29.2
122.8  54.8  1538.8  -6.5  -24.8  -61.1
110.8  45.2  1533.2  11.5  -1.2  -55.8
119.2  32.8  1508.0  48.2  39.1  -98.3
60.0  28.4  1439.2  -36.0  -34.9  -92.3
110.8  54.4  1486.4  -108.3  -68.6  -158.0
-50.0  -8.0  1258.8  -185.2  -284.5  -386.0
-1060.4  -157.6  2008.4  -257.1  -497.5  -294.5
-2392.4  -546.4  1725.2  829.5  392.5  1561.4
1023.6  -687.2  1134.8  -882.8  1229.9  3276.7
1905.6  -236.0  1651.2  -465.0  234.9  1492.8
949.2  -217.6  1665.6  -125.8  -604.6  -169.9
185.6  -121.6  2142.0  231.5  -505.0  -428.0
266.0  -85.6  1736.8  426.4  28.1  -453.7
295.6  -100.8  1589.2  429.3  5.7  -703.8
8.4  16.4  1520.4  611.7  21.5  -678.6
2.8  105.6  1419.6  534.7  65.5  -746.8
-68.8  115.6  1317.2  405.9  -46.5  -836.8
-329.2  112.8  1326.8  130.3  112.8  -550.4
-296.0  126.4  1327.2  93.9  -30.1  -435.6
-241.2  114.0  1417.2  56.9  -93.7  -136.4
-168.8  140.0  1342.4  -52.7  -273.8  -145.3
-129.6  128.0  1514.0  -194.2  -318.4  -46.2
-134.0  118.4  1561.2  27.1  -217.0  -75.0
-84.8  117.6  1610.8  34.3  -54.5  47.8
-32.8  111.6  1432.0  77.5  -87.2  -7.8
-14.8  104.4  1519.2  -5.9  -88.8  70.2
38.4  129.6  1518.8  25.0  -93.6  22.9
32.0  112.0  1482.4  -4.5  -107.0  54.7
69.6  122.4  1513.2  14.8  -109.1  18.7
74.4  122.4  1543.2  16.3  -75.1  15.7
17.6  114.4  1499.2  82.6  -47.3  2.1
79.2  117.6  1519.2  22.5  -32.0  27.8
42.4  124.8  1489.6  51.1  -25.7  -32.0
-11.6  122.8  1486.8  34.6  -39.6  -26.9
-2.8  91.2  1483.2  -1.5  -67.0  22.6
23.2  126.0  1501.6  27.2  -66.0  7.9
25.6  78.4  1510.4  58.2  -25.9  8.0
-15.2  110.4  1422.8  71.4  -121.1  38.9
40.8  110.0  1505.2  28.2  -182.5  4.2
-6.8  144.8  1503.6  -15.3  -236.8  121.2
31.2  114.4  1505.2  -55.4  -201.2  233.2
142.0  124.4  1572.0  14.3  -158.8  55.1
86.0  62.8  1560.8  27.5  -93.0  173.7
118.8  96.4  1564.0  138.7  -20.6  -69.0
26.8  97.2  1503.6  43.1  62.3  80.3
79.6  72.8  1487.2  76.3  3.4  55.4
56.8  79.2  1491.2  59.1  10.9  57.2
99.6  74.8  1560.4  66.2  -2.4  -10.7
16.4  106.4  1529.2  48.6  23.3  18.3
88.0  140.0  1593.6  127.3  84.3  -16.7
2.8  114.4  1452.8  167.0  63.5  28.4
49.6  150.8  1472.8  69.9  -4.9  63.3
24.0  118.8  1482.8  10.5  -98.7  14.2
-9.2  168.8  1552.0  23.8  -78.8  54.0
-6.0  192.0  1500.0  37.7  -30.4  -71.2
3.2  183.6  1488.0  18.7  -41.0  36.5
13.6  164.8  1528.8  -0.5  -70.6  -45.7
-23.6  156.8  1551.6  9.1  -1.9  11.3
-13.2  124.8  1471.2  -23.9  8.4  -6.4
-31.2  152.0  1530.4  -47.9  45.7  -48.5
-42.0  106.8  1485.6  -56.1  64.2  -44.5
-8.4  88.0  1469.6  -69.9  39.2  -30.1
26.8  59.6  1487.6  -76.2  16.8  -93.1
-151.6  72.8  1406.8  -45.2  -88.0  -123.1
-27.2  78.8  1508.4  -132.7  -125.1  -15.1
-86.4  35.6  1548.0  52.2  -78.6  -140.6
-78.0  62.4  1498.4  101.8  -59.7  -121.1
-111.6  54.8  1460.4  134.9  -91.6  -152.4
-61.2  58.0  1495.2  32.8  -151.1  -61.5
-42.8  69.2  1526.0  37.3  -160.1  -136.0
22.8  63.2  1581.6  62.6  -69.0  -55.9
-40.8  56.4  1464.4  67.5  -58.4  -130.3
12.4  68.4  1536.0  35.5  -18.0  -121.0
-26.0  76.0  1502.8  81.5  11.9  -196.8
-150.8  90.8  1500.8  30.0  -15.4  -130.6
-130.0  116.4  1476.4  113.3  2.6  -139.9
-128.0  87.2  1478.8  12.4  -42.3  -26.7
-68.0  78.4  1475.6  51.5  -64.9  28.3
28.4  29.6  1560.8  6.6  -57.1  -23.1
-90.0  80.4  1479.6  119.2  15.5  -133.9
-140.8  65.2  1422.8  35.7  -63.7  -15.8
-38.8  115.6  1482.8  87.4  -183.9  -106.7
-137.6  126.0  1514.8  33.5  -179.8  -80.2
-36.0  88.8  1511.2  -92.9  -102.5  -45.2
-54.0  22.8  1548.0  -152.3  -33.8  39.4
-48.8  -15.2  1468.8  -54.2  13.9  -60.9
-221.2  24.0  1162.8  39.9  -59.7  29.3
-44.0  -17.6  1478.8  -73.9  -102.1  37.7
-116.8  4.8  1552.4  -36.0  -93.1  30.2
-107.2  41.2  1502.4  34.6  -65.5  46.9
-110.0  27.2  1442.0  -26.2  -77.8  116.4
184.8  18.4  1960.0  -713.2  -115.0  321.5
11.6  -18.0  1528.4  100.6  -114.1  -35.5
-2.8  -40.8  1526.4  -11.8  -23.9  100.0
-125.6  -104.4  1454.8  -42.5  -71.4  112.4
-318.0  46.4  1924.4  -74.0  49.8  -26.3
-58.0  -48.4  1466.0  -37.9  4.0  59.4
-66.4  -108.4  1505.6  -33.1  -30.1  104.0
-9.2  -172.8  1547.2  -90.7  175.5  33.7
-145.6  -63.6  1466.0  75.1  -43.3  49.4
-95.2  -73.6  1461.6  -76.3  -73.8  101.9
-138.0  -82.0  1578.8  -134.4  -33.8  178.2
-155.6  -77.2  1484.8  -267.7  -33.2  61.8
-78.0  -130.4  1494.4  -31.9  27.6  114.6
-101.6  -138.0  1517.2  11.0  -56.6  35.9
-170.8  -136.8  1436.8  59.0  -122.1  -22.8
-98.4  -173.2  1496.8  88.4  -146.1  -12.8
-110.0  -134.0  1481.2  89.9  -104.3  53.9
-102.8  -110.8  1660.8  145.6  -70.3  69.5
-110.8  -94.4  1520.8  78.2  -27.0  -43.9
-96.0  -5.6  1460.8  306.4  -17.4  -91.9
-78.8  -108.4  1426.8  130.1  -108.3  -93.9
-64.8  -67.2  1415.6  70.3  -100.0  -88.5
-116.0  -36.0  1814.4  46.5  -69.9  -61.3
-132.8  -97.2  1506.8  4.4  -94.0  -43.6
13.2  -23.6  1590.4  -27.3  -13.8  -33.0
-84.4  -103.6  1426.4  -366.5  151.5  9.3
-39.2  12.0  1268.4  52.5  -60.2  118.4
-55.2  -28.4  1623.6  -75.5  -20.8  -40.1
-163.2  -167.6  1524.8  -162.3  171.1  88.3
