95.6  -179.2  1504.0  -106.9  78.8  155.1
87.2  -231.6  1503.2  -89.3  141.1  108.0
44.4  -257.2  1490.8  -130.8  -60.2  87.4
51.2  -186.0  1545.6  -140.2  -9.0  49.6
86.8  -240.0  1461.6  -267.7  254.8  20.7
94.8  -335.2  1378.4  110.1  173.4  -196.9
5.6  -342.8  1513.6  220.7  -36.9  -88.7
-43.6  -351.2  1528.8  65.5  -259.6  94.4
60.8  -304.4  1509.2  25.6  -342.7  24.3
114.0  -313.6  1415.2  -11.8  -262.4  10.2
113.6  -290.8  1408.8  -73.4  -67.9  -17.6
98.8  -283.2  1592.4  251.9  -34.5  -122.4
100.0  -256.8  1672.8  60.6  -38.3  -96.4
182.4  -218.0  1506.8  -108.4  -86.8  -2.3
132.4  -216.8  1482.0  53.5  -182.0  34.0
66.8  -252.8  1512.8  31.8  -114.0  19.3
127.6  -225.6  1506.0  -28.7  -88.8  3.8
126.4  -241.2  1456.0  43.3  -66.0  -9.3
120.8  -276.0  1536.8  67.2  -58.1  -33.8
141.2  -275.2  1585.2  25.9  -39.8  -12.9
110.0  -304.0  1580.0  -77.7  -49.1  29.3
144.0  -306.8  1498.0  -81.6  -107.9  10.4
135.2  -287.6  1476.0  24.4  -126.4  21.7
80.4  -305.2  1444.4  26.8  -85.5  29.4
80.8  -300.4  1484.4  77.1  -26.6  3.5
98.0  -326.8  1545.2  53.5  24.0  -67.2
119.6  -325.2  1508.8  37.4  3.0  -64.4
122.0  -324.4  1503.6  57.6  -44.6  -76.7
111.2  -290.8  1496.0  0.2  -54.1  -12.9
92.0  -282.4  1526.8  29.4  -85.3  -7.1
100.0  -289.6  1497.2  -6.9  -80.9  21.3
67.2  -308.0  1517.2  11.6  -72.0  -14.5
113.6  -312.0  1539.6  57.0  -67.8  -94.4
136.4  -287.2  1587.2  -24.7  -126.9  -30.1
61.6  -330.4  1650.0  -67.9  -67.6  29.4
90.4  -313.6  1555.6  -162.4  -193.3  -42.1
153.2  -356.0  1454.4  -229.3  -193.3  37.7
250.8  -395.6  1056.0  -429.5  -3.8  98.4
105.6  -376.4  83.2  -533.1  -213.5  257.7
270.0  -115.2  -730.4  208.0  73.6  -73.0
112.8  480.0  705.2  3276.7  889.5  -279.6
-609.2  739.2  3276.7  3276.7  989.5  -397.7
-579.6  557.2  3276.7  -1832.5  -346.9  687.9
-189.2  446.8  2358.0  -1811.9  -536.3  -34.3
-29.6  93.6  1708.8  -771.2  -328.4  47.6
-160.4  2.0  1317.2  6.7  95.4  -25.5
16.8  -244.8  659.2  -922.9  -453.8  -385.9
190.4  -238.0  533.6  -594.8  -530.6  -224.1
160.4  -353.2  866.0  109.5  105.1  -122.3
185.2  -496.0  1330.0  93.2  110.2  36.2
130.8  -401.6  1502.8  -113.5  235.4  32.4
36.4  -500.0  1634.4  -60.5  214.3  91.9
5.2  -435.6  1627.2  -73.3  68.2  10.6
50.4  -402.8  1503.2  121.6  -26.8  -4.7
44.0  -447.6  1518.0  305.8  -56.2  -68.8
24.4  -429.2  1500.4  -45.6  -111.3  -4.9
-60.4  -421.6  1463.2  57.8  -21.5  82.8
-48.0  -370.4  1493.2  -37.7  13.8  60.1
20.8  -346.4  1367.6  -252.2  -20.9  25.0
-41.6  -402.8  1402.4  -32.9  -91.1  0.3
-84.0  -432.4  1528.8  36.4  65.7  -90.8
-69.2  -388.4  1532.0  141.5  25.1  -133.9
-15.6  -408.8  1437.2  37.3  -46.4  -48.4
-8.4  -434.4  1387.2  -5.1  -85.4  98.0
-152.8  -460.4  1578.4  58.4  -68.3  118.3
-115.6  -416.4  1550.0  -172.0  -74.4  92.8
-36.8  -409.2  1405.2  -57.5  -96.9  70.3
-3.2  -438.8  1447.6  77.1  -96.6  59.5
-78.4  -497.2  1508.8  73.2  -92.7  9.7
-97.6  -482.4  1539.2  93.4  -101.3  -49.2
-49.6  -440.8  1467.2  13.6  -96.4  -77.4
-25.2  -394.0  1490.4  94.9  -99.7  -50.8
-50.0  -404.4  1487.6  30.6  -142.6  -40.0
-24.0  -402.4  1448.0  36.5  -121.1  28.3
-38.0  -421.2  1433.6  83.0  -97.4  26.2
-52.4  -457.2  1458.8  62.8  -67.8  -14.3
-38.0  -432.8  1488.8  105.9  -66.5  -24.0
-22.0  -437.6  1534.4  64.2  -100.2  -49.4
-6.0  -426.0  1525.2  -8.1  -119.1  -47.6
-16.8  -420.0  1465.2  -117.4  -256.8  -36.7
16.4  -422.8  1300.8  -67.6  -152.3  47.0
-16.0  -442.4  1380.0  143.4  -91.9  51.6
-9.6  -418.4  1417.6  14.3  96.0  125.7
10.0  -399.2  1358.0  -12.8  287.0  261.9
57.6  -540.8  982.8  -88.8  188.2  355.4
118.8  -481.6  324.4  -299.3  -146.3  211.9
-2.4  -123.2  234.8  716.7  -441.0  52.8
-175.6  593.2  1790.4  3276.7  202.9  -673.1
-1686.8  530.8  3276.7  1984.2  -949.1  -1059.4
-468.4  270.4  3276.7  -1028.8  131.2  382.0
-285.6  366.0  2049.2  -1758.9  -479.7  -51.1
-278.0  86.0  1514.8  -825.2  -99.4  -50.9
-165.6  -122.0  1255.6  -455.5  -22.5  -220.0
61.2  -289.6  1042.4  -564.8  -493.5  -218.5
106.8  -326.8  855.6  -459.0  -462.4  -53.0
78.0  -474.0  1159.6  24.3  -291.6  4.9
49.6  -453.2  1201.2  -318.2  -155.7  40.0
24.8  -398.0  1297.6  -42.7  -93.9  36.2
29.2  -450.0  1492.0  106.2  30.7  47.6
-36.4  -433.2  1573.2  79.5  -41.9  3.5
15.6  -442.0  1494.4  29.6  -69.8  -39.9
4.0  -409.6  1480.4  82.0  -47.8  -0.5
-3.6  -441.6  1481.6  11.4  -47.2  -22.9
-44.0  -450.0  1494.0  68.6  -60.8  -17.1
-27.2  -468.4  1496.4  -61.8  -65.2  -18.3
-11.2  -437.6  1434.0  -18.2  -49.5  -21.0
-5.6  -445.2  1465.2  0.6  -28.0  -13.5
-21.6  -413.2  1456.4  40.1  -46.4  -27.6
-17.2  -440.8  1492.0  78.1  -49.6  -24.9
-10.4  -443.6  1496.0  55.2  -82.4  -15.6
4.4  -454.0  1522.0  7.8  -112.9  30.6
-14.0  -446.8  1430.4  -36.9  -108.4  50.2
-39.6  -439.2  1422.4  -20.9  -78.3  39.2
-16.8  -460.8  1457.6  -0.1  -44.7  7.8
25.2  -474.8  1496.8  25.1  -55.8  15.0
-22.8  -471.6  1494.8  51.9  -72.9  10.5
9.2  -448.4  1440.8  73.7  -89.9  -36.3
-48.8  -437.6  1415.6  107.1  -68.7  -24.9
-26.8  -448.0  1454.0  205.2  -42.5  -37.6
-47.6  -460.0  1519.6  127.7  -32.3  -18.8
3.2  -430.0  1502.0  102.6  -53.6  -24.4
37.6  -410.8  1505.6  176.9  -43.1  -44.3
75.6  -440.4  1675.6  295.2  -96.3  75.9
45.2  -377.6  1580.8  -167.5  -307.5  71.7
-60.4  -354.8  1287.6  -144.4  -345.7  53.6
-56.4  -330.8  1071.2  130.1  -80.6  -23.4
-12.8  -270.0  1182.4  519.0  198.6  -188.1
141.2  -354.4  1060.8  502.5  358.2  -35.2
308.4  -298.0  122.0  30.7  149.4  423.4
-112.8  384.0  585.2  666.3  -1064.0  -211.6
-60.0  288.8  2472.4  1745.9  -353.7  -673.2
80.0  -338.0  3276.7  878.2  614.3  155.8
60.4  -58.8  2954.8  -1729.3  -230.4  465.5
1.6  -66.8  2246.8  -934.6  -118.6  4.2
-131.2  -197.2  1491.6  -679.3  -148.0  -375.0
-48.4  -200.4  872.4  -695.1  -124.0  -355.5
52.4  -260.0  664.0  -263.4  -491.2  -347.4
143.2  -393.6  766.8  -119.5  -383.2  -38.4
174.0  -399.2  987.2  1.7  -85.1  36.7
181.2  -443.2  1281.2  252.3  -63.7  -2.8
204.0  -465.2  1527.6  74.9  166.7  -34.0
104.8  -527.6  1687.2  222.0  55.3  -114.0
196.0  -442.4  1592.4  -59.4  -17.7  -17.8
171.2  -424.0  1509.2  39.1  -97.2  -15.5
158.0  -366.4  1430.8  -19.1  -87.4  15.9
98.8  -403.6  1447.6  58.7  -80.1  57.3
85.2  -451.6  1479.6  14.4  -30.1  15.1
87.6  -449.6  1450.8  61.2  -15.6  -37.1
122.8  -452.4  1487.2  69.0  -24.9  -48.2
131.2  -447.6  1498.4  47.0  -58.4  -13.9
108.4  -451.2  1485.6  -1.7  -68.3  3.5
116.0  -439.6  1463.2  60.7  -93.9  -25.6
131.6  -429.6  1444.0  38.1  -44.7  5.3
86.0  -423.2  1453.2  130.9  -67.4  -10.8
69.6  -412.4  1504.4  93.3  -36.1  -70.8
151.2  -382.4  1510.0  76.1  -13.4  -75.9
154.0  -391.2  1544.4  98.1  -80.7  -25.1
120.0  -426.0  1509.6  30.9  -108.5  24.0
99.2  -434.8  1474.4  39.2  -89.7  43.2
78.8  -425.2  1487.6  28.3  -72.4  44.8
90.4  -412.8  1473.6  5.3  -72.5  -3.2
112.8  -405.6  1486.8  39.1  -68.3  -24.8
123.2  -406.0  1512.4  52.0  -127.2  -4.9
117.2  -421.6  1536.8  -4.0  -86.3  7.0
99.6  -440.8  1588.8  -58.5  -45.2  -10.8
126.8  -455.2  1578.4  -104.6  -117.1  -54.1
198.0  -435.6  1432.8  -228.3  -252.3  -112.5
95.2  -490.0  1310.0  -115.3  -82.2  -100.4
120.0  -485.2  1046.8  -18.8  0.5  112.2
40.8  -604.8  427.2  59.0  20.8  555.9
267.2  -312.4  -745.2  -422.8  -254.1  612.0
692.0  423.2  1035.2  2654.1  19.4  -220.9
-360.4  165.2  3276.7  2832.1  737.6  17.3
-480.0  -206.8  3276.7  -1748.2  -344.9  -6.3
208.0  93.2  2082.4  -1895.4  -316.3  -201.8
76.4  -150.0  1208.0  -434.0  -132.1  -104.4
-31.6  -107.6  1052.0  751.7  347.6  -236.9
161.6  -367.6  1009.2  81.2  -266.4  -554.7
136.8  -268.0  984.0  -235.5  -407.5  -10.7
144.8  -353.6  1230.8  209.1  37.7  -0.3
199.2  -366.0  1359.6  -2.7  -44.1  -39.6
161.2  -292.8  1359.6  17.7  -9.6  -74.2
160.0  -411.2  1454.0  114.1  84.5  -60.6
118.0  -279.6  1556.8  89.5  -33.7  31.1
67.6  -272.4  1505.2  53.4  -118.4  59.8
32.4  -333.6  1537.6  72.0  -68.9  98.4
-5.6  -331.2  1536.4  65.7  -117.6  42.0
9.2  -347.2  1515.6  -71.3  -95.6  77.2
35.2  -297.2  1451.2  -41.4  -54.0  8.7
116.0  -268.8  1490.0  -41.8  -54.6  26.0
58.0  -331.2  1560.8  114.7  -113.1  47.9
41.2  -344.8  1641.6  72.2  -107.7  -25.0
152.4  -302.0  1392.4  -202.8  -55.5  43.1
151.2  -359.6  1450.8  156.9  -50.5  -37.7
150.8  -378.4  1419.6  -17.0  -38.1  32.1
-19.2  -344.8  1532.8  150.5  -120.6  1.8
0.4  -303.6  1536.4  -22.3  -29.8  25.0
72.4  -282.4  1598.8  1.2  -104.9  36.6
117.6  -308.4  1513.6  -50.2  -159.0  72.3
130.4  -350.0  1482.0  -37.1  -160.7  66.1
77.2  -374.4  1453.2  42.2  -111.2  38.1
82.8  -407.2  1501.2  43.4  -95.8  9.2
80.0  -368.0  1527.2  20.3  -44.3  -50.1
140.8  -320.0  1496.4  46.7  -18.2  -67.0
172.4  -342.4  1544.0  74.2  -85.1  -24.4
147.2  -352.4  1540.8  -24.6  -87.6  11.2
81.2  -408.8  1574.8  -11.5  -139.3  27.8
54.8  -400.4  1539.2  -17.1  -196.7  116.2
57.6  -378.0  1406.8  -199.2  -160.1  69.7
106.4  -358.8  1204.0  -144.4  -98.0  73.8
108.0  -454.4  1015.6  34.8  106.5  136.0
220.8  -590.8  142.0  -808.4  602.5  835.2
21.6  -249.6  -176.4  191.9  -121.7  610.5
-356.0  474.0  1260.0  2830.2  -298.9  -950.5
-56.4  203.6  3276.7  2445.6  1006.0  -570.1
14.0  364.8  3276.7  -410.7  -332.4  -153.1
-164.4  247.6  2454.4  -1996.4  -353.0  291.9
-263.2  158.4  1682.8  -428.1  -86.1  -34.9
-304.4  -29.6  1283.2  80.8  149.4  -550.9
50.8  -244.8  687.2  -571.1  -648.3  -269.6
199.6  -271.6  565.6  -617.3  -335.6  199.3
171.6  -392.4  770.4  3.6  -445.6  155.0
144.8  -392.0  1160.0  30.5  -82.6  39.9
118.4  -380.4  1430.8  111.7  128.8  81.0
49.2  -418.0  1675.2  86.4  6.3  -89.1
157.6  -402.0  1620.4  -36.6  70.3  -124.5
252.4  -309.6  1444.8  -4.9  -30.9  -83.2
120.0  -341.6  1434.0  226.3  -170.8  20.3
-16.8  -368.8  1481.6  46.1  -22.9  130.9
-50.8  -430.4  1582.0  70.5  -19.1  -4.7
-10.0  -356.4  1515.6  -72.0  -31.4  -50.5
34.4  -305.2  1426.0  -47.6  -58.3  -4.6
57.6  -317.6  1475.2  4.4  -38.6  36.7
11.6  -348.8  1508.8  108.4  -75.9  39.2
36.0  -383.6  1533.6  56.4  -22.2  -5.2
53.6  -375.2  1502.8  57.7  -29.4  -30.5
95.6  -364.0  1510.8  15.0  -99.6  0.8
45.2  -407.2  1547.2  -0.4  -139.6  58.8
36.4  -393.2  1560.8  -132.4  -175.8  79.3
46.0  -393.2  1452.4  -284.5  -116.1  64.2
92.0  -374.8  1353.2  -171.5  -102.9  52.0
76.4  -393.6  1434.0  146.3  -108.5  73.4
8.4  -423.6  1576.8  110.0  -110.6  50.4
60.0  -469.6  1546.4  -103.3  -51.2  24.0
112.0  -432.8  1473.2  8.3  -117.8  -16.2
101.2  -430.4  1441.6  100.1  -147.8  1.4
63.2  -431.2  1487.2  123.6  -143.1  -2.2
94.4  -413.2  1452.4  102.2  -104.6  -21.7
105.6  -405.6  1478.8  86.4  -82.2  -1.8
58.0  -407.6  1516.8  112.3  -76.9  -5.1
87.6  -407.6  1480.8  0.3  -79.9  1.3
98.0  -387.2  1457.6  76.0  -65.8  -34.9
138.0  -366.4  1493.2  80.6  -66.0  -39.9
143.6  -400.0  1549.2  53.6  -98.4  -2.4
107.6  -411.6  1576.8  40.2  -127.5  8.5
102.4  -411.2  1541.2  -116.4  -122.7  12.6
89.6  -402.0  1414.0  -109.3  -135.3  51.3
53.6  -427.2  1343.2  -144.7  -195.1  97.8
-11.6  -538.0  1002.8  -106.7  -9.2  64.8
14.8  -575.2  248.4  -221.3  148.5  -3.5
212.0  14.8  -422.4  -355.1  -165.3  88.8
15.2  217.6  578.8  2561.8  346.6  -195.1
59.2  422.4  3276.7  3276.7  369.9  -1664.3
913.2  -200.4  3276.7  80.5  368.1  235.3
90.4  459.6  2685.6  -2513.0  -518.6  755.1
-82.4  128.0  1755.2  -1339.6  -303.6  233.0
-91.6  -38.4  1179.6  -588.2  -271.3  -166.2
68.4  -261.2  676.8  -667.5  -416.3  -352.3
146.4  -394.8  422.0  -640.1  -468.5  148.5
101.6  -589.6  882.0  170.5  -363.4  11.0
190.8  -591.6  1176.0  -158.5  -82.3  17.4
152.4  -540.8  1370.0  103.9  65.6  27.1
176.4  -550.4  1484.4  64.3  111.6  -20.1
141.6  -507.6  1437.2  123.7  -41.4  -44.9
174.8  -513.6  1516.8  164.3  -44.6  -54.6
185.2  -535.6  1586.0  46.6  -90.2  -36.9
181.2  -484.8  1521.6  -33.1  -153.2  -14.0
186.8  -466.4  1405.2  -7.0  -100.0  3.2
200.4  -522.4  1370.8  93.6  -103.5  42.5
68.4  -553.2  1458.8  108.1  -83.8  25.6
113.2  -562.0  1436.8  -15.5  -49.9  -15.0
162.8  -528.4  1417.6  -5.0  -14.3  -37.7
170.0  -518.8  1476.4  49.9  -18.3  -39.8
145.2  -502.4  1498.0  51.5  -63.5  -25.5
157.6  -514.8  1463.6  -5.2  -49.2  -17.7
185.2  -476.0  1481.6  56.7  -63.7  -32.9
198.8  -487.6  1418.0  36.6  -81.5  -8.6
162.0  -531.2  1446.0  73.6  -72.0  29.9
119.6  -545.2  1462.8  40.7  -75.0  35.2
99.6  -538.4  1462.8  26.1  -25.8  4.1
122.8  -506.0  1433.6  74.5  -57.0  -22.1
133.6  -511.6  1434.8  34.4  -71.6  2.0
132.4  -488.0  1462.8  54.2  -73.2  21.4
144.0  -492.4  1480.0  22.4  -70.8  34.6
147.2  -488.4  1461.2  49.9  -85.4  27.4
153.2  -507.6  1480.0  32.5  -110.8  40.3
198.8  -487.2  1442.0  -3.8  -115.1  59.4
150.0  -533.2  1440.4  9.4  -110.8  71.6
126.4  -552.0  1408.0  11.1  -74.2  66.3
83.6  -518.4  1396.4  41.6  -64.4  27.4
68.4  -603.2  1173.2  -12.0  15.8  53.7
72.0  -614.0  536.4  -7.5  195.6  -10.8
375.6  -252.8  -480.8  -290.9  -94.7  68.0
13.2  269.6  700.0  2224.9  275.8  -501.9
-262.8  114.0  3276.7  2979.1  285.5  -1066.8
25.2  -238.4  3276.7  -1061.4  95.0  320.6
163.6  154.4  2205.2  -2453.0  -665.4  462.7
60.0  -88.8  1506.0  -920.4  -152.6  191.5
-86.0  -297.6  1130.0  24.1  70.1  -220.2
44.4  -368.4  726.0  -325.0  -120.4  -430.6
114.8  -442.0  663.6  64.0  -172.7  -217.4
120.8  -550.4  1000.0  160.4  -23.7  -114.9
159.2  -512.0  1231.2  37.2  26.2  9.4
143.6  -483.2  1350.4  -33.0  118.7  94.8
21.2  -532.0  1519.2  154.6  87.5  95.5
54.0  -492.4  1564.8  85.9  40.5  -28.8
90.4  -486.4  1585.6  4.3  37.3  23.2
143.6  -467.2  1572.0  7.5  -101.8  14.0
114.0  -489.2  1512.4  -12.7  -185.5  59.8
70.0  -508.8  1434.4  -34.9  -169.4  77.9
46.4  -502.0  1400.0  -7.9  -142.9  84.0
16.4  -521.2  1449.6  43.0  -117.4  53.1
45.2  -506.4  1422.0  -3.7  -59.8  55.1
46.8  -502.4  1427.2  76.4  -37.9  44.6
68.4  -509.6  1427.6  90.0  -18.6  22.2
75.6  -503.2  1480.8  155.1  -11.0  -23.9
36.4  -492.8  1506.4  115.5  -47.3  -27.9
86.0  -476.8  1499.2  67.3  -69.6  -18.5
71.2  -454.8  1450.4  76.8  -64.4  -40.1
43.6  -449.6  1485.6  78.9  -52.7  -28.3
42.8  -411.2  1515.2  72.3  -100.2  -29.3
56.8  -416.8  1464.4  28.6  -85.6  4.7
80.0  -446.4  1430.8  34.4  -72.4  18.2
69.6  -455.6  1433.6  77.5  -73.2  3.3
28.4  -484.0  1489.2  101.0  -95.2  -5.3
58.0  -428.8  1507.6  15.7  -30.3  -19.3
82.4  -424.8  1543.6  45.2  -41.3  -36.8
101.6  -477.6  1671.6  -17.0  -91.3  4.7
88.8  -472.0  1540.4  -116.6  -180.6  -1.3
93.6  -475.2  1424.8  -55.7  -175.2  4.6
86.4  -476.4  1340.8  -44.4  -206.9  -31.0
90.8  -437.2  1159.2  -53.1  -75.5  28.2
64.4  -498.4  917.2  148.5  46.4  113.2
132.8  -619.2  284.0  277.6  353.9  182.8
84.0  -320.8  -198.0  855.4  377.8  148.3
-76.4  283.2  1260.4  1668.0  333.5  -227.2
-314.8  156.8  3276.7  2179.8  14.0  -529.9
-250.4  18.8  3276.7  -1587.1  -284.4  498.7
-35.6  -32.0  2142.8  -1982.5  -420.9  376.2
-188.0  -203.6  1704.0  -396.2  326.5  68.5
-174.0  -91.2  1080.4  399.8  454.1  -782.6
65.2  -272.4  856.0  113.5  -651.8  -567.6
57.2  -316.8  888.8  -44.4  -580.9  -134.3
96.4  -422.0  1044.4  -51.2  -71.7  92.1
54.0  -402.8  1167.6  151.0  -263.4  6.7
148.8  -434.0  1282.8  24.6  205.5  15.7
-20.0  -380.0  1517.2  241.7  3.7  13.8
-10.8  -376.8  1690.8  100.2  97.5  -34.3
12.4  -332.8  1560.8  17.0  -101.6  -9.5
58.8  -272.0  1480.0  9.4  -28.1  40.4
-26.0  -358.0  1567.2  156.5  -122.6  33.2
-31.2  -364.0  1535.6  10.7  -107.6  43.1
-29.6  -365.2  1484.0  -20.2  -59.3  -0.4
4.0  -330.4  1397.6  -110.2  117.4  28.0
-24.0  -339.6  1452.8  171.4  -143.4  -32.4
-47.2  -328.4  1521.2  42.9  13.5  18.9
-76.0  -336.4  1589.6  87.6  -77.5  -10.7
-48.8  -394.0  1612.0  -70.1  -63.3  -47.4
-13.6  -368.8  1510.4  -262.1  60.6  -23.8
34.8  -379.2  1464.8  -55.3  -175.1  -47.0
38.4  -365.6  1422.8  -73.6  -140.6  7.8
-3.2  -364.4  1432.8  -16.9  -114.4  48.3
-56.4  -419.2  1496.0  162.6  -216.7  4.4
-36.0  -420.4  1493.6  -10.8  -77.5  -34.4
45.6  -398.0  1408.0  -31.2  -42.6  -46.5
25.6  -378.4  1428.8  111.5  -61.4  -23.3
47.6  -392.8  1444.0  48.9  -20.9  11.9
38.8  -356.4  1464.4  104.9  14.1  39.7
-76.0  -384.8  1674.8  332.5  -203.3  -55.1
-11.2  -367.2  1744.0  -62.6  -146.8  -42.7
58.0  -351.2  1593.6  -115.8  -209.9  25.1
68.4  -356.4  1384.8  -235.1  -185.8  94.0
76.8  -424.8  1269.2  -72.2  -205.2  96.0
202.4  -403.2  965.6  -493.1  144.1  411.0
-117.6  -505.6  772.4  362.8  -178.2  377.2
123.6  -413.2  72.0  15.4  293.7  382.0
-22.0  214.4  312.4  922.3  -62.2  189.2
-200.0  339.2  2586.0  2592.8  -39.7  -771.2
-430.4  -198.4  3276.7  929.5  121.1  -544.3
21.6  -68.0  3126.8  -2372.9  -473.7  431.0
30.4  -146.4  2079.2  -1170.3  -270.8  29.1
-57.6  -89.2  1582.4  49.6  442.9  76.5
-124.0  -153.6  1118.8  835.9  78.5  -609.5
146.4  -310.0  699.6  -504.8  -469.9  -128.3
52.4  -240.8  673.2  -387.7  -333.4  74.7
64.8  -328.8  931.6  -113.1  -230.0  21.3
98.4  -423.6  1155.2  185.9  -30.3  94.8
12.8  -386.4  1339.2  -2.3  75.2  9.6
2.4  -422.0  1505.6  218.0  -23.7  -66.2
-33.6  -345.2  1682.0  -21.5  181.4  -47.6
63.6  -334.8  1663.2  12.1  27.3  -34.7
49.2  -310.0  1609.2  16.4  -107.5  19.1
22.0  -354.0  1538.8  -13.4  -195.9  54.0
-32.8  -365.2  1460.0  -40.0  -181.9  46.5
-50.8  -393.2  1395.2  -23.8  -147.3  30.2
-48.0  -371.2  1453.6  43.3  -40.9  13.7
12.8  -372.4  1471.2  56.2  -0.5  9.6
46.8  -387.2  1499.2  88.6  -32.7  53.0
3.6  -391.2  1551.2  26.8  -80.4  39.5
-12.4  -398.0  1503.2  -3.8  -75.5  36.9
-1.6  -380.8  1510.4  -20.3  -44.0  15.4
28.4  -360.0  1465.2  -35.7  -80.1  2.2
6.8  -364.4  1492.0  37.7  -69.0  40.3
-20.8  -389.6  1500.8  26.4  -82.8  36.2
-26.4  -403.2  1438.4  13.2  -93.7  29.0
-48.0  -423.2  1476.0  23.4  -80.3  -5.3
-10.0  -386.0  1442.8  58.2  -47.0  -28.9
-11.6  -389.6  1487.6  91.1  -54.2  -17.7
-25.6  -360.4  1531.2  16.4  -64.7  -16.9
-5.6  -388.4  1523.6  23.0  -94.0  -21.3
12.0  -409.2  1544.4  -1.7  -123.3  -18.7
2.4  -420.4  1456.0  -74.9  -101.4  -3.1
-6.8  -364.8  1294.8  -38.2  -37.7  4.3
-28.0  -378.0  1346.4  216.1  41.8  24.0
-67.2  -407.2  1376.0  225.1  107.2  25.4
-71.6  -464.8  1066.8  368.3  88.6  -36.2
202.0  -392.4  416.8  466.8  356.7  -12.1
237.6  -119.6  234.8  701.1  68.0  185.7
-399.2  132.0  1149.6  350.8  -395.6  92.5
-440.8  -200.4  3276.7  1227.0  1022.3  -217.9
-183.6  -308.8  3276.7  -1194.6  -173.7  283.1
-92.0  -71.6  2058.0  -1237.6  -779.1  -65.4
-273.6  -47.6  1394.8  -101.7  -13.5  73.4
-280.0  -260.0  1054.4  510.8  -221.8  -321.1
-0.8  -359.2  703.2  -591.1  -520.6  -119.0
43.6  -328.0  784.0  -491.5  -399.6  2.7
43.2  -387.2  1075.6  -3.4  -237.5  -89.5
31.2  -396.8  1301.6  81.3  -18.3  47.7
17.6  -382.4  1614.4  113.6  -5.6  -97.6
-49.2  -321.2  1562.8  -1.2  -173.4  -93.4
182.0  -321.2  1402.4  57.8  -75.3  -52.9
76.8  -396.8  1557.2  432.1  -113.4  -163.3
93.2  -360.0  1618.4  -2.9  -132.1  136.8
-18.4  -424.8  1610.8  -2.6  9.5  109.1
15.6  -416.4  1506.0  -79.5  5.4  46.2
86.8  -360.0  1431.6  -125.1  49.8  12.8
2.0  -333.2  1478.8  41.8  -17.1  9.3
19.2  -390.0  1494.0  -70.2  -37.3  31.0
-2.4  -402.4  1524.8  -49.2  -45.5  6.4
20.8  -406.0  1474.4  -104.9  7.8  -4.3
16.4  -394.0  1434.0  29.3  -17.1  25.8
-24.4  -400.8  1459.6  107.1  -69.6  11.6
-23.2  -417.6  1477.6  77.8  -40.0  9.4
-8.8  -417.2  1489.2  53.9  -31.2  6.2
2.4  -397.2  1442.4  41.8  -5.2  13.8
-13.6  -381.2  1433.2  88.1  -0.9  22.6
-50.0  -398.8  1559.6  113.7  -31.8  38.7
-44.0  -400.4  1648.4  37.8  -69.0  16.6
-37.2  -388.4  1553.6  -45.1  -105.2  1.8
-24.0  -398.8  1444.0  -69.9  -95.2  -6.9
30.8  -378.0  1330.0  -63.4  -29.5  35.3
-35.2  -389.6  1409.2  149.3  -83.6  67.3
-96.4  -455.6  1544.0  89.9  -95.6  18.0
-59.6  -440.8  1507.6  -2.1  -28.5  -24.8
-5.2  -398.4  1446.4  22.8  -51.9  -43.1
-49.6  -369.6  1480.8  149.2  -95.1  -7.1
-66.8  -381.2  1522.4  142.8  -73.1  -35.7
-61.2  -385.6  1590.8  4.8  -98.2  -48.3
-2.8  -430.8  1578.0  -224.6  -215.0  -71.6
34.8  -412.8  1344.8  -384.8  -192.6  3.2
-17.6  -451.2  1211.6  -13.2  -117.6  6.5
-7.2  -550.4  1002.4  236.6  227.5  -17.0
216.0  -358.4  50.8  -140.8  181.0  183.4
116.8  99.2  83.2  1252.9  192.2  367.3
-426.4  424.8  1626.0  2083.0  106.2  -422.4
-614.0  -1.2  3276.7  2034.3  355.3  -887.0
-87.2  61.2  3276.7  -2162.3  36.4  646.8
-123.6  9.6  1958.4  -999.0  -605.2  48.2
-306.0  1.6  1567.6  -84.8  -55.0  41.3
-270.0  -196.8  1255.6  590.0  -121.7  -204.2
-5.6  -256.4  878.8  -792.4  -871.4  -55.5
39.2  -264.4  795.6  -598.4  -286.2  92.7
53.2  -349.2  1012.0  -161.4  -201.2  -44.7
64.4  -386.4  1208.4  13.7  2.7  -102.2
-39.2  -372.4  1437.2  71.5  209.9  -82.1
-38.8  -408.0  1600.4  45.4  204.2  -60.4
-14.4  -386.8  1558.4  -37.5  103.2  -36.0
14.4  -412.0  1440.4  8.2  -8.9  35.7
-54.4  -420.4  1468.4  176.6  -50.6  19.8
-137.2  -400.8  1521.6  89.6  -107.7  24.0
-186.0  -383.2  1572.0  42.3  -52.2  2.4
-122.8  -365.6  1458.8  -95.9  -127.5  36.5
-102.0  -367.6  1414.4  69.2  -160.4  51.7
-96.8  -389.2  1503.6  66.3  -133.9  71.1
-104.4  -392.0  1500.8  49.6  -144.5  60.8
-85.2  -404.4  1491.2  4.9  -72.9  19.3
-46.8  -368.8  1491.2  1.1  -97.9  4.4
-8.8  -398.4  1484.4  61.2  -157.6  36.8
-35.6  -420.8  1439.2  18.8  -115.5  27.1
-71.6  -407.6  1460.4  131.8  -103.9  -32.0
-68.0  -396.4  1486.0  84.7  -70.1  -55.1
-63.6  -360.0  1544.8  78.2  -115.0  -51.3
1.6  -361.2  1513.2  -13.7  -71.9  -83.5
9.6  -354.8  1501.6  46.3  -121.3  -72.4
12.0  -360.8  1461.2  3.8  -122.3  -65.2
21.6  -328.8  1434.0  12.6  -81.4  -1.1
-50.4  -370.0  1457.2  64.4  -82.0  -2.3
-47.6  -338.0  1510.0  27.2  -31.5  4.5
-40.0  -359.6  1524.8  38.7  -36.3  -6.9
2.4  -336.0  1499.6  22.3  -38.9  -2.3
49.6  -384.0  1518.8  31.1  -51.2  -6.3
21.6  -372.8  1465.2  -81.9  -74.7  50.3
35.6  -455.2  1300.4  -1.9  12.3  84.0
162.8  -578.4  420.4  -362.5  -66.6  244.0
173.2  -16.0  -368.4  -187.1  -687.8  361.5
-186.4  118.4  1056.8  2059.5  596.4  195.5
-665.2  172.0  3276.7  3174.9  708.1  -1220.4
-290.0  -59.6  3276.7  -1622.6  15.0  497.9
-42.4  209.2  2239.6  -1930.6  -357.5  299.7
-92.8  58.4  1423.2  -525.3  -137.6  173.7
-261.6  -208.4  1148.4  -166.2  10.9  -243.0
-53.2  -322.8  781.6  -417.8  -495.6  -238.4
-21.2  -441.6  831.6  -243.7  -448.0  -129.5
65.2  -456.4  897.2  -132.4  -69.6  -70.9
64.4  -428.8  1076.8  100.9  -36.6  -98.5
-5.2  -442.0  1424.4  398.9  161.7  -73.9
-50.0  -517.2  1740.0  218.6  87.2  -132.6
15.2  -435.2  1702.4  -92.9  42.4  -47.7
88.8  -428.8  1572.8  -83.5  -166.3  -64.4
31.6  -400.0  1500.4  -68.5  -188.9  24.6
-24.8  -425.6  1409.6  -55.2  -169.2  5.0
-6.0  -431.2  1382.0  5.5  -118.4  12.0
-35.6  -462.4  1421.2  95.4  -64.7  -5.0
-26.4  -457.2  1434.8  55.4  -27.6  -12.0
-2.0  -458.8  1468.8  44.0  5.4  -18.9
13.2  -477.2  1464.4  14.9  -8.6  -17.1
23.2  -441.6  1482.0  42.6  -45.7  2.5
-10.0  -472.0  1520.4  41.7  -84.0  -6.8
30.4  -458.4  1498.8  -12.9  -50.7  10.7
12.4  -466.8  1492.0  44.3  -94.4  2.5
-2.0  -482.0  1469.6  6.6  -101.2  5.6
-7.2  -467.2  1444.4  24.8  -107.9  -3.9
18.0  -464.8  1440.0  6.4  -88.9  6.9
-1.6  -458.0  1425.6  40.3  -51.6  7.6
-6.0  -464.4  1473.2  60.7  -64.5  -5.5
-5.2  -465.2  1459.6  46.9  -45.4  -7.1
21.6  -442.8  1444.0  5.0  -40.3  12.6
12.8  -448.8  1542.4  130.0  -75.6  -6.1
-30.8  -489.6  1688.4  116.9  -129.6  -24.3
15.6  -459.6  1499.6  -108.7  -105.5  44.0
-7.6  -451.6  1300.0  69.4  -127.0  19.8
34.8  -433.6  1157.6  209.4  108.7  -2.7
-26.8  -434.0  1030.4  390.5  106.3  98.1
-64.8  -636.4  774.0  865.1  260.7  11.2
160.0  -326.8  175.6  475.5  563.6  26.0
-123.2  398.8  881.6  928.2  191.5  -323.0
-272.8  268.4  3276.7  1092.6  293.2  28.8
-546.4  -59.6  3276.7  -876.8  -17.9  754.0
-334.4  -257.6  2386.0  -732.1  -843.5  -125.8
-391.2  -59.6  1754.4  -43.2  11.8  -183.8
-298.0  -101.2  1431.2  134.7  -244.6  -363.8
-120.0  -147.6  1136.8  -64.2  -652.8  -353.7
60.0  -278.4  894.4  -554.1  -574.7  -92.3
131.6  -370.4  849.2  -473.7  -156.9  56.2
114.4  -384.0  1062.4  -31.3  -102.8  -52.8
88.8  -378.4  1220.4  -57.0  14.7  88.1
-102.0  -470.0  1565.2  258.7  111.6  103.4
-74.8  -485.2  1729.6  113.8  22.7  -55.4
4.0  -339.2  1550.8  -40.3  85.7  -28.3
31.2  -320.4  1511.6  67.3  -65.4  -2.3
-30.4  -330.8  1563.6  81.2  -106.2  18.6
-94.4  -344.4  1571.2  24.5  -150.5  -14.1
-22.8  -321.2  1478.4  11.1  -99.6  -15.7
-11.2  -342.8  1451.6  27.4  -114.4  10.6
-14.4  -383.2  1453.6  46.1  -81.5  22.7
-37.6  -400.0  1477.6  34.1  -76.2  20.4
-26.8  -408.0  1506.0  10.6  -29.3  -22.5
-24.4  -358.0  1478.8  31.9  -17.2  -63.2
-8.0  -340.4  1546.8  91.1  -21.7  -102.0
-0.4  -331.2  1548.8  33.1  -59.5  -43.9
-4.0  -325.6  1501.2  1.4  -92.7  -8.7
-24.4  -344.8  1473.2  24.3  -87.5  14.4
-58.8  -360.8  1466.8  59.1  -84.4  5.1
-53.6  -368.0  1489.2  74.5  -75.1  -16.3
-2.8  -361.2  1517.2  35.1  -48.7  -29.8
-2.0  -359.2  1506.8  14.4  -81.5  -22.1
-20.4  -355.6  1516.4  27.6  -88.2  -4.1
-28.8  -345.6  1504.0  16.6  -82.0  -12.0
-8.4  -356.0  1509.6  36.7  -98.7  -22.5
-33.2  -356.8  1436.0  31.4  -72.0  -9.1
-35.2  -350.8  1381.2  48.2  -23.1  8.1
-34.4  -390.8  1240.0  210.0  64.0  69.2
101.6  -528.8  559.6  164.2  302.3  212.8
2.4  -398.4  -180.4  594.9  61.4  326.9
-50.4  261.6  994.0  1132.7  64.1  -74.6
-736.4  582.4  3276.7  1549.0  355.1  -232.6
18.8  231.2  3276.7  853.5  -196.1  -599.6
96.4  194.4  2388.8  -1976.8  -442.3  519.8
-91.6  -27.6  1699.6  -679.1  -656.6  269.0
-232.4  -70.0  1456.0  3.0  181.0  87.8
-142.8  -223.6  1228.8  -204.4  -194.3  -183.9
49.2  -333.2  781.6  -759.2  -510.2  77.5
86.0  -349.2  764.0  -328.0  -169.4  70.0
158.4  -394.0  924.0  -147.8  -114.7  -44.7
4.8  -376.4  1396.4  391.0  77.9  155.3
-80.4  -518.8  1736.8  136.7  119.4  -31.4
-42.4  -418.0  1591.6  -454.8  239.8  262.9
-65.6  -262.4  1217.6  -103.5  233.3  68.7
-33.6  -372.8  1554.0  95.2  -163.2  -41.1
-64.0  -370.4  1538.4  69.7  -250.8  38.5
-58.4  -378.0  1456.0  56.4  -259.3  29.6
-40.8  -414.0  1444.8  42.5  -117.1  40.9
-43.2  -418.8  1458.4  104.2  -67.0  -4.4
-36.4  -434.0  1512.0  102.5  -42.0  -18.9
-29.6  -390.0  1496.0  -24.9  -44.7  1.4
-6.8  -389.2  1453.6  26.0  -41.1  2.3
-6.0  -382.8  1485.6  58.5  -34.6  45.3
-71.6  -372.8  1515.6  54.0  -57.7  37.3
-56.0  -371.2  1471.6  -37.4  -66.6  49.9
-67.2  -370.8  1461.2  31.3  -48.9  41.1
-75.6  -401.6  1486.8  -14.0  -19.5  44.8
-82.8  -394.0  1490.4  71.1  -60.8  9.2
-60.8  -396.8  1472.0  -9.9  -45.0  28.0
-61.2  -382.4  1434.4  64.1  -73.8  -3.0
-60.0  -400.4  1458.8  112.5  -120.4  -47.7
-78.0  -394.4  1490.8  90.8  -64.4  -8.8
-31.2  -384.4  1506.0  33.0  -52.8  -37.6
-20.0  -391.2  1551.2  31.9  -98.6  0.6
-32.4  -374.4  1438.4  -8.9  -148.6  36.3
-93.2  -367.6  1321.2  82.7  -73.4  6.7
-48.0  -374.8  1342.4  129.2  -25.5  -27.6
26.4  -309.2  1220.0  49.3  81.0  122.0
47.6  -344.0  846.4  109.4  21.4  292.1
-76.0  -448.8  576.8  372.6  -236.5  254.5
-484.0  -410.8  688.0  501.3  -154.2  284.6
-402.0  205.2  2497.6  1345.7  -460.1  -384.5
165.2  135.6  3276.7  894.8  219.8  -489.7
356.4  -15.6  2673.2  -1407.7  -560.7  360.9
1.2  -82.8  1838.0  -731.6  -297.8  517.0
-231.2  -88.8  1512.0  81.0  383.8  143.3
-183.6  -134.0  1253.2  -77.4  90.2  -328.8
-108.0  -289.2  1043.6  -314.2  -281.6  -329.7
37.2  -332.0  920.0  -329.0  -338.3  -121.1
14.8  -349.6  967.6  -324.6  -68.4  47.4
48.4  -448.0  1180.8  -19.8  61.7  -20.6
23.6  -422.4  1338.4  -60.1  157.5  16.3
-100.4  -425.2  1624.0  168.3  148.0  -29.5
-32.0  -414.8  1640.8  -134.6  155.4  -22.3
-36.8  -394.8  1574.8  -145.8  78.1  8.5
-86.4  -436.0  1503.6  -66.2  -60.8  -6.9
-98.4  -457.2  1432.0  -104.0  -63.6  -23.0
-86.0  -469.6  1316.4  -87.7  -40.4  -8.7
-88.8  -469.6  1380.4  133.1  13.2  -37.7
-145.2  -410.4  1612.0  236.3  -83.7  -32.0
-146.8  -447.6  1568.8  -34.1  -103.1  9.5
-104.4  -411.2  1421.6  66.8  -123.1  -20.4
-99.6  -435.2  1502.4  143.3  -183.6  -68.7
-68.4  -417.2  1486.0  88.7  -204.4  10.7
-93.6  -426.4  1516.0  4.5  -228.3  61.1
-93.2  -431.6  1454.8  -74.2  -182.0  82.0
-70.4  -407.6  1368.4  21.1  -122.7  36.8
-44.8  -454.8  1429.2  153.5  -92.0  -26.5
-38.8  -444.0  1449.2  66.6  -44.6  -15.1
-50.0  -436.4  1453.6  121.9  -41.9  -54.8
-12.4  -422.4  1461.6  53.9  -31.2  -42.9
-22.4  -422.8  1567.2  144.8  -99.1  -60.5
-8.0  -395.2  1544.8  -4.1  -125.0  -36.4
-6.0  -365.2  1465.2  16.4  -134.5  4.7
-6.4  -374.8  1364.0  -12.2  -95.4  90.0
25.2  -670.4  981.2  -49.3  64.9  131.1
42.4  -518.8  238.8  -880.0  661.9  455.3
-82.4  -296.0  237.2  893.3  -525.3  282.6
-270.8  109.2  1320.0  956.2  -0.1  68.1
-298.4  -0.8  3276.7  1638.8  -205.9  -632.2
95.2  -128.8  3276.7  -257.9  0.2  -191.5
272.8  -106.8  2253.2  -1586.1  -430.9  516.2
-36.0  -126.4  1826.8  -213.8  -145.5  427.9
-215.2  -175.2  1641.6  -362.1  301.9  -247.4
-191.6  -327.2  1184.0  -220.2  314.9  -734.7
19.6  -517.2  885.2  48.1  -531.3  -451.7
25.6  -466.0  853.2  -107.8  -467.1  -134.6
84.8  -546.8  896.0  23.8  -222.2  -71.2
87.2  -486.8  1074.8  31.3  54.2  -62.4
-2.8  -514.8  1420.8  342.1  137.7  14.2
27.6  -610.4  1744.4  299.6  107.5  -184.4
56.0  -376.0  1590.8  -161.2  111.8  -42.0
90.8  -339.2  1536.4  99.4  -89.0  -66.6
45.2  -380.8  1495.2  33.7  -129.9  4.0
-24.4  -429.2  1456.4  28.3  -93.1  53.6
-45.6  -444.8  1457.6  49.2  -85.0  6.1
-6.0  -430.8  1411.2  -5.4  -5.3  16.9
-4.4  -439.6  1502.8  70.8  -41.3  -16.0
20.0  -424.0  1490.8  10.9  -28.8  27.0
23.6  -438.8  1536.8  46.0  -108.6  -1.6
46.8  -427.6  1470.0  -6.1  -90.3  11.6
22.0  -458.0  1464.4  54.0  -110.2  16.6
-6.4  -439.6  1457.2  46.9  -94.7  1.6
-13.2  -428.8  1504.0  76.6  -80.1  14.1
-15.2  -392.8  1452.4  -17.4  -68.8  -1.0
16.4  -389.2  1450.0  67.6  -45.9  -4.4
5.2  -396.0  1465.6  78.1  -44.1  -11.1
9.2  -409.2  1506.0  64.4  -55.4  -3.2
16.0  -421.2  1495.6  48.5  -55.3  7.3
-2.8  -433.6  1522.8  69.8  -74.2  -22.9
-14.4  -451.2  1547.6  54.5  -73.5  -55.8
6.0  -424.8  1488.0  -23.8  -102.3  -48.6
14.8  -422.0  1401.6  -68.7  -73.4  -33.5
15.6  -361.6  1286.4  -14.7  24.3  19.4
-39.6  -395.6  1272.0  223.7  26.4  41.6
-91.6  -530.0  1004.4  232.3  125.2  108.2
72.0  -515.2  417.2  448.4  125.3  164.6
58.0  -405.2  512.8  1181.8  -732.0  -21.1
-200.0  374.0  1396.8  864.7  -263.6  -142.1
-134.0  690.8  3276.7  1594.3  692.6  -139.8
57.6  287.2  3276.7  -550.8  -584.3  -108.2
219.2  124.4  2051.6  -1915.4  -645.2  546.0
113.2  -41.2  1658.4  -717.3  -395.9  398.4
-131.2  -88.8  1463.6  -217.4  517.3  -226.5
-134.0  -280.4  1172.4  202.2  371.8  -870.4
103.6  -416.0  838.8  -283.9  -498.7  -20.9
39.2  -399.6  916.0  -255.8  -260.8  57.9
84.4  -488.0  1068.0  -120.2  -32.5  23.1
116.0  -472.4  1241.6  43.5  33.7  35.0
33.6  -444.0  1443.2  100.9  80.4  17.4
26.0  -423.6  1588.0  126.7  127.9  -81.3
31.2  -368.4  1641.6  104.1  108.3  -68.0
68.8  -316.4  1606.4  58.2  -73.9  -67.5
47.2  -324.8  1494.0  -3.7  -65.4  38.2
-3.6  -361.2  1499.2  55.4  -106.6  21.9
-74.0  -400.4  1569.6  127.5  -154.8  -31.1
10.4  -371.2  1469.2  -40.0  -74.8  -56.4
59.6  -365.2  1436.4  75.7  -60.1  -50.8
101.6  -364.8  1437.2  4.9  -50.4  -5.2
36.4  -374.4  1447.6  63.7  -68.7  38.6
-10.8  -394.8  1498.8  58.0  -44.0  20.1
-38.8  -383.2  1573.2  123.2  -95.5  -25.0
18.8  -371.2  1485.6  -49.0  -31.8  -27.1
57.6  -352.0  1446.8  16.1  -44.4  -21.6
48.8  -364.4  1469.2  0.1  -78.4  -23.0
1.2  -382.4  1482.4  42.8  -45.7  15.1
-37.2  -394.4  1505.2  75.8  -81.4  -2.0
-40.4  -375.2  1510.4  22.6  -74.2  -22.5
7.6  -370.4  1472.0  -9.4  -76.1  -26.2
60.4  -347.6  1457.2  18.0  -61.8  -20.1
46.8  -366.0  1494.4  22.7  -79.9  21.1
50.4  -361.2  1492.4  19.1  -85.8  52.4
10.4  -396.8  1477.2  58.3  -85.4  60.3
11.6  -391.6  1378.4  11.7  -32.9  97.2
10.0  -432.8  1222.8  125.9  16.3  150.4
38.4  -488.4  856.4  187.3  96.3  149.1
21.2  -583.6  311.6  269.6  -164.5  334.7
-49.2  -85.2  465.2  432.8  -606.0  270.7
-267.6  475.2  2520.4  683.4  -541.6  132.6
151.2  -164.0  3276.7  948.5  -81.3  -1129.5
559.2  31.2  2411.2  -2411.4  -843.2  271.3
281.6  -106.4  1591.6  -793.4  -253.6  487.4
-27.2  -170.4  1534.0  164.7  409.1  -66.0
-110.4  -243.6  1245.6  272.0  433.9  -1032.7
65.6  -438.8  1037.2  48.3  -269.9  -97.0
74.0  -386.8  879.2  -456.0  -249.1  32.5
123.2  -394.0  928.8  18.8  -71.9  -43.6
196.0  -424.8  1205.6  78.5  113.9  61.2
72.0  -502.4  1486.8  288.2  28.8  121.0
-2.4  -478.4  1534.4  -100.4  89.2  32.9
4.0  -450.0  1548.4  83.4  54.8  -93.1
91.2  -369.6  1500.8  -52.1  47.3  -102.4
61.2  -366.4  1547.6  111.4  -10.9  -23.9
49.6  -378.0  1503.6  -47.9  -57.6  21.4
2.8  -392.8  1501.2  50.0  -112.2  20.4
10.4  -404.4  1464.4  20.0  -65.1  5.0
20.8  -418.8  1532.8  43.4  -11.4  9.9
43.2  -414.0  1485.2  -37.5  -67.0  27.7
1.2  -430.4  1456.8  6.7  -84.0  45.8
2.4  -428.8  1435.2  60.9  -67.6  8.0
-6.8  -429.2  1409.2  78.8  -29.2  -9.8
-33.2  -422.8  1498.8  128.9  -18.9  -24.5
-6.4  -390.8  1547.6  41.1  -6.6  -27.8
8.8  -380.4  1528.0  17.0  -34.3  -7.5
17.2  -369.6  1458.8  50.4  -65.9  24.7
-29.6  -394.0  1514.8  64.8  -87.9  -3.4
-8.0  -388.8  1472.4  31.2  -55.0  -6.8
-3.2  -406.0  1472.4  44.7  -69.3  -7.9
-8.8  -382.4  1499.6  38.3  -62.3  -3.9
-24.8  -360.4  1484.4  25.6  -74.9  5.6
-16.8  -395.6  1498.8  86.6  -110.6  -14.1
-0.8  -375.6  1505.6  35.5  -95.4  -12.4
6.0  -376.4  1486.8  60.3  -108.7  -6.9
-0.8  -361.2  1443.2  9.6  -64.3  41.4
-20.4  -388.8  1462.8  76.3  -60.5  11.9
-10.0  -391.6  1424.8  50.0  -21.1  9.9
3.6  -415.2  1378.0  177.7  -0.2  0.7
58.8  -468.4  1092.0  346.2  64.7  -0.1
165.2  -424.4  352.0  379.7  39.3  101.3
-112.4  -176.4  286.4  1093.6  -165.5  247.6
-254.0  524.8  1790.4  988.4  -232.7  -168.4
-184.0  56.4  3276.7  1020.5  -144.7  -322.4
174.0  108.0  3276.7  -1710.6  -472.8  353.6
269.6  38.4  1930.8  -1459.9  -886.4  211.6
161.6  -70.8  1503.2  -249.7  0.0  439.8
-242.4  -137.6  1391.2  677.3  915.5  -442.8
-42.8  -386.4  1079.6  57.8  38.6  -743.7
98.8  -356.0  916.0  -385.2  -465.0  64.7
22.8  -356.8  868.4  -284.6  -150.3  153.4
5.6  -437.6  1112.4  175.8  123.9  -12.0
14.0  -361.2  1276.4  -134.0  151.2  -121.2
-147.2  -409.6  1602.8  316.5  157.8  -26.6
1.6  -330.4  1700.0  -88.4  178.2  -98.1
31.6  -226.8  1566.0  4.2  -10.8  -35.9
60.4  -259.6  1509.6  22.3  -105.5  71.4
-52.0  -327.2  1520.4  42.3  -176.3  124.4
-107.6  -354.0  1499.2  -10.7  -97.5  113.7
-92.0  -339.6  1482.4  -8.2  -95.7  58.4
-72.4  -315.2  1483.6  -72.7  29.1  67.3
-70.8  -314.4  1462.4  68.7  -29.4  63.8
-93.2  -382.0  1523.2  141.2  -100.3  53.6
-92.8  -390.4  1476.4  22.7  -76.7  41.4
-114.4  -401.6  1481.6  52.2  -100.8  4.6
-106.4  -388.8  1498.0  -2.8  -43.1  -47.1
-55.2  -340.4  1510.0  -7.6  -33.7  -62.6
-36.0  -325.6  1503.2  1.6  -53.9  -39.0
-57.2  -314.4  1498.0  29.0  -88.2  -35.1
-74.8  -343.2  1486.8  31.4  -89.1  -27.6
-54.8  -333.6  1497.2  37.3  -94.6  -29.9
-65.6  -345.6  1474.0  64.2  -94.5  -28.7
-77.6  -352.8  1513.2  58.4  -98.3  -32.6
-66.4  -358.0  1528.4  26.6  -127.9  -44.1
-24.4  -348.8  1470.4  -31.2  -80.3  -36.3
-32.4  -341.2  1482.4  27.4  -84.7  -31.7
-61.6  -338.0  1525.6  84.5  -104.2  -44.7
-45.2  -344.0  1603.6  11.9  -108.4  -59.0
-19.2  -356.4  1554.0  -94.6  -135.2  -34.1
-22.8  -328.4  1476.8  -33.2  -140.4  -38.8
12.4  -310.8  1353.6  -43.3  -98.0  -37.6
15.2  -383.2  1245.6  13.9  -38.9  85.4
108.4  -632.0  782.8  -95.6  -19.7  256.0
-48.0  -568.0  -306.8  -134.4  -735.7  162.1
-14.8  191.6  130.0  1150.1  -301.9  277.1
-488.4  604.0  2711.6  2759.5  1541.8  -532.2
-269.2  47.6  3276.7  620.7  2.0  -453.9
-3.6  278.8  2715.2  -1850.2  -414.7  176.1
-0.4  120.0  1814.4  -593.1  -380.7  -51.5
-98.4  -62.4  1643.2  -114.3  -137.8  -197.8
-203.2  -141.2  1453.2  -105.0  -207.7  -244.3
-120.4  -390.4  1110.0  -445.5  -454.7  -64.0
8.4  -369.6  907.2  -545.7  -353.5  116.2
55.6  -406.4  914.8  -275.6  -90.9  79.5
48.0  -440.4  1120.0  57.4  -51.6  19.8
-24.0  -446.8  1361.6  -54.7  51.4  47.1
-110.4  -482.0  1494.0  14.5  88.8  -10.0
-16.8  -382.8  1574.0  -4.4  108.7  -64.0
15.2  -354.0  1600.0  35.9  -12.9  -26.4
11.2  -376.4  1575.2  -50.4  -123.5  56.0
-26.0  -404.4  1495.6  -27.5  -168.9  59.8
-30.0  -412.8  1460.8  -45.1  -162.3  64.5
-44.4  -438.4  1473.2  38.7  -151.9  44.9
-74.4  -426.4  1438.4  39.7  -136.6  36.3
-13.6  -452.0  1407.2  35.2  -75.9  12.8
-6.4  -448.8  1427.2  102.1  -44.7  16.5
-50.0  -449.2  1474.8  117.7  -40.0  3.2
-29.6  -444.8  1469.2  72.0  -39.7  -11.4
-12.4  -433.6  1497.2  84.1  -17.2  -37.6
-13.6  -394.4  1521.2  89.8  -22.0  -35.6
24.0  -383.6  1528.0  34.7  -26.4  -9.1
-5.6  -398.4  1498.4  48.5  -68.8  8.2
-23.2  -405.6  1505.2  26.7  -83.2  6.1
-64.4  -414.4  1464.4  60.7  -100.9  -12.8
-63.6  -418.4  1467.2  33.8  -22.3  -47.7
-16.0  -400.4  1480.0  46.2  -49.4  -76.7
-2.4  -388.4  1534.8  43.4  -74.2  -14.3
-12.8  -398.0  1546.0  -9.2  -101.3  -11.2
-23.2  -399.2  1485.2  -0.6  -112.9  -4.6
-19.2  -434.4  1508.8  -2.2  -120.1  -16.2
-6.4  -412.8  1433.6  6.8  -108.4  -2.9
0.0  -420.0  1395.2  47.0  -71.0  -13.9
2.8  -388.8  1332.0  62.0  -21.2  22.3
50.8  -611.2  1009.6  21.1  -3.8  150.4
-14.4  -548.8  118.8  -129.3  -410.0  177.5
110.8  -311.6  300.8  895.4  -283.4  318.9
-181.2  300.4  1719.2  1483.8  -179.0  -289.0
134.8  277.6  3276.7  787.8  143.0  230.5
-78.0  15.6  3276.7  -216.9  -17.8  290.0
64.8  164.8  2346.8  -1538.8  -555.6  118.8
66.8  86.8  1535.6  -417.3  -114.7  57.2
-76.8  -78.4  1205.2  -462.9  663.7  -547.4
35.2  -330.4  799.2  89.7  89.5  -835.9
73.6  -454.0  840.4  26.0  -328.6  -45.8
-6.0  -462.8  1035.2  -102.6  -69.0  183.1
-64.0  -534.0  1215.6  -56.7  54.1  136.1
18.8  -428.0  1201.6  -241.6  248.2  25.6
-64.4  -368.8  1523.6  253.4  207.9  -83.8
-28.8  -431.2  1736.4  22.8  147.3  -12.1
0.4  -324.8  1616.4  -162.1  48.4  35.3
-14.0  -356.0  1552.0  -78.9  -116.2  63.4
-91.6  -406.0  1494.4  22.1  -176.4  58.4
-98.4  -451.2  1460.0  -1.5  -173.3  34.8
-114.0  -456.0  1422.8  25.0  -147.9  2.2
-112.0  -473.2  1421.6  6.0  -58.8  -9.1
-84.4  -456.4  1418.4  63.6  -12.3  -35.8
-60.4  -416.0  1469.6  91.2  -16.2  -43.0
-51.6  -423.6  1492.0  46.5  -35.5  -19.8
-55.6  -400.4  1500.0  48.7  -39.5  -17.5
-64.0  -401.2  1486.0  48.2  -67.4  -4.7
-58.0  -408.0  1501.6  35.6  -86.2  20.4
-85.6  -421.2  1472.0  40.9  -110.0  14.8
-101.2  -446.4  1460.4  -6.1  -68.3  23.1
-96.0  -448.4  1452.8  7.8  -51.3  -2.0
-90.8  -448.4  1466.8  32.6  -90.9  -31.8
-72.4  -440.4  1478.4  15.9  -69.9  -0.2
-68.4  -416.8  1475.2  29.0  -74.0  -8.3
-53.6  -422.0  1459.2  28.4  -78.6  -18.1
-76.8  -441.2  1551.6  127.3  -109.7  -33.5
-88.8  -454.0  1568.8  49.1  -109.3  -17.3
-82.8  -440.8  1417.6  -40.4  -149.9  -25.9
-48.8  -432.8  1266.0  -35.9  -33.4  5.7
-62.8  -437.2  1084.8  133.4  52.7  95.2
-114.4  -523.2  855.2  494.2  324.7  209.7
133.2  -679.6  114.4  481.6  211.3  307.6
-96.8  -234.0  313.2  943.1  -530.7  599.0
-650.8  663.2  2612.8  1432.2  -415.9  -167.6
-252.8  330.0  3276.7  772.3  -91.1  -481.4
387.2  300.4  2721.2  -2123.5  -1043.9  291.4
170.0  -16.4  1701.2  -1110.7  -509.9  669.7
-102.0  -103.2  1282.0  103.2  272.0  450.7
-304.8  -253.2  1151.2  80.0  653.2  -913.6
-99.6  -535.2  1038.8  113.9  -166.3  -230.2
-62.4  -448.8  1015.2  -462.5  -22.4  -38.0
-13.6  -422.4  1099.6  -145.4  -9.3  -48.9
0.8  -460.8  1278.4  -186.1  102.4  -23.9
-53.6  -494.0  1434.8  -169.4  189.1  13.5
-34.4  -484.8  1422.0  -178.8  127.8  13.6
-66.8  -486.0  1469.6  -27.0  1.1  35.2
-90.4  -508.4  1498.0  42.1  -38.8  -3.7
-83.2  -488.8  1425.2  -108.9  -64.1  7.2
-154.0  -481.2  1436.0  190.6  -92.5  -23.9
-177.6  -468.4  1478.8  113.3  -128.3  7.6
-182.8  -463.2  1447.6  203.9  -139.6  13.4
-166.0  -447.2  1426.4  102.4  -121.1  29.5
-128.4  -476.0  1496.4  164.6  -92.1  43.9
-134.8  -466.0  1494.8  41.8  -79.9  17.7
-100.4  -454.8  1477.6  51.5  -91.2  -32.3
-64.0  -430.0  1408.0  62.6  -91.2  -5.6
-81.2  -426.0  1418.8  143.0  -86.8  0.2
-103.6  -470.4  1490.4  235.9  -38.7  -21.5
-68.0  -454.4  1524.0  90.9  -65.4  -63.4
-96.8  -384.8  1534.4  -27.9  -120.4  -38.2
-118.4  -367.2  1437.2  -59.5  -105.1  -45.5
-110.4  -339.2  1458.0  6.9  -57.1  -66.2
-55.2  -354.4  1450.8  100.0  -35.4  -55.2
-71.2  -348.8  1479.6  127.1  -71.8  4.4
-85.6  -362.0  1522.8  72.6  -120.2  62.4
-84.8  -404.8  1500.8  -16.6  -124.3  114.0
-90.0  -417.2  1489.2  19.2  -141.9  75.6
-60.0  -413.2  1429.2  -38.1  -152.3  67.9
-96.8  -429.6  1382.4  13.3  -87.3  54.5
-82.4  -419.6  1403.6  78.6  -17.5  16.8
-48.0  -394.0  1261.2  68.1  65.8  43.9
18.8  -542.4  825.2  140.0  -31.6  261.1
-44.0  -510.0  261.6  194.1  -334.6  390.0
-108.4  -74.0  632.4  503.3  -433.1  83.9
-525.6  59.6  2792.4  1930.0  -214.8  -265.6
-266.4  38.0  3276.7  -87.0  161.5  -148.6
231.2  -42.0  2700.4  -1117.6  -800.7  -218.2
165.2  -56.0  1851.2  -623.4  -141.4  361.8
-126.8  -149.6  1775.2  634.7  306.0  -247.7
-170.8  -130.0  1369.2  -86.5  344.5  -883.9
-41.2  -362.8  1119.2  -66.4  -202.8  -493.7
50.4  -374.4  834.8  -727.1  -458.6  107.5
46.0  -390.8  854.0  -319.4  -221.9  90.7
28.8  -463.2  1018.4  38.6  -136.8  35.4
-44.0  -470.4  1398.8  165.1  86.3  49.7
36.0  -556.4  1555.6  -34.4  131.3  -65.1
13.6  -375.2  1574.0  -52.4  113.0  -60.6
92.4  -379.2  1511.6  20.9  -55.0  -66.5
10.8  -377.2  1554.0  164.4  -189.8  24.8
-36.4  -418.8  1530.4  5.4  -107.6  43.3
-46.4  -420.8  1464.4  42.5  -100.8  5.6
-34.8  -399.2  1415.2  45.4  -74.9  -2.8
-25.6  -400.4  1473.2  89.0  -62.8  4.9
-60.4  -431.2  1505.6  146.3  -58.9  14.6
-49.2  -406.8  1479.6  101.0  -32.5  -46.8
-24.0  -357.6  1475.6  93.9  -33.6  -42.4
-28.8  -374.4  1501.6  98.9  -26.0  -29.4
-27.2  -356.0  1518.8  38.1  -64.6  -10.3
-39.6  -353.2  1489.2  49.3  -55.1  14.9
-35.6  -344.8  1504.8  33.0  -65.5  17.7
-17.6  -348.8  1497.2  45.4  -53.2  15.6
-39.2  -336.0  1445.6  56.9  -39.9  48.0
-36.4  -367.6  1518.8  48.2  -65.5  39.4
-26.4  -362.4  1504.4  9.5  -63.3  50.8
-20.8  -367.2  1483.2  0.6  -93.4  15.9
-16.8  -372.0  1506.0  47.1  -94.1  7.4
-30.8  -383.2  1542.8  58.3  -94.7  -0.3
-35.2  -355.2  1510.4  25.5  -93.7  4.8
-15.6  -347.6  1453.6  10.7  -95.1  23.9
-16.0  -348.4  1365.2  57.6  -58.1  57.7
-45.6  -369.2  1319.6  206.7  -26.1  103.6
20.8  -522.8  987.6  119.2  77.9  196.3
33.2  -562.8  462.0  155.7  -117.7  463.6
78.0  -376.8  318.4  38.6  -233.6  856.5
-212.8  193.6  1645.6  711.4  -453.9  574.4
-370.4  192.8  3276.7  2007.7  308.8  -988.7
186.4  -88.8  3264.4  -1520.7  -872.5  -24.7
48.4  -53.6  1647.6  -1290.1  -466.2  126.0
-19.6  -126.4  1464.8  -309.5  183.6  -122.3
-179.6  -184.0  1262.4  203.9  488.7  -826.9
-44.0  -418.0  1219.6  250.3  157.6  -551.0
56.4  -291.6  1013.2  -134.3  -277.3  -153.0
135.6  -404.4  1053.2  9.8  -51.6  -17.4
96.0  -376.0  1157.6  15.8  -84.6  76.7
59.2  -410.4  1259.6  1.2  -41.5  136.7
-18.4  -426.8  1476.8  91.8  74.2  63.6
-49.2  -407.2  1636.8  -34.7  227.7  -13.9
8.4  -372.0  1588.8  -223.3  220.5  46.6
-60.4  -376.0  1536.4  -61.0  -51.4  1.5
-92.4  -377.6  1432.4  -152.8  -37.5  71.1
-106.4  -403.6  1402.0  104.5  -216.1  31.4
-137.6  -421.6  1423.6  66.3  -71.3  24.7
-133.6  -440.8  1413.6  131.9  -63.1  -23.7
-103.6  -393.2  1460.0  92.4  16.0  -24.2
-95.2  -382.0  1486.8  108.1  -31.2  -22.3
-72.4  -371.6  1515.2  51.6  -67.6  -29.1
-67.6  -371.6  1518.4  48.4  -77.6  3.3
-94.0  -364.0  1458.0  36.3  -92.4  15.8
-102.4  -379.6  1493.6  58.9  -94.3  -31.6
-81.2  -349.6  1460.0  54.2  -72.1  -17.6
-71.6  -355.6  1472.0  19.4  -76.8  -0.6
-93.6  -385.2  1459.6  77.1  -101.0  49.1
-79.2  -412.8  1495.6  41.5  -69.5  17.5
-98.8  -368.0  1478.4  -2.3  -29.8  -7.6
-74.8  -356.0  1494.4  51.6  -66.9  -1.6
-83.6  -362.0  1499.2  19.8  -79.3  14.5
-87.2  -360.0  1438.0  -13.8  -71.3  68.2
-107.2  -366.8  1392.8  83.7  -24.0  7.4
-100.0  -372.4  1404.0  159.9  -54.1  19.1
-44.4  -425.2  1201.2  100.7  -40.2  99.9
24.8  -518.8  637.6  253.5  -456.5  286.8
157.2  -394.0  305.6  295.3  -623.6  528.9
-194.0  176.4  696.8  522.7  -415.9  366.9
-454.4  472.0  2489.6  1299.6  -431.8  -428.7
256.8  -130.0  3276.7  341.1  54.6  -675.7
717.6  -43.2  2356.0  -2243.7  -971.9  349.8
289.6  -72.0  1606.4  -677.6  -583.0  517.8
-29.2  -134.8  1527.2  142.3  1462.6  -497.8
-114.4  -354.4  1303.6  838.4  526.9  -893.6
-44.8  -360.4  915.6  -497.7  -640.4  19.4
12.4  -379.2  826.8  -145.3  -302.0  3.1
26.4  -440.4  988.4  54.7  -148.2  -78.5
140.8  -400.8  1199.2  73.6  117.1  -154.0
71.6  -395.2  1511.2  222.0  210.6  50.2
-0.4  -379.6  1677.2  93.1  96.3  -36.7
70.4  -291.2  1644.4  -30.1  17.7  25.1
114.0  -290.0  1567.2  -9.0  -125.2  47.3
27.6  -324.4  1495.6  29.1  -134.3  100.8
-21.6  -364.4  1468.0  4.1  -129.6  80.7
-62.8  -388.0  1452.0  41.7  -61.3  30.0
-20.4  -395.6  1458.0  33.9  -4.9  -39.2
-10.8  -369.6  1478.8  115.5  -39.0  -69.9
9.2  -365.2  1509.6  122.8  -6.0  -92.5
38.8  -327.6  1560.0  20.5  -26.3  -49.0
40.4  -292.0  1521.6  2.7  -48.6  9.9
28.8  -308.8  1492.4  16.2  -97.5  40.0
10.8  -327.2  1491.6  33.6  -71.0  62.2
-6.0  -362.8  1482.0  68.7  -85.7  29.1
-19.2  -359.2  1482.0  7.6  -48.3  0.3
-0.8  -348.8  1474.8  50.9  -58.9  -16.2
25.2  -354.0  1482.0  72.4  -37.6  -26.9
0.0  -347.6  1477.2  39.9  -29.3  -13.3
6.0  -316.8  1469.6  74.2  -43.0  12.4
-1.6  -335.6  1528.4  70.3  -64.8  17.1
-10.4  -335.2  1518.8  43.5  -111.7  -2.1
-2.4  -306.0  1455.6  34.8  -77.2  27.8
-6.8  -290.0  1405.2  87.0  -56.7  53.6
0.8  -319.2  1380.8  89.7  8.0  91.2
40.8  -348.4  1160.4  94.5  51.6  173.7
123.2  -660.8  603.6  79.9  65.0  378.5
-63.2  -559.2  365.2  -81.0  -530.7  566.2
-169.6  507.2  1351.6  606.4  -673.6  243.5
-285.6  -58.0  3276.7  1100.2  593.8  -386.9
532.0  -23.2  3276.7  -226.4  -607.2  -1044.6
447.2  -60.4  1998.8  -1515.5  -220.4  455.4
0.4  -80.4  1668.8  114.0  150.1  204.2
-157.2  -174.0  1503.6  36.8  886.3  -648.3
-96.4  -356.0  1143.2  250.1  -100.7  -240.9
-38.4  -323.6  976.4  -260.4  -488.6  61.2
66.4  -363.6  883.6  -256.5  -209.5  118.0
33.6  -369.2  974.8  53.1  33.6  270.7
27.6  -422.8  1232.0  161.7  9.1  44.9
-134.8  -364.4  1422.8  234.1  21.0  76.1
-74.4  -425.6  1659.6  105.4  273.9  -86.2
-34.0  -304.8  1598.0  52.3  113.1  -117.1
40.8  -274.8  1582.8  9.0  5.6  -9.0
-64.4  -311.2  1550.4  62.6  -138.7  61.8
-107.6  -342.4  1533.6  -32.0  -115.3  40.7
-131.2  -358.4  1482.8  39.4  -87.7  -38.2
-121.6  -344.0  1436.8  -11.3  -69.2  -89.8
-82.8  -332.0  1442.4  46.7  -10.3  -66.4
-79.6  -328.0  1511.2  83.1  -18.2  -45.1
-80.8  -314.8  1524.8  39.1  -47.7  -28.6
-84.0  -326.0  1498.4  31.7  -47.1  -12.8
-84.0  -311.2  1471.2  26.5  -74.2  -8.0
-68.8  -318.0  1517.2  62.7  -127.5  -17.9
-50.0  -313.6  1504.0  -25.0  -74.9  10.5
-58.4  -335.2  1508.8  63.2  -106.0  1.6
-80.4  -335.2  1537.6  38.5  -124.5  -10.9
-100.8  -324.4  1486.8  12.7  -98.5  -24.8
-66.0  -318.8  1462.4  16.7  -73.3  -14.6
-60.4  -320.8  1489.2  35.8  -75.4  -17.7
-75.6  -321.2  1453.2  39.5  -80.7  -19.8
-39.6  -307.6  1506.0  86.0  -54.3  -14.7
-15.6  -317.6  1692.0  110.8  -113.5  -67.6
-95.6  -335.2  1784.8  123.0  -252.6  -39.5
-11.2  -323.6  1492.0  -192.3  -190.2  -7.7
-28.8  -300.0  1234.8  62.0  -172.1  16.5
22.0  -346.0  1173.6  115.3  13.2  11.6
-33.2  -271.6  1058.8  115.2  154.8  86.4
-101.2  -602.4  787.2  432.6  222.1  69.9
147.2  -566.4  10.8  278.5  109.5  350.6
-136.8  -36.0  515.6  567.9  -655.6  30.1
162.0  951.2  3011.6  733.4  -746.5  -398.3
131.2  388.8  3276.7  1141.0  706.5  -609.9
376.8  135.2  2605.6  -1924.1  -563.7  650.1
34.0  -21.6  1785.2  -422.0  -122.3  484.7
-344.4  -36.0  1570.4  565.6  1282.9  276.9
-314.4  -296.0  1234.4  738.6  93.1  -593.9
-123.6  -330.0  939.6  -978.1  -655.0  -7.6
-62.8  -307.6  872.0  -485.5  -246.3  -92.3
169.6  -306.8  899.2  -462.1  -52.4  -14.9
29.2  -300.4  1167.2  315.2  -43.6  177.9
-152.4  -396.0  1489.6  -22.4  87.4  25.3
-224.4  -382.0  1626.4  71.0  147.6  -40.5
-59.6  -288.8  1547.2  -2.1  81.0  -150.4
-22.0  -256.4  1579.2  104.8  -97.1  -107.6
-46.8  -269.6  1560.0  -49.7  -28.4  30.1
-144.8  -313.2  1548.0  63.6  -177.0  22.6
-120.8  -325.2  1476.0  -8.5  -104.6  -6.4
-127.6  -325.6  1428.0  14.8  -87.7  -8.6
-78.8  -322.8  1418.8  55.0  -13.1  -6.2
-115.2  -316.8  1483.6  54.3  45.9  5.6
-134.8  -332.4  1545.6  88.7  -75.9  -4.1
-107.2  -330.0  1518.0  -2.0  -30.8  -20.3
-115.2  -300.8  1514.0  44.0  -81.7  -24.1
-86.8  -294.8  1498.0  4.5  -81.1  -14.1
-112.8  -293.6  1497.2  33.6  -98.4  8.1
-113.2  -318.8  1470.8  2.4  -90.9  11.5
-118.4  -326.0  1502.8  48.6  -110.3  -2.5
-122.0  -346.0  1502.4  -5.3  -36.9  -18.2
-111.2  -328.0  1496.4  8.5  -59.4  -28.1
-90.8  -334.0  1476.4  9.2  -67.7  -19.7
-119.6  -329.6  1503.6  26.0  -106.9  -17.4
-113.6  -324.4  1493.2  -7.1  -69.5  -18.2
-84.4  -310.4  1462.0  17.0  -85.6  -15.9
-78.8  -334.4  1500.8  32.9  -94.2  -9.0
-90.4  -330.8  1540.8  22.7  -77.2  25.8
-98.8  -340.4  1566.0  -6.8  -139.7  8.1
-56.0  -342.8  1440.4  -48.4  -126.1  -8.6
-47.2  -335.2  1346.8  5.8  -99.2  15.9
-74.4  -460.0  1105.2  110.6  -24.3  93.2
-52.4  -533.6  641.6  227.3  -16.1  183.2
53.2  -498.8  -168.4  7.6  -617.3  357.4
-160.4  96.4  675.6  329.8  -718.4  142.3
98.8  475.2  3276.7  1536.4  126.5  -248.1
37.6  -154.0  3276.7  244.2  -34.8  -540.6
390.0  113.2  2265.6  -1637.6  -735.8  -107.8
119.6  22.0  1497.2  -356.3  140.1  31.0
-66.0  -82.4  1226.8  446.6  557.2  -255.1
-172.8  -326.0  1074.4  560.3  72.9  -209.4
-166.8  -309.6  997.2  19.7  -261.8  47.0
-142.0  -389.2  1028.4  -452.4  -194.6  43.6
-50.8  -330.4  1164.0  -122.9  22.7  29.0
24.8  -355.6  1270.0  -115.2  -17.1  5.3
-42.8  -321.2  1404.4  -15.9  67.4  73.7
-70.0  -348.4  1564.4  103.5  58.3  10.0
-79.6  -316.8  1614.4  45.7  -51.1  -35.3
-74.8  -312.4  1518.4  55.3  -136.9  -57.3
-70.8  -352.4  1494.4  53.1  -54.8  -148.1
23.2  -306.8  1504.4  7.2  -10.0  -107.1
10.4  -271.2  1511.6  8.3  -50.1  -29.1
-75.2  -282.4  1510.4  30.7  -74.1  -8.6
-76.0  -294.8  1490.8  62.2  -105.3  7.7
-68.8  -308.4  1478.0  32.1  -52.6  2.5
-68.0  -321.2  1450.0  99.9  -38.2  20.4
-75.2  -308.0  1507.6  16.0  -36.7  22.2
-61.6  -318.8  1586.8  37.3  -88.0  -12.2
-47.6  -322.8  1568.8  3.4  -118.9  24.8
-51.2  -316.0  1512.4  -17.6  -141.7  13.4
-23.6  -330.4  1472.8  9.8  -110.7  21.6
-59.2  -316.8  1436.8  10.3  -99.0  19.8
-67.6  -331.6  1478.4  64.0  -69.0  3.7
-36.0  -319.6  1495.2  37.6  -66.3  -3.9
-36.0  -284.0  1504.8  19.1  -60.5  -12.5
-20.0  -292.8  1489.2  54.7  -63.4  1.5
-29.6  -303.2  1492.4  10.4  -48.7  24.6
-51.2  -302.8  1542.8  81.9  -61.7  0.2
-74.0  -340.4  1734.4  -17.6  -80.4  44.6
-79.2  -372.0  1654.4  -140.7  -181.4  50.7
-26.0  -358.4  1336.8  -259.1  -145.7  49.6
-0.8  -360.4  1236.8  1.0  -114.3  -64.5
18.0  -344.4  1286.4  105.2  3.3  -38.8
-44.4  -339.6  1315.2  205.8  68.0  27.8
-47.6  -689.6  943.6  169.9  160.7  65.4
105.2  -536.4  -120.8  56.5  -415.5  208.0
5.2  56.0  181.6  815.1  -570.5  258.8
-267.2  690.8  2979.6  1455.3  -90.7  -327.5
147.6  94.0  3276.7  119.8  -112.7  -268.6
441.6  238.8  2557.6  -1973.0  -1010.9  34.1
141.2  40.0  1520.0  -319.6  269.7  419.8
-191.2  -44.0  1269.2  437.6  542.8  -209.8
-144.0  -138.8  1007.2  332.9  244.2  -392.4
-48.0  -398.8  1050.0  -58.7  -93.2  -64.1
-28.0  -392.8  1082.8  -386.8  -179.8  60.4
-30.8  -387.6  1128.4  -299.5  0.3  19.4
42.4  -366.8  1226.0  -58.4  -115.1  -16.5
9.2  -318.0  1352.0  -1.4  111.0  24.3
-90.8  -376.0  1579.6  198.4  45.4  -12.7
-46.8  -322.8  1649.6  12.0  52.2  -24.2
1.6  -275.2  1568.0  29.3  -68.8  -37.0
-47.2  -308.0  1571.6  76.9  -178.6  -3.5
-67.2  -288.4  1522.4  21.4  -143.0  6.8
-69.2  -288.8  1444.0  42.4  -140.9  8.4
-56.0  -318.8  1425.6  73.6  -32.1  -5.2
-48.0  -300.8  1434.8  -5.5  17.0  -31.2
-38.0  -300.0  1499.2  91.9  -35.6  15.1
-65.6  -328.4  1518.8  48.1  -37.3  3.9
-63.2  -320.8  1523.6  23.7  -23.7  -6.7
-59.2  -317.2  1487.2  33.3  -29.3  -8.8
-48.8  -291.6  1522.0  21.8  -29.2  13.6
-79.2  -286.4  1513.2  30.6  -99.6  13.0
-90.8  -312.4  1508.4  19.3  -92.6  3.9
-95.6  -306.4  1484.0  51.1  -81.8  -50.8
-58.4  -313.2  1465.6  33.9  -57.3  -15.8
-73.2  -317.2  1510.4  81.9  -81.6  -24.3
-62.4  -325.6  1524.8  17.7  -76.8  -24.9
-30.4  -323.2  1522.0  16.2  -85.5  -23.2
-47.2  -306.0  1497.6  24.9  -74.6  -17.1
-41.6  -327.6  1570.8  59.9  -100.7  -46.9
-38.4  -322.4  1550.8  -17.4  -118.9  -31.6
-62.8  -319.2  1488.0  15.6  -150.6  -40.4
-41.2  -336.8  1404.8  4.6  -101.7  -10.7
-72.4  -327.6  1328.0  14.5  10.1  15.4
-53.2  -352.4  1196.8  122.1  151.8  90.2
-22.4  -721.2  462.0  92.9  58.7  546.3
105.6  -552.0  -374.8  154.7  -367.8  639.0
-26.0  215.2  1113.6  643.4  -697.0  -440.7
-306.4  515.6  3276.7  1659.0  723.4  -197.6
415.6  -104.0  3276.7  -431.0  -657.2  -494.5
54.8  82.8  1778.8  -1141.6  -423.6  274.2
-177.6  -31.6  1714.0  -236.8  494.2  92.1
-198.0  -161.6  1424.4  -349.6  126.6  -134.6
-210.4  -339.2  1120.0  -96.5  -143.2  -85.1
-116.8  -397.6  986.8  -194.5  -332.9  -257.0
48.8  -365.2  949.6  -185.0  -165.6  -143.0
86.4  -392.0  1088.4  -68.5  -102.1  16.6
19.6  -401.6  1246.0  111.1  -202.9  14.7
-8.4  -447.6  1405.6  63.2  -120.0  -66.9
30.0  -372.4  1476.8  132.1  -16.2  -90.3
37.6  -296.0  1532.0  172.8  41.6  -67.9
-43.2  -342.0  1675.6  300.8  51.1  -52.8
-9.2  -298.0  1635.6  -1.8  3.7  -28.1
17.2  -270.0  1451.2  -11.1  -39.2  -13.5
-14.8  -355.6  1453.6  102.0  -88.3  -21.6
-29.2  -321.2  1497.2  47.3  -36.9  -0.8
-29.6  -293.6  1463.6  92.4  -20.6  -8.3
-82.0  -272.4  1406.0  213.7  32.1  14.1
-60.4  -295.6  1458.8  265.5  -19.9  -138.8
-37.2  -274.8  1506.0  233.5  49.6  -189.3
-35.6  -170.4  1454.4  194.8  -37.9  -157.3
-20.8  -254.4  1591.2  343.6  -77.9  -55.4
-0.4  -136.4  1739.6  204.6  -109.8  29.0
-65.6  -140.8  1664.4  -76.8  -165.6  100.0
-43.2  -136.4  1532.0  -107.2  -206.0  45.8
-9.2  -144.4  1424.4  -101.8  -111.7  1.4
-23.6  -232.4  1539.2  66.4  -120.1  -43.9
25.2  -240.0  1509.2  -114.0  -33.5  -7.6
-22.8  -219.2  1510.8  58.0  -128.7  -63.2
-21.2  -203.6  1444.8  -51.9  -96.2  -20.6
0.0  -226.4  1524.0  77.6  -56.8  23.6
9.2  -207.6  1552.4  20.1  -40.9  53.3
-46.8  -253.2  1510.4  -13.6  -123.6  6.7
-34.4  -271.6  1493.2  -35.0  -16.8  11.5
