154.8  -118.0  1516.0  58.7  -121.6  179.1
116.0  -228.4  1606.4  8.9  9.0  171.7
98.4  -289.2  1567.2  53.8  47.8  -146.0
134.8  -219.6  1816.8  -83.5  108.3  67.8
11.2  -221.6  1506.8  -575.5  -41.3  35.5
82.4  -138.0  1301.6  164.1  -362.8  -222.1
181.2  -270.8  1643.6  116.9  -225.9  -290.9
69.6  -245.2  1464.4  -141.0  -406.7  -214.9
182.8  -314.4  1455.2  -121.7  -46.2  90.2
136.4  -120.8  1418.8  23.3  79.9  157.5
211.2  -208.8  1734.4  -207.8  -394.5  175.6
0.8  -318.4  1723.2  -89.5  253.7  -301.4
-204.0  -268.4  1606.8  171.3  193.8  -121.3
11.6  -284.8  1443.6  105.4  -133.3  60.3
179.2  -223.2  1448.0  138.0  -328.8  46.5
228.4  -258.4  1466.8  80.1  -169.7  7.0
290.4  -281.2  1597.2  103.6  58.5  -44.7
127.6  -262.0  1706.0  8.2  -7.9  -20.3
130.4  -312.0  1546.4  26.8  -265.6  -33.8
150.0  -266.0  1450.0  91.3  -181.1  -133.0
88.0  -239.2  1418.8  -27.2  -43.0  -78.3
194.8  -289.6  1459.6  145.9  36.6  -232.5
105.6  -222.4  1429.2  127.8  16.5  -183.0
230.4  -204.0  1506.8  47.0  -32.8  -106.7
187.6  -262.4  1590.0  -3.5  -72.2  -104.2
196.4  -222.8  1534.4  133.0  -109.2  -133.7
159.2  -162.0  1461.6  66.5  -156.7  -82.2
133.2  -135.2  1458.8  -3.2  -129.9  -25.7
148.4  -188.8  1557.6  -192.7  -305.1  120.8
179.6  -218.8  1558.0  2.3  -104.6  56.2
228.0  -279.2  1515.6  48.7  -52.9  36.5
262.8  -292.8  1496.8  26.2  -126.5  53.0
248.0  -257.6  1504.4  -37.7  -153.2  44.9
220.4  -246.4  1567.2  32.9  -186.7  20.4
221.2  -227.6  1492.4  72.2  -59.9  6.7
203.6  -244.0  1508.0  53.0  -3.2  0.1
224.0  -254.0  1496.0  72.7  -0.1  -15.7
255.2  -240.4  1465.2  101.5  44.3  -108.4
170.4  -229.6  1511.6  67.1  -34.5  -68.7
158.8  -213.2  1548.8  67.4  -38.3  -19.6
226.4  -235.2  1515.2  56.3  -80.6  9.1
238.0  -253.6  1515.6  31.7  -94.7  -14.7
192.4  -223.6  1548.8  37.2  -102.7  -47.9
154.4  -226.0  1495.2  66.4  -46.5  -54.3
199.2  -228.4  1514.8  49.9  -76.9  -48.4
204.0  -204.4  1491.6  15.9  -58.1  -12.1
226.0  -188.8  1540.4  7.4  -62.8  4.6
212.8  -202.0  1566.4  19.3  -103.3  18.3
213.2  -236.0  1668.0  22.2  -117.9  75.4
88.8  -251.2  1780.0  -136.2  -248.8  112.7
265.2  -244.0  1426.8  210.7  -124.2  41.4
284.8  -250.0  1126.8  48.4  -67.6  21.3
244.0  -66.0  739.2  96.1  204.5  -93.2
435.2  28.4  720.0  167.4  523.2  -175.2
80.4  -29.2  904.8  -85.5  219.4  -207.0
-340.4  -447.2  1563.2  -301.2  432.2  169.7
-229.6  -474.8  1758.4  -909.6  29.1  534.4
-317.2  -645.2  2832.8  -578.2  281.5  262.3
-17.2  -592.0  2745.6  369.8  -218.7  -13.0
48.8  -516.0  2220.0  501.4  -339.6  -116.3
-84.8  -539.2  1801.6  468.1  -122.1  -206.8
-84.4  -432.0  1468.4  24.8  160.8  -181.1
76.0  -215.6  1297.6  412.4  -431.6  -302.9
102.0  -162.4  761.6  106.8  -624.5  -212.2
158.8  -83.2  959.2  -14.2  -354.3  -122.3
163.2  -92.8  1120.8  131.6  -125.2  -125.1
61.2  -156.4  1330.4  13.9  187.1  -64.7
54.8  -187.2  1530.4  -102.7  163.3  -50.8
86.0  -184.8  1591.2  27.7  199.6  10.4
114.4  -198.4  1603.2  94.4  73.8  -21.0
108.8  -199.6  1502.0  54.0  25.7  -8.7
70.0  -201.2  1618.4  28.8  12.8  38.3
76.0  -230.4  1510.8  40.4  -0.4  18.0
80.0  -236.8  1678.4  22.4  82.4  32.4
32.4  -208.4  1534.0  67.2  -52.8  10.2
95.6  -228.4  1445.6  91.2  -75.0  -13.5
-34.0  -189.6  1542.0  -37.3  -126.8  -24.8
-36.4  -139.6  1504.4  104.0  -65.4  -7.3
2.0  -156.8  1460.4  39.9  71.7  38.9
-60.4  -202.8  1482.0  -11.8  54.9  42.2
-6.0  -191.6  1602.0  -10.3  -47.3  90.5
10.0  -184.0  1478.0  21.8  -100.7  24.7
-0.8  -227.2  1597.6  31.8  -127.4  9.3
3.6  -206.0  1522.4  86.2  -125.7  -32.2
-20.0  -159.2  1476.4  -4.1  -73.8  -18.1
-16.4  -159.2  1436.0  -14.4  -62.8  61.3
12.4  -215.2  1496.8  -55.1  -87.6  85.6
0.0  -236.8  1530.4  -33.8  -75.6  83.9
15.6  -274.4  1536.4  -24.8  -122.2  90.4
5.6  -266.8  1530.0  37.5  -54.9  50.2
32.8  -243.6  1504.0  70.9  -39.6  -8.0
-28.8  -217.2  1534.4  -21.5  -47.4  -1.4
-47.2  -218.0  1536.8  -9.0  -36.1  36.7
2.4  -240.4  1494.4  29.1  -107.3  33.3
71.2  -260.0  1498.8  41.9  -103.5  -3.9
5.6  -233.6  1548.8  35.1  -84.8  -48.3
21.6  -220.4  1513.2  73.0  -79.8  -30.0
-85.6  -212.4  1630.4  50.5  21.6  47.3
50.8  -270.0  1492.0  95.5  -77.0  50.8
46.4  -298.4  1542.8  31.8  -114.2  32.5
86.0  -233.2  1640.4  69.7  -204.0  -1.5
57.2  -226.4  1434.4  99.2  -158.8  4.5
-4.4  -236.0  1392.8  -111.1  -243.0  49.1
-14.8  -132.4  1335.2  -45.4  -223.8  9.1
-55.6  -133.2  1202.8  -14.1  -41.4  48.1
133.2  -79.2  943.6  229.7  178.6  -31.5
180.0  -75.6  519.2  291.7  432.3  -116.9
182.4  -315.6  708.0  -107.8  734.7  -281.1
-623.6  -398.4  2098.0  -927.2  301.8  179.6
-702.4  -331.6  2866.0  -725.2  -308.5  -4.3
-174.0  -512.4  2893.6  531.1  -193.0  -82.3
-20.8  -522.8  2006.4  596.5  -286.8  -164.0
-136.4  -409.2  2075.2  491.1  -605.9  -129.9
-262.8  -452.0  1681.6  465.4  -272.4  -201.6
-59.6  -250.8  1250.8  451.8  -335.9  -85.6
48.4  -221.6  670.4  162.0  -796.0  -83.6
184.0  -40.8  599.6  151.7  -389.6  -131.1
185.2  92.4  1182.0  327.9  74.1  -116.5
14.0  -107.2  980.8  199.2  219.2  -176.7
0.4  -20.4  1871.2  -283.2  29.0  30.8
41.6  -136.4  1647.2  25.9  11.1  -9.9
92.8  -91.2  1556.4  79.9  -10.2  -51.9
96.4  -107.6  1608.4  108.5  -129.9  -94.3
49.6  -55.2  1522.4  146.3  -45.5  -106.9
-12.4  -67.6  1513.6  -37.0  -56.3  20.9
53.6  -96.4  1594.0  5.7  -7.2  72.6
51.2  -120.0  1541.2  -22.4  12.1  61.8
112.8  -126.4  1520.4  101.4  81.8  -77.4
-9.6  -52.8  1589.2  -5.8  -1.6  -43.0
-26.0  -65.6  1533.2  -41.0  -95.8  55.9
33.6  -126.8  1525.6  -24.4  -93.2  87.4
35.6  -73.2  1500.0  -5.6  -141.7  38.6
-35.2  -87.6  1543.2  8.8  -166.8  49.2
-37.6  -131.2  1537.6  10.9  -131.2  66.9
42.8  -148.4  1443.6  16.1  -102.4  60.5
74.8  -138.0  1504.0  15.0  -89.1  10.6
68.0  -164.0  1586.0  46.0  -105.3  -24.8
36.4  -129.6  1540.0  2.6  -158.7  -33.1
65.6  -99.2  1524.0  40.5  -121.3  -34.7
12.0  -91.2  1527.6  -38.6  -127.1  22.8
32.0  -124.8  1488.4  -14.3  -55.9  41.4
138.8  -144.4  1595.6  41.5  -59.9  4.3
153.6  -138.0  1512.8  37.9  -48.2  -56.0
86.0  -124.4  1522.8  69.2  -85.7  -57.4
30.0  -144.4  1568.4  -12.9  -124.4  37.0
112.0  -130.0  1563.6  47.7  -109.6  5.9
140.8  -146.4  1496.8  0.0  -77.0  -36.6
105.6  -127.6  1571.2  25.8  -98.0  -43.4
109.6  -132.8  1586.0  53.5  -134.6  -26.2
96.0  -136.4  1560.0  21.6  -148.8  -4.7
80.0  -132.0  1535.2  32.8  -181.3  45.6
48.0  -130.0  1291.6  -83.4  -241.0  120.1
78.4  -207.2  1537.2  -270.6  -212.0  248.1
230.0  -230.4  1510.8  -16.8  -136.9  66.4
205.6  -166.0  1373.2  24.0  -2.3  -39.8
314.8  -54.4  1131.2  208.7  173.4  -105.3
180.0  -32.4  438.0  378.4  710.2  -301.2
34.4  159.2  257.6  -566.2  768.6  -280.2
-376.4  -66.8  1694.8  -674.1  377.2  90.0
-610.0  -736.8  3008.4  -1399.8  -137.0  486.0
-158.8  -711.2  3193.2  187.9  -155.9  20.0
164.8  -693.2  2185.6  716.0  -318.3  -263.3
-176.0  -474.4  2204.4  747.2  -122.8  -330.6
-377.6  -509.2  1745.6  660.0  -236.8  -142.8
-226.0  -256.4  1277.2  677.3  -201.0  -118.1
-7.6  -82.0  471.6  148.7  -786.0  -97.0
41.6  -3.2  694.0  -53.5  -449.8  211.0
185.2  11.6  1227.6  -135.8  -193.2  32.6
179.6  2.8  1440.8  240.3  -86.2  -116.7
63.6  -60.4  1269.2  132.1  75.0  -102.3
23.2  -47.2  1545.6  46.1  199.8  -80.6
-0.4  -50.8  1693.6  29.9  38.0  -66.3
82.0  -77.2  1567.6  160.6  28.2  -72.4
52.8  -72.4  1529.6  86.0  -53.8  -54.1
2.4  -74.4  1529.2  -32.2  -134.4  35.4
7.2  -90.4  1517.6  20.5  -18.0  64.1
60.0  -101.6  1544.0  18.9  -39.1  -4.3
47.2  -66.8  1502.8  55.6  -55.6  -39.3
-25.2  -41.6  1502.0  -4.3  -68.4  19.8
-31.2  -29.2  1552.4  -33.6  23.6  45.7
-20.4  -77.6  1529.6  -20.9  -6.9  82.0
20.0  -123.2  1591.2  34.7  -71.3  67.3
-22.8  -147.2  1575.2  40.9  -129.5  -1.9
-20.0  -116.8  1484.4  30.6  -73.0  -72.8
-16.8  -62.4  1479.2  19.4  -30.9  -74.2
-50.8  -43.6  1542.0  -1.7  -30.6  -8.2
-2.8  -80.4  1595.2  69.9  -81.6  41.7
45.2  -138.8  1533.2  23.3  -130.2  52.4
27.6  -146.4  1538.0  0.1  -123.3  -18.2
-26.4  -121.2  1548.8  -24.5  -103.7  -10.1
18.0  -127.6  1537.6  -19.4  -127.7  29.2
46.4  -111.2  1550.0  -21.8  -147.7  8.3
50.4  -107.6  1530.4  35.6  -143.2  -45.3
49.6  -117.2  1525.2  74.1  -108.8  -46.0
54.8  -119.2  1492.0  52.0  -84.6  -76.7
11.6  -113.6  1556.8  18.0  -54.4  -21.0
72.0  -116.8  1539.2  -5.5  -94.7  26.0
57.2  -126.0  1535.2  -4.9  -96.9  12.6
114.8  -136.8  1488.0  73.1  -58.5  -54.9
41.2  -138.8  1412.0  144.2  -38.5  -128.9
-60.0  -100.0  1755.2  -31.2  -163.8  4.1
-102.4  -70.0  1886.8  148.6  -37.2  95.3
126.0  -100.8  1252.8  203.0  -61.7  75.4
145.2  -88.8  1353.6  -62.7  -100.8  90.5
186.4  -47.2  1070.0  -63.4  55.7  -34.0
158.8  -24.8  1015.2  -268.5  30.8  43.2
293.2  -4.0  334.0  128.0  163.0  -196.5
-142.4  -100.0  1002.8  -161.3  752.6  -36.2
-807.6  -432.4  1788.0  -992.0  431.2  173.7
-406.8  -484.4  2688.0  -964.8  -125.1  383.6
-244.8  -510.4  3276.7  -163.8  -92.8  90.0
-38.4  -557.6  2308.0  899.3  -310.9  -402.6
-197.6  -422.0  2020.0  863.2  -249.4  -330.1
-293.6  -400.4  1550.4  803.7  -17.1  -263.4
-202.0  -239.2  1209.6  432.6  -327.0  -85.5
28.4  -220.4  823.6  195.4  -671.5  -29.7
250.8  8.4  881.2  172.9  -428.8  -54.0
83.2  86.4  1291.2  -34.3  -238.2  -77.3
72.0  68.0  1224.0  200.6  -11.7  -119.6
112.4  28.8  1262.4  78.1  32.9  -56.8
-41.2  -48.8  1608.8  -216.2  29.4  63.1
53.6  -110.0  1731.2  -79.5  -24.8  70.0
125.2  -140.0  1687.6  103.1  -88.2  5.2
121.2  -81.2  1509.2  98.9  -119.4  -82.2
47.2  -33.6  1493.2  28.9  -73.4  -67.1
2.0  -34.8  1525.6  28.8  -40.2  -25.0
13.6  -28.4  1517.6  11.4  -29.2  56.5
46.4  -74.4  1546.4  -2.2  -43.0  62.9
70.8  -84.4  1570.0  27.9  -54.7  32.6
71.2  -82.0  1526.4  27.7  -103.0  16.2
65.2  -73.2  1564.4  17.2  -137.4  12.3
58.8  -66.8  1500.4  50.6  -94.2  26.8
58.8  -61.2  1500.8  -4.1  -78.8  50.9
55.6  -84.4  1522.8  28.8  -66.3  31.4
61.6  -82.8  1511.2  22.6  -48.9  13.9
44.0  -86.0  1568.8  20.6  -57.8  20.1
51.6  -98.0  1544.0  41.3  -86.2  29.6
74.4  -94.4  1523.2  24.1  -95.7  38.8
54.0  -96.4  1521.6  18.7  -57.8  22.1
31.2  -91.6  1511.2  17.4  -78.8  34.9
72.8  -83.2  1495.2  -16.2  -71.2  82.0
88.4  -100.0  1561.6  -6.9  -81.7  31.4
62.4  -96.8  1552.8  24.3  -63.3  -2.4
61.2  -90.8  1554.0  63.8  -71.9  -15.2
58.8  -95.2  1547.2  54.5  -101.3  -6.3
65.2  -113.2  1525.6  28.0  -88.2  -12.6
70.4  -124.0  1596.0  44.3  -98.1  -30.2
57.6  -91.6  1638.8  62.0  -125.4  -7.5
80.4  -80.4  1550.0  81.6  -158.9  2.5
139.6  -50.8  1432.4  95.2  -92.5  13.4
106.0  -110.8  1304.4  -11.0  -85.9  -5.8
28.0  -102.0  1538.0  -23.5  -50.4  -2.2
51.6  -39.2  1444.0  43.9  -8.4  -32.3
206.4  66.0  1021.2  114.5  203.4  -80.5
174.8  -8.8  443.6  -34.4  353.4  -227.2
-242.4  -88.0  536.8  -441.3  496.8  162.9
-488.0  -427.6  1140.8  -1041.2  831.1  371.2
-418.8  -571.6  2384.8  -1168.1  275.3  465.8
-265.6  -1092.8  3276.7  -701.0  -160.0  481.3
-230.4  -620.4  3124.8  707.6  -236.5  -168.9
-190.4  -634.0  1999.2  1224.5  -113.6  -550.5
-498.8  -526.8  1940.0  968.2  -201.6  -316.0
-494.4  -369.2  1387.6  681.8  -306.6  -41.4
-129.6  -189.2  992.0  501.2  -621.8  -22.1
80.8  -64.4  729.6  112.0  -867.5  -0.2
115.6  -0.4  953.6  41.7  -412.4  -48.4
106.8  46.4  1238.0  195.7  -83.5  -119.5
46.8  6.0  1310.8  53.1  -53.0  -92.1
50.0  -16.8  1467.2  30.2  75.4  -48.9
-10.4  -87.2  1644.4  -132.5  12.3  40.9
80.4  -81.2  1617.2  43.8  -78.1  31.3
107.2  -82.4  1572.0  59.9  -103.8  0.3
60.0  -78.0  1504.4  51.9  -130.4  -24.7
3.6  -62.0  1492.8  34.0  -58.1  -18.8
29.2  -51.2  1518.4  16.1  -56.4  16.3
66.4  -76.0  1563.2  36.4  -47.4  9.6
83.6  -67.6  1515.6  51.4  -67.5  -21.3
93.2  -46.0  1541.2  53.3  -50.3  -22.5
37.6  -60.0  1568.8  8.6  -88.6  10.8
30.8  -73.6  1524.4  47.9  -88.0  8.4
61.6  -68.8  1505.2  23.9  -71.2  0.5
54.4  -75.6  1557.6  4.0  -74.5  0.9
45.2  -63.2  1525.2  43.7  -43.8  -10.6
50.4  -61.6  1555.6  29.8  -102.0  8.4
62.8  -71.6  1530.0  47.5  -83.1  0.3
29.2  -58.4  1522.4  32.0  -101.2  7.6
38.4  -70.4  1528.4  19.8  -61.2  20.8
99.2  -95.6  1549.6  42.3  -64.5  -1.3
58.4  -91.6  1540.0  32.6  -73.1  -3.1
54.4  -64.0  1546.4  36.4  -86.1  -9.8
46.8  -57.2  1510.4  22.9  -84.5  12.9
84.0  -87.6  1518.0  42.8  -64.3  -6.4
61.6  -70.4  1535.2  20.5  -67.5  5.5
52.8  -65.2  1534.8  41.4  -9.4  -1.2
50.4  -56.4  1574.4  18.2  -72.0  14.6
63.6  -108.4  1631.6  32.1  -78.0  36.8
70.0  -123.2  1702.0  44.1  -116.0  40.8
67.6  -89.6  1623.6  114.7  -124.9  12.0
-3.2  -60.8  1558.0  80.7  -220.9  55.7
-39.2  -13.2  1341.2  41.8  -271.6  96.6
229.6  91.6  1027.6  137.2  -176.3  145.3
641.2  238.8  -214.0  783.5  113.1  -335.9
256.8  147.6  -1605.2  -219.4  166.4  -759.1
-1375.6  -1274.8  1871.6  -2764.9  -141.7  1267.2
36.8  -286.0  3276.7  -434.5  1092.1  -74.4
413.2  -762.8  2997.6  849.0  -526.6  -238.9
311.2  -611.6  1682.8  880.4  191.2  -630.1
-248.4  -366.0  1599.6  580.8  437.3  -415.7
-359.2  -202.8  1542.0  516.6  50.9  -9.8
22.4  -42.8  966.4  661.1  -614.8  55.8
176.8  21.2  674.4  -56.1  -727.3  239.3
97.2  65.2  888.0  -71.5  -122.6  44.3
214.4  25.6  1460.0  12.7  -139.3  -14.5
63.6  -75.2  1426.8  27.4  -12.3  19.3
94.0  -82.0  1599.2  52.9  30.0  -11.3
76.0  -56.0  1603.6  79.3  -38.3  -38.6
75.6  -61.6  1554.0  123.5  -16.4  -37.4
55.6  -38.8  1512.0  76.5  -49.8  -55.1
62.4  -51.2  1525.6  81.7  -91.4  -55.9
23.6  -14.0  1529.6  51.8  -90.6  -8.0
31.2  -9.6  1581.6  38.1  -98.9  15.8
102.0  -31.6  1496.8  56.2  -113.9  11.9
100.8  -40.0  1411.2  5.1  -114.6  -16.4
58.0  -56.0  1559.6  -11.7  -28.9  12.0
54.8  -35.6  1651.6  0.1  -104.5  2.7
87.2  -1.6  1526.8  77.8  -86.3  -18.4
80.8  -18.0  1523.6  41.8  -93.0  -0.5
62.0  -44.8  1510.0  19.0  -74.8  0.9
55.2  -20.8  1512.4  7.9  -25.8  6.2
71.6  -37.6  1505.6  -19.6  -30.8  4.5
69.2  -28.0  1622.4  18.0  -54.5  6.6
97.6  -46.8  1576.4  52.6  -121.1  2.5
86.0  -36.8  1546.4  57.7  -130.4  -10.5
88.8  -24.8  1485.2  36.5  -88.3  10.2
83.2  -40.8  1452.8  -23.4  -77.6  20.8
96.8  -56.8  1540.0  -41.2  -79.9  24.5
99.2  -44.8  1594.8  31.0  -65.8  25.2
114.0  -64.4  1526.8  13.8  -110.8  13.9
87.6  -66.0  1495.2  39.3  -69.4  -6.4
74.8  -69.2  1532.4  7.2  -87.6  6.3
92.4  -63.6  1492.4  31.3  -32.6  9.2
114.8  -60.4  1549.2  46.1  -60.6  -4.1
118.4  -53.2  1435.6  33.3  -8.6  -6.0
116.0  -52.8  1445.2  2.3  33.7  18.7
-47.2  -111.2  1994.4  -255.5  -112.5  150.4
99.6  -137.2  1868.4  23.3  -200.7  117.7
126.4  -81.2  1556.8  107.8  -258.4  57.6
86.8  -37.2  1496.0  94.5  -261.6  94.2
42.8  -55.6  1400.4  116.9  -264.7  142.8
52.8  -29.6  1102.0  -5.2  -174.9  140.5
602.4  52.0  667.2  137.6  359.8  9.2
460.4  355.2  -500.4  -284.1  431.8  -313.4
-247.2  56.0  -713.2  -1690.0  1132.3  -249.7
-1618.0  -2267.6  3276.7  -1009.5  69.5  812.1
-535.6  -1262.8  3276.7  253.7  -450.7  418.0
216.8  -767.2  1891.6  1560.5  -701.1  -483.1
-50.4  -501.2  1432.0  857.2  -251.1  -484.6
-361.6  -272.4  1079.2  278.3  120.4  -252.8
-2.0  -101.6  1067.2  308.4  -387.1  1.0
13.6  79.6  848.0  -73.1  -721.4  198.3
305.6  0.8  688.0  240.6  -6.2  -112.9
205.2  44.8  1537.6  89.0  -107.7  28.6
-24.4  -43.2  1430.8  -6.3  64.3  -127.5
55.2  -14.0  1728.0  88.2  60.7  -38.1
79.6  -47.6  1440.0  122.3  -32.0  -17.5
35.6  -20.4  1512.0  3.6  -81.8  15.7
16.4  -31.2  1517.6  22.4  -39.8  9.6
10.0  -63.2  1543.2  8.8  -68.3  17.6
41.2  -60.8  1529.2  -8.1  -101.7  64.8
98.4  -76.8  1511.6  -1.7  -116.8  39.8
88.8  -95.6  1555.6  6.0  -77.7  20.5
26.8  -88.0  1546.4  30.4  -60.1  -25.9
65.6  -98.0  1566.8  88.3  -30.8  -64.1
76.8  -52.0  1543.6  82.5  -97.4  -53.4
42.4  -4.8  1533.6  74.3  -79.8  -28.2
19.2  -20.0  1493.6  17.0  -59.0  12.7
65.2  -63.6  1532.8  2.4  -21.3  43.7
88.0  -92.0  1534.0  -18.5  -36.9  -8.7
52.0  -61.6  1592.8  53.6  -86.4  -33.4
0.0  -34.8  1509.6  46.0  -115.5  -5.5
12.0  -35.6  1530.4  22.8  -84.0  30.2
50.4  -37.2  1514.8  14.0  -80.2  56.9
77.6  -90.0  1523.6  19.9  -63.5  46.6
70.8  -92.8  1520.4  27.9  -75.0  33.2
84.0  -66.4  1572.0  10.1  -80.7  31.0
63.2  -66.0  1531.2  55.3  -73.5  -13.4
56.4  -42.0  1513.2  50.2  -51.5  -21.9
16.4  -59.2  1558.4  37.6  -64.2  7.7
62.4  -59.6  1511.2  47.0  -58.4  17.7
80.0  -46.4  1427.2  27.0  -27.0  -2.0
44.0  -40.4  1418.4  -65.8  10.8  18.1
36.4  -116.4  1546.8  -74.3  7.8  40.3
-18.0  -126.0  2012.8  -101.4  -138.8  98.1
74.4  -142.4  1666.8  99.1  -240.5  67.6
40.8  -106.8  1578.8  35.9  -311.5  114.7
52.0  -57.6  1429.2  115.1  -182.1  125.8
38.8  -20.8  1150.4  15.0  -72.1  130.0
186.4  16.4  798.8  -92.5  294.7  136.5
375.6  150.4  102.0  46.5  731.3  -181.6
380.4  328.4  -387.6  -514.3  815.2  -372.6
-1088.4  -953.6  2445.6  -337.4  918.4  -178.4
-1047.6  -1475.2  3276.7  -1975.5  -1573.6  814.4
-74.0  -609.6  2745.6  1359.4  -273.9  -451.4
32.8  -392.8  1642.4  1042.1  -226.1  -362.5
-252.4  -193.6  1261.2  645.5  -60.0  -206.5
-542.0  -74.8  1162.4  72.7  -101.2  104.5
-3.2  22.4  815.6  34.2  -754.9  161.9
149.2  77.6  1073.6  -128.2  -506.2  296.7
123.6  13.2  1019.2  -82.7  -225.6  110.6
183.6  15.2  1449.6  45.5  66.4  -9.9
41.6  -50.8  1448.4  31.0  -44.0  -62.8
45.6  -40.4  1553.6  178.5  124.7  -89.0
-24.8  -30.8  1536.8  87.8  -3.1  -4.1
49.2  -36.0  1609.2  40.7  -49.9  10.2
77.2  -21.2  1570.8  56.9  -56.0  -33.2
10.0  -4.4  1508.0  -5.3  -140.0  -18.5
-1.2  -34.4  1496.4  7.9  -41.8  10.8
-6.8  -30.8  1562.4  -16.3  -30.0  15.1
-5.6  -30.4  1562.4  -39.8  -70.7  42.4
35.2  -26.4  1560.4  4.1  -114.2  2.7
14.0  -36.0  1539.6  27.0  -87.3  11.2
-3.6  -61.6  1506.0  -20.0  -104.2  42.7
46.8  -76.8  1520.4  16.3  -32.7  4.7
1.6  -62.0  1535.2  -11.9  -39.5  -10.1
13.2  -50.4  1534.4  -25.6  -66.1  3.9
-4.4  -56.8  1543.6  0.8  -77.6  3.5
-19.6  -66.4  1558.8  58.3  -76.1  -4.7
27.2  -54.4  1520.0  50.4  -64.5  3.9
1.6  -72.8  1558.4  16.1  -94.4  17.4
21.6  -93.6  1465.2  47.2  -41.8  -14.0
-4.0  -86.8  1566.8  -11.5  -32.7  -11.5
-24.0  -68.8  1560.8  16.6  -52.7  -16.3
2.4  -54.4  1574.8  35.3  -76.1  -2.7
-14.8  -75.2  1511.2  34.6  -93.8  3.3
-6.8  -82.4  1475.2  23.8  -59.0  5.9
30.4  -82.4  1455.2  -16.8  -12.8  -0.1
8.0  -96.4  1574.0  -45.8  -40.0  -1.8
-30.4  -82.4  1732.8  22.5  -109.4  14.7
-0.8  -95.2  1677.6  37.2  -207.4  38.9
30.4  -86.0  1504.4  69.2  -186.9  55.6
75.2  -124.8  1367.6  80.0  -112.1  44.6
8.8  -108.0  1339.2  -25.9  -55.5  40.5
6.8  -78.4  1394.4  -23.3  50.2  18.1
455.6  22.8  819.2  652.8  543.0  -351.7
229.6  273.6  -159.6  653.5  -50.2  -462.4
-13.2  -164.8  -173.2  -431.2  550.1  -334.7
-609.6  -648.4  2286.4  -2248.3  -86.1  840.2
-267.2  -865.6  3276.7  -1064.6  -510.6  455.8
-330.0  -582.4  2466.4  1381.6  -37.5  -554.8
-181.6  -598.8  1313.6  778.7  162.2  -293.9
-221.2  -250.4  1332.4  405.2  112.5  -19.6
-92.4  -28.0  1399.2  86.2  -348.7  252.3
-45.2  -14.8  1001.2  149.7  -674.3  144.0
192.0  10.4  1068.0  -129.4  -581.0  212.9
72.8  -20.0  1106.0  -51.0  -256.0  0.5
180.8  -5.2  1319.2  126.8  -53.7  49.7
177.6  -9.2  1234.4  27.7  -3.2  30.9
42.4  -99.2  1564.0  -125.8  56.2  69.7
72.0  -79.2  1724.8  45.8  15.5  29.1
106.8  -112.0  1550.8  119.7  -25.4  -2.7
69.2  -98.8  1538.4  43.7  -80.4  28.3
46.0  -82.0  1479.6  50.7  -111.4  -14.1
30.8  -89.2  1539.2  62.1  -39.5  -13.5
44.4  -69.6  1499.6  13.8  -59.7  -24.9
43.2  -71.6  1558.4  -35.3  16.0  37.3
58.0  -87.2  1556.0  45.3  -72.9  1.0
44.0  -91.2  1551.2  28.9  -104.0  -7.5
39.2  -101.6  1508.4  87.3  -104.5  -14.3
10.4  -65.2  1490.8  76.7  -65.3  1.0
48.8  -69.2  1526.4  31.6  -34.0  13.6
57.6  -78.8  1477.6  21.2  -26.2  2.7
30.8  -70.4  1627.2  12.5  -51.4  4.8
61.6  -72.4  1572.8  83.7  -83.5  -15.4
39.6  -57.6  1540.4  60.4  -96.7  -8.9
10.0  -54.0  1516.0  28.2  -96.7  17.3
49.6  -90.0  1523.2  41.8  -93.3  17.3
59.6  -84.4  1544.8  49.4  -94.5  -0.3
66.0  -62.8  1513.6  0.1  -78.0  -19.8
32.4  -51.6  1548.0  12.9  -85.3  -0.4
42.4  -67.6  1544.0  26.6  -86.8  21.0
66.8  -88.8  1579.6  33.2  -90.5  22.0
72.4  -90.8  1495.6  23.7  -92.5  0.3
87.2  -64.0  1442.4  8.8  -56.9  -17.5
-2.8  -119.6  1685.6  -37.1  -93.3  66.2
5.6  -132.8  1972.8  -87.5  -242.5  123.9
155.6  -139.6  1421.2  162.8  -154.7  97.7
140.0  -71.6  1337.6  -31.8  -297.5  113.7
159.2  -10.8  1152.8  59.7  -77.9  74.0
77.6  19.2  822.0  -34.9  379.9  49.1
298.8  294.8  134.0  -245.0  371.2  -221.4
562.4  436.0  -130.0  22.5  1203.4  -214.7
-498.4  -1004.0  1276.8  396.5  98.4  -466.6
-368.4  1298.8  2746.4  -1204.5  -1285.1  -686.4
-110.8  -220.8  3276.7  887.0  -443.7  -267.0
110.0  -506.0  2339.2  1132.4  -221.9  -334.1
-325.2  -424.0  1009.6  560.2  -144.9  -123.2
-228.4  -44.8  832.8  -334.6  166.4  121.6
-175.6  -36.0  698.8  -617.2  -651.3  370.7
207.2  116.4  850.8  -106.3  -334.5  226.0
120.8  -0.8  1290.0  -174.2  -267.9  179.4
89.6  -118.4  1315.6  306.5  56.0  -34.9
89.2  -177.2  1548.0  15.8  -46.3  41.6
124.4  -172.0  1448.8  217.5  36.8  -85.1
80.8  -126.8  1550.4  92.2  9.2  -62.3
28.0  -120.8  1578.0  9.4  -76.1  -23.7
46.0  -106.0  1608.4  29.8  -84.1  -8.4
70.4  -73.2  1528.0  52.8  -109.9  0.8
61.2  -91.2  1520.0  31.3  -85.3  39.9
70.4  -111.2  1507.2  18.7  -90.6  22.7
46.0  -113.6  1494.8  -24.5  -47.4  26.2
72.0  -117.6  1522.0  9.3  -50.8  21.3
51.2  -112.0  1560.8  23.4  -40.2  9.9
75.2  -113.6  1535.6  53.9  -48.6  6.5
62.8  -108.0  1492.4  49.6  -66.2  -2.0
46.0  -108.0  1436.8  45.9  -1.0  -37.1
-10.0  -107.2  1549.2  -62.8  -37.6  2.9
16.0  -138.4  1645.6  2.9  -47.2  7.1
74.0  -117.2  1578.0  87.0  -59.7  -8.6
56.4  -97.6  1535.6  56.5  -121.6  12.6
34.4  -139.2  1521.2  45.0  -116.9  17.2
61.2  -137.6  1485.6  69.1  -94.6  13.9
56.8  -133.2  1492.8  -1.9  -91.4  8.7
40.4  -96.0  1523.2  32.6  -65.5  -0.2
47.6  -78.8  1543.6  14.4  -91.6  10.8
76.0  -113.6  1512.4  55.1  -61.3  1.1
50.8  -118.0  1497.6  -5.7  -58.3  -13.1
65.6  -111.2  1492.4  -29.9  -32.5  -26.8
49.2  -126.0  1498.8  -48.7  -29.6  43.0
80.0  -243.2  1950.0  -77.5  -87.7  139.3
136.8  -215.6  1805.6  159.5  -204.7  -9.9
90.4  -157.2  1506.4  22.5  -342.8  -69.9
24.4  -96.4  1406.0  -81.1  -285.8  43.5
71.6  -52.4  1282.4  -13.8  -142.5  92.6
120.0  -76.4  1008.4  15.6  48.8  41.9
216.0  -71.2  714.0  -155.8  339.6  -35.1
256.8  122.4  17.6  -84.8  636.8  -266.8
203.6  246.4  -157.2  -586.7  1319.3  -459.4
-524.8  -718.0  1759.2  726.8  342.4  -20.5
-1166.8  -739.2  3276.7  -1254.2  -1554.2  513.4
280.0  -609.6  2841.6  1375.7  -279.1  -320.1
134.4  -449.6  1636.4  782.0  -207.2  -481.0
-394.4  -251.2  1286.4  38.9  87.1  -232.6
-424.8  -184.8  1168.8  -367.1  57.5  104.0
-65.6  -84.4  1108.0  -100.4  -1057.4  271.2
118.0  -19.6  645.2  173.2  -239.3  85.5
233.2  58.4  1074.8  73.9  -150.5  9.6
76.4  16.8  1179.2  145.2  86.5  45.1
148.0  -60.0  1303.2  -95.9  125.2  1.1
38.0  -132.4  1622.8  -193.8  171.4  -19.3
24.0  -167.6  1814.8  76.4  96.5  -58.3
16.0  -124.4  1772.8  57.3  -91.0  -63.7
4.8  -96.8  1576.4  137.9  -141.2  -60.4
25.6  -85.2  1558.0  82.8  -247.8  -22.5
6.4  -86.4  1484.4  113.4  -184.9  -7.0
58.8  -87.2  1495.2  65.6  -180.0  23.4
27.6  -122.8  1447.6  53.1  -96.4  28.3
61.2  -79.6  1510.4  6.1  -82.0  27.6
38.4  -102.4  1534.8  -21.6  -58.7  40.5
82.4  -71.6  1458.4  21.5  -4.0  -2.2
23.2  -87.2  1526.8  -64.2  -12.0  38.4
22.8  -110.4  1687.2  -15.9  -86.9  27.6
99.6  -88.8  1628.8  57.3  -100.8  25.4
39.2  -90.0  1628.8  25.9  -221.2  -36.6
0.8  -78.8  1534.4  97.7  -141.0  18.3
63.2  -89.2  1433.2  85.7  -122.2  29.6
102.0  -84.0  1468.8  70.8  -42.9  10.4
94.0  -91.2  1502.8  31.8  -59.2  -0.8
59.6  -87.2  1532.8  17.4  -46.8  2.4
68.4  -63.2  1531.6  29.5  -46.8  2.5
64.8  -54.8  1511.2  1.4  -54.9  10.9
98.0  -92.4  1496.0  12.6  -32.8  -2.0
85.2  -90.4  1517.2  -17.9  21.8  2.5
94.4  -109.2  1505.2  -15.0  53.4  10.1
-21.2  -213.2  2099.2  -152.5  -152.5  98.5
30.8  -110.4  1680.8  343.0  -215.7  -67.0
-114.8  -118.4  1028.4  10.3  -290.6  294.4
242.0  13.6  872.8  -53.5  264.5  308.0
147.6  19.6  573.2  -472.7  425.4  37.3
-6.8  -308.8  759.6  -351.4  512.4  57.3
-409.2  -170.0  1116.8  66.9  1163.6  -103.4
-423.2  -276.0  2044.4  227.9  71.9  -566.2
-811.6  -501.2  1883.6  -135.4  -503.0  41.9
-120.4  -298.0  3267.6  -492.1  -413.4  206.4
26.8  -362.0  2996.8  141.2  -448.4  3.8
-89.2  -400.8  2496.4  653.8  -306.9  -344.3
-440.0  -346.0  1618.8  469.2  -77.2  -104.8
-263.6  -177.6  1243.2  292.5  -403.9  33.2
-102.8  -83.2  682.0  48.0  -965.3  11.1
189.2  -29.6  785.6  132.9  -605.1  -84.8
31.6  68.8  924.4  59.4  -248.5  19.8
133.6  -5.6  1162.4  263.0  110.1  6.2
80.4  -120.0  1436.4  -195.3  121.9  60.4
114.0  -93.2  1690.8  45.3  144.2  -5.5
118.8  -127.2  1661.6  30.3  -20.1  -1.8
130.8  -129.6  1636.4  97.8  -91.2  -42.9
90.0  -95.6  1552.8  105.1  -99.1  -71.9
67.2  -84.4  1518.8  65.4  -111.3  -40.5
70.8  -87.6  1485.2  74.9  -75.1  -18.6
53.2  -94.8  1511.6  24.0  -61.3  -12.2
93.6  -70.4  1530.0  69.9  -61.9  -29.5
70.0  -82.4  1559.2  18.2  -128.0  0.1
76.8  -84.4  1544.4  41.5  -79.7  0.8
117.2  -87.2  1501.6  49.4  -56.5  -8.8
103.6  -88.8  1467.6  22.7  -45.8  -35.0
61.6  -78.0  1534.8  2.0  -19.7  -32.0
53.6  -79.6  1632.0  -43.5  -94.6  9.6
133.2  -125.2  1531.6  72.7  -69.8  -15.9
82.0  -91.2  1550.8  41.4  -129.9  -30.2
67.6  -92.4  1472.0  41.2  -91.9  -7.0
53.6  -93.2  1549.6  -7.0  -92.1  25.0
106.4  -97.2  1551.2  21.3  -85.5  43.7
148.4  -117.2  1511.2  40.1  -110.7  7.4
109.2  -84.4  1518.8  31.5  -103.6  -14.1
96.0  -100.0  1490.4  54.6  -58.2  6.3
98.4  -106.8  1486.4  13.8  -52.8  14.0
94.0  -80.4  1503.2  10.6  -20.7  8.3
87.6  -91.6  1444.0  -6.4  3.6  9.7
127.6  -74.4  1298.8  -63.9  65.5  6.3
22.4  -314.8  1539.2  -20.4  422.9  -61.9
-38.4  8.0  2751.6  -52.6  -317.9  153.7
26.0  -176.4  1448.0  363.8  -343.6  -2.9
129.2  -50.0  1238.0  226.1  -351.2  34.0
133.2  5.6  902.0  134.6  21.2  11.8
90.8  -45.2  644.4  -184.5  415.1  -88.2
137.2  39.2  717.6  -518.1  421.3  -155.0
-56.0  -79.2  716.4  87.4  591.5  -2.8
-171.2  54.0  1310.0  -122.7  461.3  -59.5
-744.8  -221.6  1315.2  -138.7  180.0  94.2
-460.0  -643.2  1878.4  -984.6  -602.1  540.7
230.0  -324.0  3139.2  -901.1  -554.5  -4.6
-70.0  -223.2  3276.7  751.2  -167.5  -391.7
-199.6  -312.0  2603.6  1045.7  -96.5  -547.6
-504.4  -525.6  1378.8  610.5  -260.9  16.4
-202.0  -337.6  905.2  574.8  -350.5  -5.6
-26.4  -42.0  410.0  197.8  -768.9  -34.6
98.8  32.4  971.2  -203.7  -418.4  52.9
-22.8  35.6  1054.0  3.3  -168.9  -23.0
28.8  -16.8  1262.0  29.2  66.4  -7.9
-52.0  -54.4  1631.6  -159.6  116.0  54.2
16.4  -84.8  1659.2  12.9  92.9  23.7
127.2  -123.6  1656.8  30.0  -4.9  29.7
72.8  -62.4  1684.0  42.6  -151.3  -9.6
44.0  -47.6  1547.6  103.7  -182.7  -45.4
44.0  -64.4  1402.8  56.3  -102.5  -45.0
37.2  -56.4  1474.8  7.3  -117.9  -14.9
16.0  -75.2  1556.8  4.7  -44.9  1.8
61.6  -45.6  1524.4  47.2  -54.9  -7.5
70.8  -47.2  1542.0  37.1  -95.0  -5.8
-16.4  -68.0  1557.2  16.8  -72.5  14.3
53.2  -50.8  1515.6  35.0  -43.5  44.0
58.8  -75.6  1445.6  -16.8  -38.0  35.7
57.2  -72.8  1545.6  -7.8  -54.5  27.3
0.8  -83.2  1612.4  3.3  -33.5  16.2
0.0  -58.8  1604.8  57.2  -72.2  5.9
20.8  -66.8  1508.0  39.7  -104.1  18.0
5.6  -77.6  1538.4  39.0  -107.9  4.1
26.8  -41.2  1516.8  36.3  -69.2  17.2
54.4  -64.8  1560.8  36.1  -92.9  14.4
40.0  -64.4  1550.0  29.6  -70.6  -10.3
48.4  -68.0  1548.0  97.9  -24.0  -32.5
24.4  -58.0  1494.4  61.6  -17.6  -28.7
44.4  -51.6  1445.6  11.6  -25.7  -19.6
72.0  -58.8  1357.2  26.2  11.9  -33.9
66.8  -124.8  1430.4  21.2  73.5  -11.2
-116.8  -81.6  2070.8  -156.6  -44.0  133.8
-41.2  -54.0  1767.6  66.1  -256.0  116.8
64.0  -82.0  1398.4  45.0  -290.7  117.1
67.2  -54.8  1328.8  -54.5  -223.3  99.2
143.2  -71.6  1100.4  -28.8  -20.1  27.0
-24.4  -79.6  1100.0  -291.3  105.1  -12.5
97.6  -10.8  763.2  -91.7  524.8  -39.0
77.2  118.0  143.6  -265.2  686.5  -192.1
39.2  28.4  788.4  -674.5  858.5  -95.2
-1078.8  -945.2  2903.2  -1142.3  128.5  -22.7
-323.2  -58.0  3276.7  -74.8  -718.5  79.6
110.8  -634.4  2189.2  1101.7  -577.0  -87.9
7.6  -370.4  1907.6  703.5  -30.0  -458.9
-580.4  -357.2  1556.4  -196.1  -123.6  114.8
-396.0  -344.0  1667.2  -19.6  -249.2  163.9
52.8  -119.2  651.6  433.1  -797.8  -7.6
216.8  -1.6  305.2  -140.0  -673.5  18.5
201.2  29.2  1134.8  23.8  -317.0  -26.9
30.0  -131.2  1338.0  63.3  214.3  14.7
63.6  -193.6  1571.2  5.4  57.6  -36.1
30.8  -180.0  1627.2  12.7  150.6  8.2
115.2  -146.8  1702.8  115.4  -20.5  6.2
88.4  -152.8  1569.2  153.0  -117.4  -45.6
31.6  -126.0  1520.8  82.3  -137.1  -20.1
14.8  -117.6  1444.4  75.8  -75.0  -13.4
9.6  -121.6  1466.8  -4.0  -2.4  6.2
-5.2  -97.6  1546.8  66.9  39.4  30.3
77.6  -133.2  1502.8  15.0  -88.3  11.0
68.8  -114.4  1555.6  23.8  -114.7  -30.1
34.4  -132.4  1498.8  44.9  -50.4  -25.8
15.6  -115.2  1528.8  12.4  -98.9  -17.4
55.6  -125.2  1431.6  8.7  -39.7  -30.5
12.8  -140.8  1452.8  -108.6  -40.1  -5.7
-40.0  -172.8  1682.4  -34.3  -14.5  17.1
40.0  -144.0  1617.2  85.0  -60.4  28.7
66.0  -138.8  1504.0  44.6  -97.4  31.3
13.2  -153.6  1540.8  7.5  -136.1  24.4
-5.6  -164.4  1478.4  54.4  -71.2  9.5
11.2  -162.8  1541.6  12.3  -86.7  8.7
38.0  -151.6  1540.4  60.4  -62.1  -2.3
23.2  -151.6  1548.4  54.0  -93.6  -22.4
13.6  -139.6  1514.8  53.7  -69.2  -13.8
57.2  -143.6  1485.6  20.4  -60.8  -9.0
53.6  -156.4  1489.2  28.8  -3.6  -33.6
13.6  -170.8  1674.0  100.5  135.2  -18.5
-20.4  -165.6  1648.4  106.7  -98.3  -51.8
-55.2  -95.6  1554.4  145.4  -157.1  -36.3
-1.6  -91.2  1434.8  92.6  -166.6  14.5
68.8  -76.4  1373.2  81.2  -65.1  16.7
53.6  -54.0  1217.6  65.9  104.5  -70.1
-86.8  7.6  1269.6  -103.8  165.7  6.1
115.6  5.6  779.6  1.2  626.2  13.2
-15.6  -116.4  532.4  -472.8  450.7  -68.4
-402.4  -446.0  1056.4  -399.0  487.1  32.5
-416.0  -334.8  1950.0  333.6  430.8  -316.7
-672.4  -840.0  2213.6  -695.9  -788.7  180.3
-59.2  -402.8  3276.7  -258.1  -441.9  192.1
-94.4  -291.2  2604.0  481.8  -225.0  -199.4
-270.4  -319.2  2327.6  967.3  -47.1  -428.5
-569.6  -572.4  1349.6  375.0  6.7  -27.8
-296.0  -264.0  1046.4  40.4  -272.2  188.6
42.4  -68.4  568.0  292.7  -787.1  -48.4
118.8  -38.4  699.6  -45.7  -427.8  -55.6
-43.6  -16.8  1152.0  -60.5  -177.5  18.8
37.2  -85.6  1356.4  131.1  207.4  -26.2
-66.4  -114.8  1616.8  -52.4  -34.2  -16.8
-40.0  -112.4  1680.0  100.4  22.3  45.9
3.6  -123.6  1579.2  152.8  -122.9  9.6
0.4  -104.0  1558.4  121.7  -129.8  -38.9
-46.8  -81.2  1497.6  116.0  -141.8  -66.5
-56.4  -78.4  1452.8  39.8  -112.8  -30.2
-37.2  -71.2  1510.4  8.9  -83.5  -11.0
-12.0  -71.6  1527.2  2.6  -140.0  7.2
8.8  -57.2  1501.6  32.5  -52.4  20.3
27.6  -78.4  1464.8  55.7  -84.7  16.5
-2.4  -91.2  1479.6  -30.5  -25.8  10.5
-52.8  -101.6  1602.4  -46.0  -86.8  47.6
17.2  -95.6  1560.8  -74.0  -179.7  80.1
-20.4  -118.4  1622.8  -9.4  -36.5  73.6
17.2  -138.4  1554.0  97.7  -68.1  16.9
4.4  -122.4  1442.0  76.7  -55.3  -16.7
-42.0  -103.6  1506.8  8.1  -26.2  5.1
-4.4  -94.0  1588.0  36.0  -75.9  1.8
25.2  -89.2  1544.4  80.7  -88.4  -38.0
-12.0  -88.4  1499.6  79.6  -77.3  -30.1
-10.0  -90.0  1554.8  71.7  -79.7  -3.7
42.0  -86.8  1435.2  63.7  -27.1  -13.9
-12.8  -80.0  1521.6  -29.0  1.7  27.1
-57.6  -103.6  1709.6  -26.3  -78.1  58.4
-12.4  -92.4  1549.2  100.6  -116.1  28.3
2.4  -70.4  1390.4  85.4  -83.6  46.9
-7.6  -108.8  1337.2  -14.2  26.0  68.5
-44.0  -115.6  1340.0  -120.8  156.1  27.9
9.6  -15.6  1146.0  -207.4  271.3  15.5
202.8  159.6  346.4  52.2  649.4  -234.7
-131.6  -57.6  -116.0  -891.4  141.2  -122.4
-528.8  -1216.0  2226.8  -794.9  564.6  55.9
-651.2  -313.2  3276.7  -414.5  -550.3  264.1
-64.8  -694.4  2070.0  1640.3  -598.9  -277.7
-113.6  -580.8  1559.2  1092.6  -417.7  -137.6
-377.2  -296.8  923.2  428.9  -318.2  -169.3
113.6  54.4  532.0  213.1  -686.5  -116.4
126.4  46.4  728.4  -62.4  -382.6  51.1
77.6  36.4  1308.0  -28.5  3.6  59.3
47.2  -46.4  1532.0  15.0  215.7  -131.9
-62.4  -13.6  1612.8  115.3  184.8  -34.4
-12.0  -11.6  1603.2  83.1  169.0  60.1
-74.4  -49.6  1575.6  -23.9  18.8  79.4
-49.2  -76.4  1660.8  87.0  57.3  39.4
-50.8  -63.6  1517.6  23.3  -83.8  33.5
-65.2  -22.4  1516.0  93.1  -31.4  32.4
-110.8  -28.0  1439.6  16.5  -30.0  97.4
-128.0  -68.0  1514.8  -59.1  -24.9  108.8
-128.4  -60.4  1529.6  66.2  3.8  25.6
-155.2  19.6  1526.0  94.5  108.5  40.0
-138.4  -44.8  1505.6  32.2  -56.4  99.7
-84.0  -110.4  1493.2  -53.2  -117.1  94.4
-119.6  -94.0  1608.8  -8.1  -39.2  6.3
-123.6  -42.4  1562.0  31.6  -90.4  -28.9
-104.8  -38.4  1550.4  108.3  -80.7  -37.7
-130.0  -76.4  1455.2  79.0  -128.4  -75.7
-142.4  -72.4  1513.2  52.8  -52.6  -107.8
-167.2  -3.2  1520.8  41.0  -97.9  -105.6
-120.8  -42.0  1504.4  2.7  -49.0  -69.9
-146.4  -14.4  1544.8  -5.4  -116.9  -29.7
-142.8  -3.6  1534.0  -56.5  -130.5  32.4
-130.0  -40.4  1545.6  -25.2  -99.1  54.8
-80.8  -30.0  1474.8  22.2  -108.4  45.9
-95.2  -42.0  1568.4  9.2  -126.0  70.5
-142.4  -82.4  1678.0  4.1  -258.6  72.7
-153.6  -78.8  1487.2  97.3  -231.6  62.7
-51.6  -110.0  1565.2  21.3  -220.2  86.0
-24.4  -113.6  1424.4  2.7  -156.9  30.2
64.4  -92.4  1482.4  -36.6  -108.2  -3.1
-38.0  -46.0  1580.8  172.4  302.5  -130.2
-14.8  -47.6  1330.4  -80.7  -145.0  -25.8
80.8  28.8  1162.4  -93.4  -45.5  -114.8
155.2  -88.4  266.4  128.6  368.4  -65.3
324.0  363.6  -238.8  -323.2  500.4  -443.4
1126.4  -599.6  -45.6  -681.5  1475.5  -59.1
-778.8  -308.8  3276.7  -1524.8  -1085.8  0.6
-38.8  -588.4  3276.7  2095.1  -42.8  -488.6
37.2  -610.0  1623.2  1113.9  -670.3  -122.6
-177.2  -262.4  998.0  808.5  -275.1  -383.7
-271.6  5.6  932.0  -62.8  -377.1  46.8
61.6  21.6  752.0  22.0  -500.8  94.2
24.4  51.2  878.8  -96.6  -81.0  153.0
130.8  35.6  1310.8  80.4  269.8  10.9
-133.2  -45.2  1558.4  -148.6  208.6  -38.2
-181.6  -54.0  1667.2  212.8  333.4  38.2
-115.6  -21.6  1484.4  100.7  81.0  130.0
-122.8  -22.4  1616.0  -166.9  -224.0  120.5
-148.0  -105.6  1564.0  90.9  37.0  18.2
-200.4  -103.6  1462.8  106.6  -9.1  -11.0
-194.0  -5.6  1505.6  13.1  -96.1  22.8
-144.4  -22.8  1539.2  9.4  -203.8  38.4
-74.0  -79.6  1550.0  82.1  -131.1  30.4
-139.2  -62.0  1468.0  15.3  -134.2  -48.4
-134.4  -67.2  1555.6  14.8  -45.2  -1.8
-170.8  -36.8  1581.6  3.7  -93.7  3.2
-132.0  -48.0  1470.4  25.1  -90.8  9.6
-126.0  -33.2  1463.6  -45.5  -67.6  38.9
-115.6  -46.4  1514.4  19.4  -55.6  80.1
-108.4  -44.4  1511.2  -13.4  -8.4  71.0
-146.0  -26.0  1612.8  -38.1  -75.2  128.3
-84.0  -76.4  1551.6  -18.4  -128.5  84.3
-76.0  -98.0  1534.8  12.5  -205.0  18.7
-100.0  -81.2  1454.0  87.4  -109.5  -85.2
-136.0  -81.6  1530.4  50.9  -56.0  -41.3
-100.8  -74.0  1537.6  110.4  -54.3  -68.5
-116.8  -67.6  1564.0  44.0  -96.8  -31.2
-58.4  -60.8  1531.6  60.0  -108.7  -20.7
-99.6  -55.2  1524.8  7.0  -143.4  15.8
-108.8  -55.2  1514.4  29.3  -112.6  37.5
-80.8  -89.2  1525.2  10.8  -117.5  22.2
-104.0  -37.2  1567.6  35.7  -130.1  -5.4
-90.8  -1.2  1566.4  72.7  -157.8  -5.0
-64.4  -31.2  1535.2  173.3  -138.3  24.0
21.2  -66.4  1447.2  62.9  -199.2  20.6
40.4  -42.8  1358.4  -25.4  -119.9  -81.7
166.8  1.6  1023.6  54.2  187.3  -182.5
300.8  106.0  -279.2  337.5  366.2  -584.2
-352.4  -21.2  -124.0  -990.4  565.6  -272.2
-1654.0  -1648.8  2902.4  -1562.8  735.7  431.4
-694.0  -177.2  3276.7  -331.3  -614.0  261.0
159.2  -468.0  2398.8  1070.5  -916.4  -182.1
-119.2  -382.0  1478.0  838.0  -367.2  -299.6
-360.0  -270.8  1230.0  474.5  12.9  -232.7
-307.2  -114.0  1001.2  14.4  -185.4  84.0
88.0  -32.0  793.2  29.3  -566.5  205.6
152.8  22.4  905.2  42.2  -285.4  52.6
-37.2  -4.4  1358.8  -443.4  -90.4  164.2
-134.4  -194.0  1381.6  -304.3  176.9  -84.1
-56.0  -140.8  1674.0  -216.6  22.3  65.5
78.8  -140.4  1715.2  127.1  -133.0  -54.4
28.4  -186.8  1554.0  317.3  -108.8  -221.3
-71.6  -105.2  1600.0  230.5  -131.1  -105.7
-120.8  -116.4  1365.2  134.7  14.8  -66.1
-22.8  -83.6  1435.2  130.2  -37.8  -106.1
-12.4  -70.0  1565.6  117.6  -92.5  -84.5
-2.4  -48.8  1600.0  66.2  -64.9  -52.8
-20.0  -22.8  1516.4  106.5  -59.0  -49.1
-48.0  -28.8  1544.0  78.8  -79.6  -44.8
-39.6  -26.0  1551.6  159.2  -26.4  -37.4
-13.2  -32.4  1476.4  127.5  -58.8  -31.2
0.8  -20.8  1562.0  26.8  -77.6  -4.9
-66.8  -10.4  1548.8  39.6  -46.2  -17.1
-59.2  -12.0  1530.8  73.4  -41.7  0.8
-50.8  -18.4  1474.8  58.6  -38.0  6.5
-35.6  -45.2  1474.8  5.4  -9.4  -6.0
-32.8  -42.4  1583.6  -6.5  -10.1  6.8
-40.8  3.6  1556.8  44.8  -32.7  -27.5
-67.2  9.2  1510.4  26.3  -58.8  -8.3
-72.8  10.0  1484.0  46.3  -59.1  0.1
-54.4  -4.0  1480.8  -20.7  -11.9  17.4
44.4  -32.0  1360.0  8.6  132.9  -12.7
-257.6  -127.2  1648.8  -114.0  10.0  43.2
-161.2  14.8  2127.2  90.7  -120.8  69.9
-52.4  -32.8  1460.8  158.7  -238.4  76.1
-46.0  -19.6  1311.6  -15.1  -196.3  133.1
10.0  -2.8  1085.2  -145.9  -1.8  81.7
48.8  -99.6  966.0  -431.9  318.9  24.9
103.6  148.4  708.4  -286.7  471.9  80.7
123.2  182.0  -679.6  -427.6  655.0  -467.7
-1051.6  -1408.4  1566.0  -748.9  -191.8  604.5
-1049.6  -690.4  3276.7  -1254.9  -1167.7  664.5
-75.2  -389.2  3276.7  1756.1  13.7  -496.7
-213.6  -380.0  2013.6  985.1  -406.7  -115.6
-312.4  -448.4  1261.2  574.4  -57.2  -78.2
-328.0  -225.6  1110.8  121.9  -255.0  64.7
50.8  -112.4  846.4  353.3  -413.3  -26.2
78.8  -30.8  814.8  67.5  -449.5  46.0
-25.2  30.0  1244.0  13.0  -82.5  -44.4
19.2  18.0  1208.4  213.2  -42.8  -125.2
-83.6  28.4  1446.8  22.1  -29.9  -11.8
-103.6  -14.8  1584.8  -17.0  38.6  -20.9
-74.8  -81.6  1608.8  53.0  11.5  -52.9
-104.4  -52.4  1686.0  3.7  -3.9  -12.2
-47.2  -36.0  1598.8  95.6  -88.1  1.6
-73.2  -59.6  1486.4  58.9  -149.0  -6.3
-92.4  -26.4  1484.0  59.8  -91.2  -24.8
-77.2  -14.0  1493.6  27.9  -67.3  11.1
-28.8  -28.0  1630.8  189.3  -127.4  -24.4
2.4  -51.2  1508.8  170.3  -87.1  -56.2
-32.0  -14.8  1486.4  80.1  -98.2  -57.1
-85.6  23.2  1505.2  27.6  -25.7  -35.6
-108.0  44.0  1507.2  -20.2  -71.5  26.2
-34.8  17.2  1530.0  29.2  -60.5  33.7
-33.6  -37.2  1538.0  0.9  -53.7  17.8
-62.0  -11.6  1512.4  10.8  -63.8  -12.7
-100.8  16.4  1550.0  -37.9  -72.5  39.0
-63.6  -21.6  1538.8  -20.0  -65.7  49.2
-31.6  -45.2  1500.4  -26.4  -39.9  16.8
-56.0  -51.6  1568.4  7.6  -55.9  -14.7
-65.2  -1.6  1557.6  47.6  -70.6  -33.6
-98.0  -11.2  1491.2  43.4  -82.6  -7.5
-105.2  -21.6  1496.8  20.5  -43.8  27.5
-64.0  -32.8  1496.8  -6.8  -16.6  38.6
-76.0  -62.0  1583.2  -17.0  -30.5  41.8
-44.0  -81.6  1722.8  43.0  -118.5  -4.5
-59.2  -51.6  1536.0  114.4  -168.7  -31.9
-70.4  -18.8  1495.2  45.4  -167.4  14.7
-61.6  -17.2  1468.0  85.7  -103.8  35.5
-106.0  -23.6  1219.2  -7.0  -88.8  41.5
43.2  -26.0  1138.0  -298.3  113.5  161.8
259.2  144.0  558.4  -142.0  476.0  -61.5
284.4  115.6  -273.6  -324.6  512.2  -207.2
-1020.4  -1436.0  1210.8  -1180.0  571.2  266.1
-1042.8  -357.2  3276.7  -1192.2  -249.7  367.6
-13.2  -344.4  3276.7  1474.4  112.4  -141.6
55.6  -488.0  1755.6  1166.7  -395.3  -139.7
-84.0  -407.2  1250.0  833.4  -232.0  -153.4
-436.0  -211.2  1188.8  266.5  -155.4  -24.2
-164.4  -98.8  1192.4  377.7  -419.4  51.3
-126.0  6.8  1031.6  7.7  -531.3  131.8
-0.4  43.2  1099.6  18.8  -422.6  21.4
45.2  38.0  1179.6  12.8  -223.9  -40.9
27.6  14.4  1384.0  11.8  -67.4  -36.1
-96.0  3.6  1570.0  -104.2  -169.7  30.2
69.2  -23.6  1553.2  81.0  -30.8  -20.0
9.2  -48.4  1597.2  16.1  -39.0  -46.6
-53.2  6.0  1588.8  71.8  -83.6  -26.5
-16.0  -33.2  1500.4  61.5  -88.3  3.6
15.2  -39.2  1497.6  31.5  -80.0  -6.8
-37.2  -18.8  1548.4  53.1  -51.6  -12.5
-34.4  -23.6  1548.8  -17.6  -128.4  11.6
26.8  -8.4  1557.6  66.5  -65.8  -16.3
-16.4  -18.0  1483.6  8.5  -84.6  6.6
-17.6  -6.8  1500.4  26.4  -60.9  4.7
-12.4  -16.4  1460.4  -4.3  -29.5  1.8
-6.8  -50.4  1575.2  -11.4  -27.0  0.5
4.4  -45.6  1544.0  13.0  -80.3  13.2
-9.2  -22.0  1556.0  35.3  -71.9  -6.9
-44.8  -30.8  1546.0  22.4  -99.4  26.3
-0.4  -67.2  1525.2  31.3  -74.7  17.6
6.8  -61.2  1519.6  18.9  -54.8  -19.8
0.0  -44.0  1572.0  51.0  -69.8  -22.1
-20.4  -24.0  1545.6  38.1  -81.3  -24.7
-27.2  -32.8  1506.8  25.6  -61.6  -28.5
-56.0  -30.0  1485.6  3.4  -46.6  -4.7
-26.0  -24.0  1532.4  12.1  -26.2  21.1
34.4  -52.4  1488.8  2.7  2.4  19.3
-27.2  -112.8  1733.2  -41.2  -122.1  18.7
-74.0  -130.4  1744.4  184.3  -12.7  -51.7
-51.2  -82.8  1534.0  90.9  -184.3  -69.1
-47.2  -20.8  1475.2  50.8  -87.0  16.2
48.8  42.4  1280.0  -3.3  -155.2  9.4
56.4  129.2  1092.8  -59.4  -102.8  122.7
144.0  152.0  554.8  -107.8  233.6  102.2
411.2  204.4  -705.2  -102.1  399.7  -278.3
-360.0  -790.4  1589.2  -1254.7  176.1  575.7
-1188.8  -812.4  3276.7  -1044.6  505.1  -46.9
-280.0  -380.0  3276.7  259.6  -704.6  147.7
-76.4  -489.2  1744.8  1039.9  -336.9  -182.8
-104.8  -385.2  1400.8  651.5  7.0  -181.8
-295.6  -230.0  1145.6  -22.7  -79.4  136.7
-17.6  -111.2  1015.6  -24.5  -608.2  162.9
99.2  -32.0  799.2  228.0  -226.9  -12.2
78.0  5.6  1213.6  1.2  -346.9  10.0
3.2  -59.6  1230.8  173.8  -5.6  -59.0
-58.4  -108.8  1489.2  16.5  28.3  3.7
-18.0  -106.8  1671.2  56.1  11.2  37.4
5.2  -96.0  1659.6  93.7  -63.5  1.0
32.4  -88.0  1547.6  124.0  -101.9  -48.7
-19.2  -62.4  1538.4  49.8  -174.2  -27.7
-30.8  -44.8  1495.6  94.2  -71.9  -22.6
-2.8  -61.2  1480.8  49.0  -64.7  -7.7
18.4  -67.2  1504.8  91.8  1.0  -2.4
18.0  -84.8  1456.4  67.6  130.6  -12.9
-45.6  -32.0  1652.0  -36.3  -34.3  20.3
-34.4  -38.8  1512.8  31.3  -66.7  -5.1
-27.6  -32.8  1525.6  53.3  -69.2  -14.3
-10.8  -66.0  1482.8  79.1  -24.4  -35.0
-86.8  -84.8  1547.2  -5.7  -68.8  -29.5
-88.4  -31.6  1634.4  78.9  -31.5  1.9
-30.0  -34.4  1534.4  55.2  -104.3  30.4
-20.0  -56.8  1482.0  54.2  -95.1  1.4
-63.2  -73.6  1525.2  -11.5  -106.9  15.7
-28.4  -61.6  1552.4  30.1  -61.0  2.3
-30.0  -41.2  1590.4  32.3  -106.1  -8.7
-32.8  -58.8  1492.0  62.8  -83.9  -6.8
-10.8  -54.8  1460.0  33.6  -77.9  -13.8
-14.4  -64.8  1432.0  -113.3  -201.0  3.1
-53.2  -56.4  1583.2  62.3  107.7  2.3
-115.6  -90.4  1776.8  -63.4  -107.7  90.8
-3.6  -94.8  1721.6  142.9  -120.7  24.7
-10.0  -80.8  1540.4  91.4  -240.8  1.3
-12.4  -39.6  1478.4  37.7  -175.5  24.9
45.2  -1.6  1308.0  -51.2  -174.4  68.2
75.2  -36.4  1177.2  -141.2  47.0  20.3
-60.0  -14.8  1250.4  -307.3  241.4  2.9
652.0  250.8  312.4  1261.2  1760.0  -424.5
-322.8  -417.2  -1174.0  -681.5  -1155.5  -349.2
-1129.6  -1408.4  2401.2  -3276.8  162.8  990.0
-250.8  -270.8  3276.7  -117.2  -813.4  160.8
50.0  -417.2  1809.2  1633.8  -326.5  -611.9
-114.0  -394.4  1512.0  922.9  45.8  -565.4
-674.8  -297.6  1229.6  422.2  284.8  -231.0
-346.4  -206.0  1126.0  4.3  -135.0  182.2
16.8  -53.6  1056.4  148.2  -198.4  186.7
94.8  23.6  1116.8  -94.0  -485.7  227.0
94.8  -10.8  1118.4  111.6  -112.8  -34.4
54.8  14.4  1303.2  97.9  -27.2  -53.5
-111.6  -67.2  1530.4  -37.9  -55.4  11.7
-102.8  -38.4  1754.8  49.0  -15.2  27.9
-66.8  -44.0  1503.2  108.0  -106.4  15.6
-28.8  -15.2  1564.0  68.3  -110.1  34.1
-103.2  -34.0  1495.2  46.1  -136.8  -4.5
-40.4  -26.0  1495.2  55.3  -105.8  7.3
1.2  -2.4  1550.8  75.3  -62.9  -82.7
-101.2  -20.8  1538.4  9.3  -83.9  -33.1
-80.4  6.8  1559.2  38.5  -97.3  1.6
-48.0  -2.8  1432.0  14.9  -56.6  -11.0
-80.8  -1.2  1567.2  -44.0  -43.8  16.5
-63.6  -34.4  1607.6  10.9  -69.5  0.9
-64.8  -14.4  1572.0  58.4  -134.9  -7.4
-73.2  -22.4  1502.8  45.2  -118.6  -9.9
-66.4  -13.2  1503.2  72.3  -81.8  -20.3
-57.6  -3.6  1490.4  24.4  -57.4  -1.9
-43.2  -24.0  1514.0  22.5  -60.2  12.6
-22.0  -21.2  1564.4  31.5  -75.2  8.4
-72.8  -14.8  1582.8  20.0  -119.9  3.8
-40.8  -18.8  1522.0  76.7  -99.1  16.6
-2.0  -19.2  1497.6  19.2  -94.1  25.2
-44.0  -33.2  1556.4  -14.4  -85.6  35.1
-36.8  -47.6  1651.6  10.8  -53.1  59.9
11.2  -62.8  1675.2  94.9  -95.2  33.6
-24.8  -38.4  1541.2  40.6  -130.1  42.7
-53.6  -13.2  1518.8  -58.1  -120.0  64.0
-13.2  -32.4  1541.2  -67.2  -113.5  66.2
49.6  -7.6  1356.0  64.3  -63.9  24.5
43.2  53.2  1084.4  56.6  47.8  -66.4
154.0  62.0  391.6  211.7  587.3  -93.0
276.4  512.8  -626.0  233.3  543.1  -513.3
-131.2  -225.6  537.2  -699.6  716.2  20.0
20.0  2341.2  2559.9  -1316.9  -1364.5  -544.8
-235.2  -150.0  3276.7  274.7  -265.6  74.8
215.6  -360.8  1222.0  693.5  -25.9  -413.4
-278.0  -236.0  1765.2  22.1  427.0  -377.6
-473.2  -418.0  2391.2  -397.2  175.0  22.5
-488.8  -508.8  2046.0  57.9  -294.8  195.8
-294.8  -305.2  1634.8  216.9  -607.3  232.9
-140.0  -77.6  866.0  352.7  -630.6  -89.7
238.8  78.0  412.0  413.4  -741.1  -275.7
121.2  188.0  755.2  46.0  -616.7  -80.2
22.8  74.0  903.6  398.6  133.2  -146.6
-230.8  -67.2  1564.0  -377.5  33.7  122.6
48.4  -135.6  1624.4  84.9  217.0  100.9
108.4  -154.4  1731.2  -58.4  14.7  81.5
76.0  -130.4  1636.0  224.1  -26.1  -84.9
-5.6  -80.4  1679.2  138.2  -71.5  -56.9
-35.6  -70.4  1470.4  167.6  -186.0  -19.0
-5.6  -50.0  1463.6  161.3  -76.6  -23.8
-6.0  -51.6  1488.0  118.3  -68.4  -7.8
-11.6  -26.4  1542.0  207.5  -14.8  -27.2
-26.4  -17.6  1538.8  22.0  -101.6  31.0
-18.0  5.6  1498.4  99.6  -30.9  21.0
-28.0  -22.0  1424.8  -33.4  -29.6  16.7
14.4  -12.0  1472.8  -15.9  22.6  9.2
-68.8  -42.8  1467.2  -45.4  27.6  18.3
-64.4  -7.6  1601.2  25.6  39.8  13.9
-97.6  -17.2  1681.2  -53.5  -90.5  64.4
-36.8  -22.0  1544.8  79.2  -48.3  23.3
-73.2  -30.8  1539.2  20.2  -84.9  44.6
-76.4  -1.6  1561.2  72.5  -62.0  50.5
-36.4  -26.0  1568.8  92.9  -81.9  -5.5
-83.2  -29.6  1516.4  61.0  -100.8  -51.0
-50.0  -29.6  1518.0  77.3  -40.8  -4.1
-34.4  -20.0  1524.0  30.9  -59.1  39.0
12.0  -7.2  1481.2  44.4  -46.6  16.5
-55.2  10.4  1464.0  16.8  -46.4  -21.0
-117.6  4.8  1611.2  18.7  -67.3  29.6
-64.4  -28.8  1678.8  82.5  -108.5  51.0
-0.4  -49.2  1602.0  94.3  -144.5  20.9
-48.8  25.2  1497.2  49.8  -130.9  19.4
-2.0  7.6  1445.6  28.6  -107.1  12.8
-50.4  2.0  1478.0  30.8  -71.9  7.8
-36.4  24.8  1432.0  5.3  -65.4  20.3
-37.2  16.8  1459.2  -35.5  15.2  15.8
-36.8  -5.2  1355.2  -71.5  81.6  1.7
-7.6  -8.8  1113.2  -188.5  158.5  -0.8
160.8  114.4  268.4  263.1  685.6  -79.5
-210.8  361.2  -292.0  -1099.5  493.2  49.8
-140.0  -592.4  2259.2  691.5  200.2  424.0
-599.6  -1455.6  3276.7  -1053.5  -899.5  783.3
-434.8  -204.4  3276.7  851.0  -415.7  -164.3
108.4  -328.8  2001.2  789.1  -103.8  -363.6
-394.4  -377.2  1437.2  312.2  538.8  -466.0
-460.4  -352.0  1388.8  -468.9  -425.8  300.8
-39.6  -22.4  971.2  525.5  -606.7  -179.2
62.4  44.0  476.0  329.0  -363.4  -40.0
69.6  65.2  1061.2  79.9  -206.7  -19.2
-83.2  22.0  1178.8  224.8  163.8  -98.8
-202.0  13.6  1616.8  -100.7  -90.2  -9.3
-108.4  -27.2  1559.2  153.5  173.8  17.0
9.6  -25.6  1673.2  108.7  -18.1  -35.9
-69.6  -21.2  1603.6  136.4  -112.0  -69.3
-106.4  76.4  1606.8  32.5  -135.1  33.6
-38.8  23.6  1603.2  71.4  -150.9  54.5
-18.0  -17.6  1494.4  62.9  -246.9  18.8
-3.6  -7.2  1332.8  56.0  -54.5  -48.8
-84.8  -6.8  1391.6  -73.6  -31.0  -16.1
-142.8  20.8  1608.8  -84.2  63.2  52.3
-28.0  6.0  1609.2  -40.2  -34.4  77.7
11.2  -23.6  1481.2  57.1  -9.9  2.3
-141.2  -19.2  1493.2  -4.6  -62.1  -24.5
-152.8  -30.0  1511.2  68.9  81.1  -20.8
-106.4  -16.4  1588.4  -19.6  -32.8  24.1
-75.2  1.6  1629.2  -28.5  -65.1  64.5
-90.8  -21.2  1600.8  26.6  -128.2  50.8
-114.0  -48.8  1537.2  40.9  -142.3  59.6
-103.6  -74.0  1466.0  26.4  -78.2  38.2
-72.8  -75.6  1459.6  31.2  -79.7  7.9
-116.0  -18.8  1533.6  -5.4  -54.9  -19.3
-116.8  -13.6  1546.0  23.9  -54.3  -6.3
-96.8  -22.4  1436.0  20.9  -62.2  3.4
-130.4  -42.8  1483.2  -77.0  -121.1  64.0
-79.2  -55.6  1762.8  -43.1  -108.7  113.5
-40.0  -113.2  1665.2  80.8  -158.4  42.1
-43.6  -80.4  1547.2  121.1  -168.4  25.0
-50.0  -48.8  1394.0  -4.0  -303.4  8.6
-66.0  -19.2  1363.6  -109.2  -203.7  80.0
8.4  -54.8  1269.2  -52.2  -29.0  59.4
-16.4  -65.6  1287.6  -140.6  178.0  10.5
135.6  80.8  506.8  1086.1  851.2  -460.2
79.2  -193.6  -1573.6  838.3  1090.8  -678.3
-714.0  -1060.4  1886.4  -2836.5  267.9  516.6
-509.6  -1569.2  3276.7  -1263.0  -340.2  209.8
-237.2  -278.8  3276.7  1014.7  -288.0  -334.5
-208.8  -347.6  1620.4  1047.7  -306.3  -353.9
-406.4  -288.4  1393.2  453.4  -301.9  -270.9
-576.8  -241.6  1204.4  60.5  4.9  95.3
-245.2  -132.0  1065.6  208.5  -632.8  126.5
1.2  -11.2  731.6  250.0  -221.4  -18.2
72.8  14.8  1028.8  -89.5  -282.6  43.2
102.0  11.6  1204.0  59.0  55.2  7.1
-118.8  -27.6  1451.2  -86.5  -17.7  -4.8
-227.6  -40.4  1784.8  -59.7  21.2  78.8
-116.8  -68.4  1671.6  167.4  -33.4  28.9
-30.0  -53.2  1504.4  99.1  -148.5  -7.4
-86.8  -48.4  1602.0  35.7  -194.1  -5.7
-102.0  -43.6  1495.2  68.2  -111.5  -13.0
-94.8  -18.0  1465.2  80.5  -66.9  -19.5
-78.0  0.4  1490.0  23.0  -52.0  -7.1
-117.2  -14.8  1521.6  -12.6  -56.0  22.7
-82.8  -26.4  1529.2  41.9  -51.8  22.0
-70.0  -27.2  1546.8  29.7  -63.9  21.0
-70.4  -44.4  1476.0  39.5  -60.0  -19.7
-55.6  -16.0  1439.6  -41.7  -28.6  -19.3
-136.0  -66.8  1573.2  18.8  47.0  -18.6
-165.6  -46.4  1754.0  -2.4  -81.5  23.1
-76.0  -33.6  1584.4  104.4  -136.4  -8.2
-90.0  -22.8  1482.4  130.5  -91.5  -29.3
-120.4  -10.4  1458.4  35.3  -115.8  -15.8
-122.0  -36.0  1462.4  -4.1  -52.1  -19.7
-99.6  -33.2  1547.6  -27.3  -83.8  10.9
-91.6  -20.0  1547.6  3.5  -84.7  15.9
-56.8  -25.2  1462.0  33.9  -77.7  18.5
-34.8  -47.2  1424.4  -12.7  -12.3  17.2
-116.8  -119.2  1658.8  28.9  168.2  30.8
-151.6  -108.8  1512.0  203.5  165.3  -20.4
-212.0  -10.4  1912.0  68.4  -61.5  -8.6
-168.8  -14.0  1557.6  195.7  -117.4  27.2
-110.8  0.4  1587.2  39.9  -243.3  76.7
-114.4  22.8  1360.0  20.2  -259.1  79.2
-79.2  21.6  1382.8  -50.6  -289.5  65.6
-128.8  73.6  1196.4  -14.0  -213.0  30.4
159.6  190.8  798.8  118.8  211.3  145.6
330.8  316.4  -886.4  388.4  620.5  -214.3
-400.4  -575.6  -376.0  -1973.3  1626.1  -69.2
-1028.4  -938.8  3276.7  -1080.8  -295.6  -339.2
-836.8  -228.4  3276.7  139.7  -665.7  217.3
-22.8  -582.8  2140.0  1271.4  -494.0  -184.6
-280.0  -489.2  1406.0  707.5  -570.2  -185.9
-403.2  -268.0  1175.6  170.3  -527.7  -117.1
-217.2  -21.2  1050.8  -50.2  -919.0  40.6
-17.6  -50.0  687.2  278.5  -460.9  -57.3
166.8  32.4  968.8  67.9  -316.8  51.8
124.4  -5.2  1173.2  170.3  122.4  -14.1
-237.2  -209.6  1480.0  -118.5  39.3  -7.6
28.8  -45.6  1768.0  88.6  71.3  62.3
41.2  -99.6  1468.0  64.5  119.8  5.8
33.6  -65.6  1668.0  29.1  23.6  -25.0
-26.4  -76.0  1606.4  82.9  -47.0  -40.4
-51.2  -66.4  1569.2  101.2  -63.1  -43.5
-31.6  -46.4  1479.2  103.6  -34.2  -52.8
-51.6  -46.4  1466.4  24.1  -60.4  -43.1
-62.8  -9.2  1507.2  49.8  -36.5  -12.0
-27.6  -55.2  1534.4  -33.9  -42.4  53.9
-7.6  -42.0  1542.4  31.6  -70.6  19.2
-19.6  -52.8  1586.8  15.9  -51.5  1.6
-57.2  -55.2  1547.2  52.1  -103.3  -20.1
-5.6  -33.6  1484.0  49.0  -63.8  -27.3
-22.0  -48.0  1488.0  19.4  -52.7  -45.2
-52.4  -78.4  1570.4  -17.4  -79.3  -12.6
-33.2  -99.6  1571.6  30.0  -78.9  -22.5
-28.4  -58.0  1550.4  11.8  -106.7  -6.6
-36.8  -39.6  1495.6  41.5  -77.2  -8.0
-72.4  -32.8  1510.0  16.5  -71.1  14.9
-50.8  -60.0  1534.4  10.1  -54.5  41.8
-11.6  -85.6  1543.2  40.9  -102.0  29.1
-8.8  -92.8  1549.6  10.1  -74.1  28.7
-27.6  -92.4  1528.4  46.6  -74.6  1.9
-26.4  -57.6  1488.8  86.2  -58.6  -28.7
-34.4  -46.0  1438.8  6.6  -39.4  -31.3
-54.8  -59.2  1428.4  -63.3  4.3  8.1
-122.8  -122.8  1618.4  -64.1  -14.6  35.8
-110.4  -64.4  1951.6  125.6  -135.5  53.9
-37.2  -76.0  1581.2  172.5  -246.7  11.3
-35.2  -36.4  1360.4  105.7  -230.2  10.6
1.6  -9.2  1191.6  74.4  9.3  -4.1
92.0  -23.2  741.6  39.7  608.0  31.4
167.6  269.6  9.2  -498.8  707.5  -157.2
101.6  168.0  -140.0  -900.4  912.0  -232.2
-518.8  -964.8  2325.6  -333.4  -1045.0  -63.9
208.8  -1214.0  3276.7  -1656.7  -675.8  879.3
107.6  -496.0  2991.2  759.5  168.8  -591.0
-178.0  -564.0  1958.4  748.5  83.0  -450.8
-327.6  -466.0  1264.4  448.1  300.2  -174.8
-238.8  -150.8  1209.2  106.6  -675.2  117.3
9.2  -64.0  592.8  612.7  -512.9  -147.5
65.2  63.2  870.0  299.3  -296.0  -54.9
-4.4  12.8  1073.2  143.3  -159.5  -54.4
-112.0  -90.8  1396.8  -4.0  167.0  40.3
-142.4  -57.6  1708.0  -71.5  67.6  162.1
-0.8  -29.6  1674.0  171.7  86.7  90.0
-75.6  -64.4  1572.0  91.4  -83.6  0.6
-58.4  -64.8  1613.2  31.7  -162.7  64.2
-57.6  -49.6  1620.4  95.4  -125.4  39.4
-10.8  -72.4  1546.0  126.2  -167.3  6.6
9.2  -63.6  1480.8  152.6  -109.3  -60.6
-22.8  -40.0  1394.4  82.1  -37.0  -44.3
-22.8  -21.6  1482.8  -60.5  -80.5  -102.1
-61.2  0.8  1506.0  -47.6  -2.5  -77.3
-95.2  -12.4  1595.6  1.2  -35.8  -9.0
-30.4  -34.8  1544.4  51.0  -40.4  1.8
-37.2  -72.0  1465.2  9.1  -50.8  3.8
-23.6  -68.0  1513.6  18.3  -31.9  -29.7
-63.2  -50.4  1569.2  7.3  -25.7  -21.1
-95.2  -43.2  1566.4  29.6  -88.3  -11.7
-70.0  -40.0  1578.4  47.0  -121.5  15.1
-48.8  -75.2  1474.4  76.0  -85.7  -16.3
-67.2  -24.8  1492.4  23.2  -57.1  6.9
-69.6  -30.8  1542.4  -1.7  -72.2  13.9
-62.0  -47.2  1541.2  58.5  -57.1  4.5
-75.2  -70.8  1532.4  5.6  -107.4  5.4
-38.0  -55.2  1518.4  38.6  -85.1  -20.9
-51.2  -48.4  1431.6  -14.5  -34.7  -21.6
-88.0  -84.0  1441.2  -123.0  -26.5  15.2
-99.6  -95.2  1777.6  -126.4  -130.6  76.7
17.2  -38.4  1808.0  140.5  -247.2  29.6
14.0  -114.0  1431.2  161.7  -178.8  12.8
0.0  -82.0  1359.6  55.3  -109.0  8.8
89.6  -172.0  1206.4  54.7  238.8  -71.1
-35.2  -37.2  1022.0  -181.4  528.3  -175.5
166.0  326.4  584.0  -107.3  1006.4  -35.5
-128.8  165.6  -27.2  -809.6  661.6  -141.2
12.8  -527.6  2106.0  581.1  881.8  -61.7
-1579.6  -610.8  3276.7  -2278.3  -2210.4  752.4
-232.4  -266.8  3276.7  1240.9  267.7  -392.3
-144.8  -346.8  1896.0  1008.6  -367.8  -364.6
-523.6  -215.6  1482.8  660.9  -159.5  -54.6
-447.6  -217.6  1190.4  -35.3  -376.8  252.6
-196.4  -100.4  1275.6  -33.8  -804.6  290.2
125.2  -40.0  879.2  331.3  -353.0  -65.2
156.0  43.6  956.0  -61.3  -266.6  -12.3
3.6  56.0  1205.6  18.5  2.8  -115.6
-111.6  62.0  1394.8  62.5  103.5  -130.0
-219.2  10.0  1701.2  -100.0  -24.1  24.3
-86.8  -24.0  1550.8  92.1  6.5  -4.8
-26.0  -10.8  1542.0  73.8  -22.7  -37.8
-68.0  -7.6  1565.6  67.2  -83.4  -65.8
-90.4  26.4  1576.0  112.4  -104.5  -49.6
-117.2  47.6  1511.2  113.4  -123.5  -35.7
-122.8  14.4  1464.8  94.0  -116.4  -15.2
-84.8  5.6  1489.2  54.8  -79.0  1.8
-43.2  -12.8  1542.4  74.3  -66.7  -23.2
-59.2  3.2  1537.6  49.3  -43.3  -25.8
-100.4  38.0  1466.4  31.4  -70.1  -42.1
-100.0  42.0  1508.8  38.8  -30.0  -51.0
-125.6  33.2  1572.8  46.5  -87.4  -10.0
-99.6  1.2  1520.4  -0.8  -114.7  0.2
-65.2  30.8  1529.6  38.4  -82.7  9.5
-93.2  19.6  1505.2  -9.2  -108.1  11.2
-88.0  12.0  1496.8  36.1  -76.3  4.2
-122.0  6.4  1564.4  -36.6  -93.1  41.4
-40.8  -24.8  1531.2  40.9  -48.5  -3.3
-49.2  -34.4  1512.8  10.0  -42.1  -19.7
-83.6  11.2  1489.6  20.8  -20.3  -50.5
-108.0  64.0  1405.6  -42.7  -25.6  -18.0
-16.0  100.0  1508.0  -24.1  100.5  5.3
-294.8  -45.2  1919.2  -195.6  -190.6  144.8
-142.4  -139.6  1854.0  107.2  -267.4  152.8
6.8  -166.8  1514.4  60.5  -237.0  135.9
4.0  -128.8  1202.8  63.4  -81.3  100.8
-41.6  49.6  949.6  -322.6  138.0  174.9
61.2  268.0  705.2  63.3  866.3  212.3
-130.8  416.8  -235.2  -483.1  440.6  94.1
-225.6  -132.4  866.4  -536.9  -189.1  -58.3
-734.0  -1649.2  2261.6  -125.8  31.0  -104.9
398.4  549.2  3276.7  -109.6  -1374.6  119.2
-33.6  -369.6  1530.0  1966.4  -165.3  -576.5
-146.4  -246.8  1611.6  -81.1  223.2  -281.6
-440.4  -245.2  1241.2  -275.7  281.5  14.5
-105.6  -182.4  1339.6  -248.1  -457.2  108.7
-18.4  -128.0  957.6  517.0  -87.7  -266.7
-45.6  -61.6  878.0  254.2  -262.1  -88.2
-46.8  -3.6  1186.4  123.8  -118.4  -53.9
-51.2  -9.6  1328.4  23.4  26.8  15.7
-78.4  -6.4  1595.6  -99.0  -52.2  44.7
-80.0  -102.0  1565.2  38.4  14.9  -3.0
-69.6  -74.8  1575.2  127.0  -13.6  -47.0
-56.8  -81.2  1596.8  51.5  -63.7  -5.3
-35.2  -55.2  1585.6  155.0  -136.8  -37.9
-91.2  -55.6  1482.8  127.0  -122.2  -84.8
-106.4  -33.2  1477.6  118.8  -51.5  -57.0
-92.4  -17.6  1471.6  67.7  -46.4  -33.9
-78.4  -7.2  1536.8  50.5  -44.7  -15.3
-66.8  -20.0  1486.8  43.3  -47.9  -22.2
-83.2  -41.6  1564.0  6.9  -29.9  4.7
-78.4  -32.0  1536.4  13.2  -59.1  -18.6
-88.4  -19.6  1516.0  11.6  -67.9  -17.1
-101.6  -43.2  1528.8  43.5  -48.3  -20.7
-122.8  -24.0  1566.4  51.0  -79.7  0.3
-83.2  -18.0  1527.2  63.2  -86.5  -3.2
-92.8  -48.0  1478.0  65.6  -88.0  -11.8
-131.6  -8.4  1546.4  29.5  -79.3  13.2
-94.4  -1.6  1517.2  45.7  -67.7  12.0
-96.4  -45.6  1523.2  29.6  -63.0  -0.7
-56.0  -31.6  1490.8  30.1  -45.4  -27.8
-59.2  -8.8  1440.8  -33.3  13.3  -38.8
-64.8  -20.0  1362.8  -146.5  26.1  -18.0
-210.4  -104.0  1773.6  -186.6  -136.5  32.7
-111.6  -48.4  1912.0  265.5  -181.1  -35.8
-79.6  -45.6  1558.0  196.0  -324.0  6.9
-60.4  -46.8  1360.0  70.1  -273.1  44.6
6.4  -75.6  1202.0  -19.2  -42.0  15.0
98.8  -110.0  946.4  -97.6  315.5  -75.0
24.4  112.4  849.2  -754.5  390.8  -86.5
134.8  99.2  565.2  -577.7  904.7  -131.3
-339.6  -276.4  984.0  -1006.5  587.6  -4.6
-858.8  -1421.2  1526.0  596.3  -117.5  -262.3
-410.8  -154.8  3276.7  -529.9  -997.7  708.5
42.0  -584.0  2144.0  473.1  -278.2  232.6
139.2  -448.8  2136.4  668.7  159.8  -676.8
-494.0  -507.2  2176.4  527.1  69.5  -339.1
-614.0  -492.8  1287.2  657.4  -584.6  -27.8
-137.2  -143.2  1187.2  192.9  -839.2  228.3
177.6  -18.4  704.4  556.9  -534.7  -217.2
1.2  42.8  1017.2  -65.9  -496.3  -38.0
16.0  36.4  1161.6  171.9  -44.4  -84.1
-1.6  -8.0  1340.0  19.8  49.2  29.9
-82.0  -60.4  1635.6  -91.7  100.8  32.1
27.2  -46.8  1588.8  93.9  65.9  -8.8
6.8  -67.2  1582.0  22.3  -99.2  -12.9
3.6  -51.2  1553.6  79.9  -56.2  -20.5
34.0  -62.0  1558.8  93.3  -28.5  -48.1
26.0  -95.2  1541.6  60.0  -66.0  -46.2
-22.8  -72.0  1492.0  33.0  -49.9  -56.6
-62.0  -45.6  1546.8  -1.9  -79.9  -7.9
-21.2  -45.2  1539.6  18.5  -105.5  -0.5
-2.8  -71.6  1516.8  39.9  -113.1  -16.1
14.8  -49.6  1563.2  43.0  -106.8  12.2
32.0  -58.8  1442.0  55.4  -64.8  -5.4
20.0  -67.2  1479.6  6.0  -24.7  -9.2
-6.4  -70.0  1548.4  1.7  -50.3  -19.5
-34.0  -42.8  1567.2  14.1  -49.9  1.2
-14.0  -90.4  1554.8  74.5  -42.1  -25.6
4.4  -73.2  1576.4  63.2  -92.3  -12.2
-14.0  -26.4  1535.2  69.7  -56.4  -43.1
-32.8  -54.4  1542.0  73.7  -39.2  -14.8
-16.8  -58.0  1485.2  25.6  -66.5  0.1
-20.4  -52.0  1537.2  35.0  -84.7  -8.2
-24.4  -48.4  1536.4  24.6  -70.2  7.4
-10.8  -40.4  1480.4  26.6  -68.4  23.8
-7.2  -71.2  1553.6  -5.1  -63.8  35.7
-11.2  -61.2  1555.6  36.0  -76.0  3.4
-20.4  -78.0  1598.4  64.0  -89.4  -3.6
-2.0  -59.2  1532.8  99.5  -109.1  -31.3
-33.2  -43.6  1518.0  67.7  -84.8  -24.9
-18.0  55.2  1500.4  18.1  -65.4  -1.1
-46.4  5.2  1384.0  44.8  -63.3  67.2
23.6  -80.4  1218.4  -109.7  31.5  116.1
156.4  -24.4  860.4  -260.0  106.0  261.9
368.8  142.0  36.8  -375.9  829.3  -103.0
-195.2  -113.6  872.4  -1131.1  709.3  -218.0
-822.8  -1154.8  1554.0  673.2  1417.6  -592.9
-1101.6  -592.4  3276.7  -976.4  -1429.2  682.7
-289.6  -318.4  3276.7  746.5  -330.0  -38.3
-326.0  -279.6  2112.0  891.3  -525.4  -210.6
-264.8  -456.4  1667.6  815.8  -326.9  -232.3
-426.4  -375.6  1142.4  210.1  -541.1  105.5
-108.0  -129.2  992.0  -7.9  -572.9  169.3
174.0  -42.4  973.6  255.2  -421.1  -57.8
133.2  -16.8  1125.6  70.5  -230.4  -51.2
17.2  -2.4  1355.6  -70.3  -146.4  -56.8
38.4  -8.0  1448.4  92.1  -89.6  -13.6
70.4  -29.6  1509.2  119.9  8.1  37.6
68.8  -72.0  1478.8  55.6  -48.2  30.6
45.6  -70.4  1609.2  -30.5  -69.5  55.4
71.6  -54.4  1567.6  63.0  -79.6  -3.3
66.4  -66.8  1544.8  82.3  -53.5  -35.3
52.0  -61.6  1504.8  127.3  -53.2  -64.4
53.6  -59.2  1460.8  50.2  -38.9  -51.6
6.8  -60.4  1534.0  -11.5  -73.1  -48.3
30.4  -20.8  1568.8  20.5  -69.7  -20.7
27.2  -19.2  1515.6  30.8  -63.3  -1.5
35.6  -43.6  1491.6  14.7  -69.1  17.2
31.2  -64.4  1554.8  0.4  -44.3  30.6
50.8  -72.0  1541.2  -12.5  -75.9  23.7
67.6  -61.2  1566.0  39.6  -62.9  -2.1
57.6  -58.4  1521.2  43.9  -82.3  -43.1
26.4  -53.6  1542.0  49.3  -66.1  -9.3
29.6  -55.2  1507.2  37.9  -83.8  5.2
10.4  -58.4  1514.8  50.8  -70.4  4.8
34.8  -76.4  1531.2  28.2  -52.6  10.3
79.6  -55.6  1540.4  63.5  -88.5  -28.1
6.4  -68.0  1524.0  44.7  -92.2  -4.9
28.8  -59.2  1482.0  38.9  -49.1  -7.1
20.0  -28.4  1559.6  81.6  -19.0  43.1
14.8  -70.0  1570.8  -12.5  -90.5  26.1
35.2  -65.6  1633.2  26.8  -125.6  49.7
17.2  -48.0  1604.0  70.8  -207.8  42.2
101.2  -17.6  1398.0  117.0  -92.7  36.3
234.8  21.6  865.6  193.1  212.6  -60.0
71.2  51.6  937.2  -377.5  281.2  71.4
-4.0  72.0  424.4  -488.5  560.9  265.6
41.2  84.0  1006.4  -440.9  554.6  511.1
-404.8  -806.0  1340.4  337.9  732.7  -303.5
-759.6  -403.6  3276.7  -1240.3  -781.2  559.9
-219.2  -207.2  3276.7  272.8  -410.9  82.1
-89.2  -336.8  2122.0  919.8  -198.9  -350.8
-358.8  -278.8  1823.6  653.4  -55.5  -336.2
-351.6  -249.2  1071.2  202.9  -269.8  54.8
-48.4  -122.8  872.0  -93.9  -495.7  156.3
41.2  -92.0  1044.8  183.3  -322.9  -31.6
16.8  -73.6  1202.8  57.3  -364.1  -53.0
-56.8  -57.6  1342.4  61.5  -50.4  30.5
64.4  -60.4  1425.2  128.7  -122.1  -19.6
12.0  -18.8  1488.4  44.7  -46.9  32.2
50.8  -106.0  1417.2  33.0  -11.8  -17.8
26.4  -75.2  1689.2  5.0  -153.3  -13.1
3.6  -98.4  1580.8  74.3  -119.4  -51.3
26.8  -48.0  1521.6  111.7  -110.8  -76.7
-4.4  -42.4  1536.4  51.3  -135.8  -55.3
7.6  -30.0  1500.0  95.9  -125.9  -43.1
18.8  -48.0  1502.0  64.5  -114.6  -5.7
18.0  -43.2  1525.2  40.1  -92.1  -7.7
21.2  -36.0  1542.4  34.6  -93.7  12.6
67.2  -28.4  1487.2  11.5  -93.7  6.2
35.6  -37.2  1517.6  76.7  -82.7  5.6
18.0  -30.4  1581.2  29.4  -111.4  54.4
59.6  -36.4  1583.6  69.5  -86.8  37.7
59.2  -23.6  1543.2  41.3  -172.7  30.4
83.2  -29.6  1529.2  59.1  -105.6  37.0
58.0  -37.2  1465.6  54.0  -126.1  38.7
46.8  -13.2  1523.6  21.3  -107.7  16.1
50.8  -38.8  1497.6  82.5  -87.1  11.5
76.8  -10.8  1548.8  39.1  -63.8  21.5
86.4  -33.2  1502.0  40.2  -62.2  12.6
75.6  -21.2  1560.0  29.6  -48.5  -6.6
57.6  -9.6  1547.2  37.6  -50.0  -21.9
54.0  -3.6  1593.2  29.0  -65.1  3.4
61.6  -11.2  1511.6  28.2  -95.3  29.1
61.6  -77.6  1554.8  -66.4  -117.8  115.0
111.2  -40.8  1610.8  -51.4  -86.4  146.0
86.0  22.4  1292.4  -71.9  -117.4  109.6
68.4  34.8  1063.6  -212.2  -68.2  119.0
40.0  74.0  914.0  -511.5  91.8  68.2
196.4  37.6  357.6  -532.9  355.1  -39.6
95.2  -186.0  152.8  -567.0  820.5  -402.3
-138.4  -1323.6  1682.0  178.2  1105.8  -683.1
-89.6  -674.4  3276.7  -1124.2  -1056.6  920.7
57.6  -359.2  2989.2  1130.0  -111.9  -168.9
281.2  -430.4  1649.6  733.2  -256.5  -219.5
-251.6  -324.4  1376.4  282.0  491.1  -100.2
-416.4  -254.8  1454.8  46.7  63.7  -13.9
-162.4  -95.2  1244.8  589.2  -575.2  -61.6
-143.2  -67.2  1052.0  189.3  -344.8  -142.0
56.8  40.4  1001.2  45.3  -479.0  -70.0
16.8  30.8  1028.8  -72.9  -196.3  5.1
30.0  71.2  1289.6  129.1  -45.9  -14.5
-5.2  -20.0  1480.8  42.6  84.2  -39.1
-3.2  -47.2  1610.0  40.2  -30.9  -27.9
26.8  -13.6  1577.6  112.7  46.0  -69.7
-1.6  -4.4  1629.6  101.8  -76.9  -45.2
-24.4  4.8  1496.4  44.1  -161.5  -72.4
-41.2  5.2  1526.8  94.1  -138.7  -1.0
-16.4  30.8  1500.0  15.6  -139.9  43.1
22.4  33.2  1554.8  14.6  -118.6  34.6
37.6  15.6  1504.0  31.2  -72.3  5.4
4.4  -47.2  1593.2  45.7  -134.1  19.5
7.2  -36.8  1556.8  66.2  -138.3  -17.4
32.8  9.6  1498.8  12.1  -71.7  -4.5
5.2  31.6  1587.2  24.8  -56.8  4.1
34.8  31.2  1519.2  55.9  -125.7  14.3
15.6  0.8  1523.2  52.0  -117.0  29.0
44.0  -7.2  1502.8  14.9  -86.8  23.6
43.6  -4.8  1528.0  24.9  -54.1  4.5
60.0  2.4  1565.2  18.7  -69.7  -2.9
29.2  10.8  1530.4  31.2  -96.2  -10.3
30.0  7.2  1500.8  -47.4  -104.4  0.1
70.4  -25.2  1493.6  -27.7  -13.2  9.7
41.2  -31.2  1516.0  -59.9  -63.3  15.2
58.8  -40.0  1556.8  -4.2  -8.5  -4.8
11.2  -54.4  1607.2  -24.1  -48.8  17.6
9.6  -38.4  1719.2  139.9  114.3  15.1
-36.8  -50.4  1590.8  -73.9  -208.5  37.4
7.6  -29.6  1455.2  -58.4  -196.9  86.0
51.2  -48.8  1240.4  -33.9  -86.1  38.6
88.0  -26.4  949.6  -75.3  118.5  1.0
179.6  79.6  688.0  -366.2  236.8  26.4
274.0  259.6  -25.6  -27.1  587.5  -233.1
918.0  130.0  231.2  -44.5  344.0  -280.3
-1560.4  -1496.4  3276.7  -1345.2  921.9  355.5
-599.2  -44.4  3276.7  -9.9  -1073.9  167.3
-118.8  -620.0  2069.6  1038.6  -203.3  -234.3
-198.8  -411.6  1895.6  361.4  170.3  -371.7
-345.2  -276.0  1495.6  201.5  -363.3  -40.7
-396.4  -37.2  1157.2  302.5  -194.3  13.7
10.8  -8.4  938.4  -75.8  -589.8  98.0
50.0  24.0  877.2  153.2  -339.2  -21.2
-28.8  20.8  1052.8  -407.8  -444.9  193.3
-1.6  -158.8  1483.6  -682.7  252.4  437.6
100.0  -124.8  1647.2  -225.3  -389.5  110.3
136.8  -277.2  1294.0  77.9  -208.2  62.2
119.2  -247.6  1366.0  -160.1  -179.6  70.6
825.2  -669.2  2556.8  6.5  -244.4  -123.3
-263.6  -102.4  1497.6  -192.0  -255.9  -133.3
297.2  -524.8  2213.2  -111.1  -270.5  -995.8
-133.2  -303.2  897.6  12.4  -140.5  -4.2
62.4  -248.4  1416.0  661.9  -773.8  220.3
147.6  -226.0  1606.0  343.9  -84.3  158.8
128.8  -180.8  1591.6  -129.4  -0.3  89.5
92.8  -256.0  1493.2  63.1  -81.9  -95.6
108.4  -229.2  1484.8  237.7  -237.4  -114.5
185.6  -138.8  1588.4  -26.8  -87.4  54.8
126.8  -121.6  1521.2  -54.8  -53.4  150.5
128.4  -132.4  1464.0  -2.9  -89.0  73.1
170.0  -173.2  1515.2  24.5  -163.9  97.5
138.4  -201.2  1607.2  59.6  -80.1  64.7
176.4  -192.4  1587.6  -19.2  -47.8  16.5
112.4  -175.6  1500.0  -8.2  -85.5  44.7
100.8  -170.8  1469.2  34.7  -125.6  21.4
86.4  -216.0  1470.8  66.0  -122.6  -17.5
178.8  -287.2  1520.8  219.3  -195.2  -176.8
210.4  -288.0  1519.2  38.4  -70.3  -159.0
295.6  -185.6  1565.6  -9.6  9.1  -88.9
226.8  -124.4  1542.0  4.5  11.0  56.0
149.2  -146.8  1517.6  -117.0  -84.5  148.0
160.0  -162.8  1461.6  -65.7  -230.9  225.8
225.6  -177.2  1439.6  -67.7  -112.5  68.0
250.4  -255.6  1627.2  132.9  -104.5  -34.9
203.2  -238.0  1484.8  8.3  -68.0  40.2
144.4  -240.0  1488.4  32.9  -21.0  31.0
101.6  -239.2  1528.4  -52.8  -103.3  -13.6
204.8  -248.0  1573.6  -70.6  -184.7  11.0
206.0  -233.2  1490.4  50.7  -88.3  57.2
161.2  -250.8  1526.0  62.6  10.6  89.9
87.6  -225.6  1514.0  46.5  -50.5  36.4
153.2  -266.4  1514.8  24.0  -72.4  24.6
154.4  -234.4  1535.2  112.0  -53.3  -44.4
220.0  -221.6  1552.8  18.7  -50.0  3.5
206.8  -244.0  1468.4  16.1  -50.1  35.7
171.2  -262.4  1558.8  101.1  -86.9  20.7
110.8  -224.4  1582.0  27.3  -31.4  -8.3
110.0  -182.8  1495.2  25.4  -62.6  -47.6
137.2  -176.0  1498.4  34.9  -59.3  -25.4
154.4  -193.2  1492.4  10.6  -69.1  -20.4
196.8  -227.6  1543.2  20.3  -58.0  2.5
154.4  -242.8  1546.0  23.1  -73.5  -14.0
154.4  -250.8  1504.8  8.5  -43.9  -35.2
189.2  -226.8  1487.6  69.2  -52.2  -56.1
178.4  -255.2  1521.2  52.8  -55.2  29.5
137.6  -219.2  1542.8  120.1  -35.6  32.7
117.6  -217.6  1534.8  42.4  -80.5  -17.4
109.6  -203.6  1488.4  71.2  -118.6  -10.1
171.6  -183.2  1508.0  125.5  -69.8  3.2
178.4  -236.4  1531.2  41.4  -49.2  52.9
110.4  -253.6  1528.0  66.4  -70.2  1.1
114.0  -201.6  1554.4  72.1  -49.8  -53.8
160.0  -160.4  1516.0  60.9  -93.5  -62.6
206.8  -171.6  1508.8  68.2  -41.4  -49.2
214.4  -190.0  1517.6  33.5  -91.4  -14.6
159.2  -211.6  1552.4  48.4  -96.6  33.5
125.6  -197.2  1517.6  6.7  -53.1  -7.5
109.6  -150.8  1497.6  45.3  -63.6  -29.3
182.0  -161.6  1487.6  31.0  -76.3  -21.0
184.8  -192.0  1576.0  48.6  -95.4  40.1
139.2  -158.8  1492.0  1.9  -44.5  17.3
150.0  -190.0  1537.6  15.1  -52.8  44.1
153.2  -194.8  1531.6  -16.8  -70.3  8.1
159.2  -207.2  1514.8  -8.3  -80.6  24.9
166.4  -204.8  1510.8  1.0  -115.7  26.0
165.6  -186.4  1560.4  11.8  -96.8  12.5
198.0  -233.6  1515.2  16.8  -94.5  13.6
174.0  -240.4  1521.6  21.8  -101.8  1.6
126.4  -224.4  1474.4  -13.6  -71.9  -32.9
149.2  -220.0  1461.2  29.6  -60.5  -40.2
253.2  -137.6  1577.2  61.2  -72.6  -57.7
182.0  -142.8  1494.4  -25.5  -55.7  -21.1
176.8  -228.8  1515.2  72.8  -119.5  -1.7
176.4  -217.6  1472.8  -23.6  -46.1  -31.7
195.6  -262.8  1542.0  107.2  -78.5  -15.3
169.6  -179.6  1597.2  111.9  320.0  126.8
123.2  -180.0  1510.0  105.2  -106.3  21.2
187.2  -213.6  1646.0  -5.5  -468.5  38.4
136.0  -288.4  1558.8  -23.5  -70.2  -7.8
179.2  -244.4  1497.6  -3.2  23.7  38.8
209.6  -225.6  1550.4  51.6  -68.7  -16.3
149.6  -209.2  1529.6  39.0  -115.4  19.1
166.0  -186.8  1485.2  -12.3  -62.2  -7.6
170.8  -224.8  1524.0  56.6  -81.8  13.7
148.0  -196.4  1546.4  12.0  -63.9  -13.5
144.0  -229.6  1501.6  41.2  -76.0  -14.0
161.6  -199.6  1515.2  42.7  -90.8  -8.5
173.2  -209.2  1519.6  20.3  -84.9  15.2
154.4  -220.0  1488.8  37.7  -80.9  -3.8
