-503.6  196.4  1443.2  39.7  -92.8  -8.7
-484.8  201.2  1385.6  103.3  -97.5  -31.1
-506.8  182.8  1400.0  53.0  -128.6  -40.1
-528.8  224.0  1344.0  32.0  -91.4  -19.0
-500.8  216.4  1359.6  -17.8  -100.1  9.6
-456.0  174.4  1364.0  -12.7  -104.6  24.7
-492.8  195.2  1394.8  -18.6  -50.5  33.5
-465.2  196.4  1397.6  -1.7  -40.7  41.3
-511.6  132.4  1444.0  -40.8  -158.5  76.9
-493.2  144.8  1412.4  5.0  -132.9  -18.7
-494.4  131.6  1451.2  -3.1  -69.0  -25.6
-453.6  160.0  1338.8  41.4  -79.3  -5.6
-438.0  154.0  1409.2  6.4  -114.3  -25.3
-444.8  160.8  1422.8  43.5  -93.0  -37.4
-464.4  142.8  1368.0  -5.2  -85.7  -15.3
-446.8  157.6  1368.4  -0.3  -163.9  -9.2
-446.4  152.4  1424.8  -55.7  -152.4  -29.6
-429.6  122.4  1434.8  8.8  -116.1  -1.4
-429.2  117.2  1443.2  51.2  -118.1  -34.2
-440.4  126.8  1427.6  21.3  -108.3  -42.3
-429.6  117.2  1443.6  21.7  -106.4  -22.5
-421.2  139.2  1414.0  49.1  -94.2  -10.6
-412.4  145.2  1416.0  68.8  -94.2  -4.0
-420.0  129.2  1446.0  55.5  -109.8  1.0
-371.2  101.2  1430.8  28.8  -102.4  33.3
-323.2  96.8  1446.4  -2.3  -155.6  -15.3
-378.0  132.0  1495.6  -26.5  -175.6  -9.4
-414.8  150.8  1431.2  55.9  -75.3  23.0
-349.6  135.6  1466.4  14.7  -70.8  52.7
-377.2  136.4  1424.8  33.4  -103.6  19.6
-369.6  120.8  1472.4  29.4  -67.3  50.4
-370.0  126.0  1436.8  1.7  -92.2  22.3
-343.2  121.6  1414.4  -15.1  -80.1  54.8
-308.8  100.8  1512.8  -38.6  -98.0  7.9
-365.2  120.0  1486.0  10.3  -70.1  -25.8
-330.8  120.4  1468.0  70.9  1.0  -9.0
-359.2  124.0  1478.8  -12.9  -66.8  -69.6
-410.4  106.4  1455.6  118.9  48.5  -61.0
-384.8  95.6  1417.6  92.2  44.5  -46.5
-335.6  98.0  1366.8  86.3  -21.8  -63.3
-373.2  134.4  1431.6  3.3  -83.8  -72.5
-368.0  102.8  1488.8  24.2  -76.8  -59.9
-366.0  134.8  1523.2  89.7  -19.2  -63.3
-340.0  99.2  1472.0  111.8  -9.7  -70.9
-402.8  127.2  1391.6  113.3  -51.8  -114.2
-383.6  133.6  1390.8  53.5  -50.4  -76.8
-431.6  167.2  1423.6  -32.9  -92.1  -76.8
-361.2  129.2  1462.4  -7.1  -61.5  13.8
-405.2  129.6  1467.2  -17.9  -88.2  -17.7
-409.6  114.0  1400.0  47.7  -50.8  -4.3
-400.8  78.0  1388.0  -81.7  -102.6  50.9
-364.4  112.0  1393.2  -82.9  -147.7  56.0
-394.8  113.2  1525.2  -117.5  -125.1  0.4
-320.4  82.4  1456.4  51.9  -95.3  16.8
-400.8  26.0  1476.8  -38.7  -178.9  -35.0
-337.6  -3.6  1519.2  3.7  -53.1  20.2
-382.4  12.0  1452.0  50.3  -38.0  -45.6
-343.6  45.6  1416.4  89.1  -45.0  -48.8
-408.0  88.4  1462.4  32.3  -70.6  -24.1
-361.2  112.4  1424.4  76.1  -72.5  11.6
-353.2  91.6  1426.4  -49.7  -77.7  70.3
-312.4  76.4  1452.0  -48.8  -93.1  76.2
-377.2  40.4  1452.4  -26.0  -116.3  8.4
-349.2  69.6  1427.6  33.2  -132.0  -30.3
-344.8  58.8  1474.8  -3.0  -144.8  -24.3
-338.4  28.4  1459.6  98.1  -152.1  -20.6
-326.0  46.4  1483.2  120.4  -144.3  10.1
-279.6  52.4  1475.6  61.1  -157.7  66.4
-283.6  62.8  1486.8  40.9  -67.5  41.2
-319.6  42.8  1540.4  74.7  70.0  18.3
-350.0  71.2  1482.8  143.2  68.6  -2.0
-332.4  100.0  1410.0  183.8  93.8  -45.4
-359.2  86.0  1138.4  206.9  -142.1  -73.3
-343.6  225.6  910.8  128.4  -775.2  -29.5
-176.8  227.2  614.4  -11.0  -1318.5  290.0
612.0  -297.6  315.2  -751.2  -2291.4  640.9
-93.2  -149.2  2228.0  -478.4  1486.0  868.7
-248.8  -434.8  1546.0  -1102.9  793.9  81.0
341.2  -390.8  2530.8  -941.7  -1242.8  170.7
149.6  -384.8  2035.6  15.0  -804.4  -216.2
154.0  -272.8  1681.6  304.9  141.5  -121.3
138.4  -309.6  1795.2  104.7  178.3  23.6
255.6  -310.0  1813.6  341.2  594.5  -106.9
-22.8  -279.6  1582.8  558.4  531.0  -269.7
-30.0  -155.2  1324.8  813.8  538.6  -370.0
-286.4  -48.8  1133.2  398.2  212.7  -271.7
-281.2  -10.0  1102.4  254.2  162.1  -141.6
-269.2  0.8  1340.4  157.4  154.1  -37.7
-308.4  65.6  1468.0  171.8  52.3  -92.7
-373.6  55.6  1485.6  125.9  70.5  -10.3
-256.8  35.6  1405.6  43.4  -27.3  81.7
-236.8  37.6  1400.4  96.3  149.1  -2.3
-294.0  49.6  1439.2  -31.7  -51.5  -18.1
-318.0  43.2  1378.0  12.2  1.3  -23.1
-330.0  12.0  1454.4  -69.4  -37.2  55.3
-343.2  11.2  1447.6  -0.8  -75.0  -21.0
-322.4  7.6  1474.8  32.2  -47.2  4.6
-337.2  13.6  1431.6  -6.9  -69.5  -14.6
-292.8  19.6  1445.6  -5.4  -51.8  4.3
-355.6  -12.4  1479.6  -29.7  -88.3  11.2
-306.0  -9.6  1510.4  29.5  -58.8  -17.1
-312.0  -6.8  1480.8  54.2  -59.2  -29.7
-291.2  -24.4  1464.0  55.8  -37.3  -9.1
-365.2  -1.6  1466.0  15.3  -92.8  -36.2
-310.8  -4.8  1450.0  37.8  -41.1  -15.2
-352.0  -16.0  1446.0  1.3  -94.2  -1.3
-292.0  -19.6  1478.4  14.2  -52.3  5.4
-343.2  -21.6  1459.6  32.6  -92.5  -0.2
-318.8  -19.6  1434.8  56.8  -41.4  -26.4
-296.4  -31.6  1466.4  7.0  -59.1  4.0
-295.6  -1.6  1424.0  47.4  -88.4  -8.2
-314.0  3.6  1516.8  -10.1  -100.6  9.5
-314.8  -18.4  1534.4  105.3  -34.5  -0.2
-345.2  -4.4  1450.0  104.5  -69.0  -50.3
-308.4  -24.0  1489.2  98.8  -34.0  -34.0
-328.0  24.8  1474.8  176.6  -90.7  -57.4
-355.2  57.6  1432.8  234.4  -52.5  -76.4
-400.0  98.4  1394.0  418.2  -178.9  28.2
-308.0  191.2  855.2  607.7  -388.2  27.0
-300.0  344.4  150.0  -124.7  -1425.1  206.3
-523.6  -561.6  948.4  -1884.8  -1373.7  1076.4
222.0  -479.2  2552.4  -1476.9  1043.0  849.0
569.6  -611.2  3276.7  508.3  385.7  -402.8
210.4  -482.8  1817.6  355.0  -372.8  -345.1
-86.4  -322.8  1439.6  450.0  -71.2  -204.3
-115.6  -186.8  1442.4  168.0  135.1  57.4
-205.2  -153.6  1525.2  167.4  349.4  -4.5
-104.8  -92.0  1428.8  334.2  439.2  -148.9
-216.0  -100.4  1462.4  196.6  356.3  -15.8
-242.4  -33.6  1302.4  215.0  137.7  -192.2
-316.4  -40.8  1415.6  61.0  151.3  -60.1
-337.6  -43.2  1305.6  126.7  56.4  -22.0
-334.8  -11.6  1450.0  116.9  51.5  22.6
-348.0  4.4  1476.0  172.0  17.2  -56.4
-354.0  -12.4  1422.4  207.0  -32.1  -0.1
-293.2  -7.2  1423.2  158.7  7.9  -6.7
-326.4  25.6  1396.0  120.3  -64.8  -33.8
-322.4  32.4  1470.8  86.5  -59.5  -14.2
-376.8  46.4  1404.8  34.6  -86.0  -75.8
-357.6  34.4  1474.0  41.0  -65.8  -23.3
-328.4  47.2  1384.8  77.7  -68.4  -45.0
-340.0  59.6  1502.0  69.6  -75.5  -53.1
-348.4  40.4  1465.2  78.9  -62.3  -42.4
-330.8  32.8  1459.2  98.4  -9.5  -30.4
-334.8  60.0  1452.8  34.5  -53.7  -36.9
-352.8  50.4  1423.6  36.0  -64.4  -15.0
-316.0  48.8  1434.0  9.4  -68.8  24.8
-308.4  50.4  1474.4  14.4  -68.7  -3.3
-341.2  26.4  1478.8  66.4  -58.2  -28.2
-362.4  57.2  1450.0  57.9  -39.9  -23.5
-353.6  40.0  1434.8  11.6  -52.4  -3.6
-363.6  55.2  1451.2  6.9  -77.5  -13.4
-364.8  48.8  1456.8  25.2  -59.6  -7.9
-355.2  50.4  1375.6  41.6  -70.3  2.4
-318.4  39.2  1450.4  -38.0  -109.4  16.4
-344.8  30.4  1493.2  32.6  -41.4  10.5
-329.2  50.0  1457.2  40.3  -70.6  -23.1
-342.8  28.8  1418.8  16.3  -73.7  -9.8
-370.0  31.2  1496.0  -6.7  -87.8  -2.8
-318.0  23.2  1441.6  48.1  -26.3  -8.9
-338.4  28.4  1454.8  0.2  -49.0  3.7
-351.2  30.0  1466.0  45.1  -70.4  -13.2
-336.4  43.6  1452.8  16.2  -58.5  -16.4
-312.0  42.0  1492.0  49.2  -35.4  -4.6
-365.6  48.0  1493.2  60.1  -52.4  -42.9
-348.4  46.8  1487.6  85.4  -14.2  -55.5
-377.2  56.8  1509.6  102.8  -62.6  -40.5
-356.8  73.2  1416.4  153.9  -27.0  -34.4
-430.0  108.8  1388.8  125.2  -63.7  -16.1
-373.6  154.4  1278.0  257.2  -99.7  -8.0
-474.8  218.0  1094.8  627.3  -420.4  47.3
-113.6  117.6  410.4  1406.4  -1245.2  91.0
-559.6  144.4  -95.6  -1884.1  -1262.5  719.2
3.2  -392.0  3276.7  -1848.8  2506.0  1172.9
310.4  -723.2  2716.4  311.4  107.6  -121.4
111.6  -455.6  1322.0  222.6  -558.2  -356.9
-228.8  -165.2  1620.8  -284.7  -370.6  52.0
-144.4  -160.4  1697.2  195.1  21.7  -10.3
-130.4  -183.2  1669.6  251.7  -30.2  -142.5
-208.8  -150.4  1598.0  411.6  263.9  -161.7
-238.0  -132.4  1388.0  212.2  190.3  -191.0
-280.4  -93.6  1406.0  307.2  153.0  -170.8
-275.6  -29.2  1336.4  310.1  26.2  -196.0
-337.2  -10.0  1318.8  203.3  -12.4  -102.2
-324.4  3.2  1360.8  96.7  -20.6  -81.2
-338.8  24.4  1390.8  72.4  7.4  -39.3
-377.6  16.4  1463.6  5.6  -35.0  30.8
-356.0  47.2  1418.0  117.1  15.2  -20.5
-302.0  12.0  1401.6  42.9  -2.5  2.6
-331.2  -2.0  1443.2  25.3  -24.5  -23.2
-325.2  4.8  1529.6  114.8  -27.3  -34.9
-341.2  24.0  1501.6  86.9  -46.5  -34.6
-341.6  28.0  1450.0  147.0  -5.8  -20.7
-327.6  35.6  1437.6  89.4  -10.4  -32.9
-353.2  45.6  1440.4  77.4  -63.7  -24.5
-351.2  52.0  1425.2  101.0  -43.2  -41.8
-346.0  35.6  1476.4  6.0  -31.0  -10.0
-338.0  46.4  1439.6  83.8  -60.7  -27.1
-375.2  61.2  1454.8  30.4  -71.8  -29.3
-379.6  38.0  1422.4  44.6  -45.5  25.1
-345.6  32.4  1475.2  18.3  -70.1  5.3
-374.8  50.8  1441.6  21.2  -80.4  -1.7
-346.4  46.8  1434.8  30.1  -87.4  -28.1
-371.2  26.8  1446.8  51.5  -46.0  -0.4
-347.2  36.4  1448.0  23.9  -58.5  5.3
-333.2  50.8  1474.4  54.3  -96.2  -32.6
-340.0  28.4  1508.0  53.0  -2.4  4.2
-341.2  39.6  1462.8  47.4  -69.1  -15.4
-352.8  46.8  1509.2  65.7  -56.3  -30.1
-339.6  52.8  1496.4  81.4  -9.3  -22.4
-374.8  60.0  1508.0  72.1  -94.2  -34.7
-448.8  104.4  1468.4  200.0  -2.9  -83.9
-489.6  183.6  1220.8  485.0  -121.8  -126.4
-319.2  218.8  930.8  1004.2  -476.1  -103.3
-429.6  130.8  -359.2  620.1  -1616.5  -30.9
-324.0  -242.0  260.8  -3276.8  -594.8  1018.4
23.2  -579.2  3276.7  -1439.3  853.1  1150.7
563.2  -597.6  2630.4  833.6  568.6  -395.2
51.6  -319.2  1628.0  12.3  -533.1  -65.0
-240.4  -261.2  1654.4  378.9  -78.5  -19.1
-31.6  -238.8  1588.4  322.4  -6.2  -70.3
-157.2  -187.2  1600.4  412.6  11.1  -204.9
-221.2  -162.0  1431.6  383.1  543.0  -38.3
-200.0  -122.8  1377.2  293.5  165.2  -114.4
-269.2  -95.6  1381.6  377.6  121.7  -218.1
-314.4  -52.4  1266.0  267.6  28.8  -125.3
-312.4  14.8  1391.6  79.6  24.2  -111.0
-306.8  -18.4  1444.0  65.9  51.5  -34.9
-323.6  -1.6  1388.0  127.5  -32.3  -82.6
-385.6  35.2  1395.6  29.8  -56.4  -67.7
-357.2  11.6  1386.8  3.3  24.2  23.1
-329.2  -9.6  1483.2  -4.2  -12.7  -5.7
-378.4  -18.8  1448.8  60.6  -64.8  -1.5
-326.8  9.2  1438.0  90.9  -29.9  -39.1
-321.6  -3.6  1451.2  30.8  -23.1  -11.3
-377.6  3.6  1484.0  25.2  -75.8  -33.1
-326.0  8.0  1465.2  71.9  -15.8  -2.6
-323.2  -20.4  1427.2  27.8  -88.1  -20.8
-345.6  -14.0  1483.6  11.1  -73.4  -1.2
-352.0  22.4  1478.8  89.5  -52.5  -47.4
-292.4  19.6  1438.0  52.9  -14.6  -11.9
-354.8  17.6  1504.0  5.8  -62.5  -15.8
-311.6  -23.6  1475.6  48.4  -64.7  -7.5
-345.6  -4.4  1466.4  31.6  -70.8  -19.6
-376.4  7.2  1420.0  57.3  -56.0  -19.6
-373.2  4.8  1470.4  -12.4  -62.4  -16.9
-377.6  7.6  1447.2  66.9  -62.5  24.4
-336.0  -1.2  1431.6  26.8  -81.8  -18.5
-346.8  -13.2  1471.6  60.9  -28.3  -15.9
-329.2  9.2  1473.2  59.7  -38.6  -34.9
-393.2  5.6  1479.2  114.0  -38.1  -4.5
-346.0  29.6  1511.2  197.2  2.6  -13.3
-394.4  92.0  1368.4  279.2  7.4  -107.5
-338.8  133.6  1085.6  285.7  -172.9  -42.5
-336.0  190.0  715.2  276.7  -474.1  22.9
-239.6  254.0  258.0  -145.1  -1620.9  192.0
-551.6  -32.4  1052.0  -1370.9  -1095.6  1046.8
-51.2  -607.6  3135.6  -1726.7  1250.1  594.9
300.8  -442.4  3116.4  891.3  246.9  -524.3
402.0  -368.8  1418.8  205.7  -280.0  -187.4
-242.0  -186.8  1658.4  -28.5  -105.6  99.6
-154.8  -172.8  1656.0  148.1  -10.5  -2.9
-172.8  -174.0  1594.4  237.5  191.4  -60.1
-195.2  -114.4  1456.4  272.5  141.8  -138.1
-160.4  -137.2  1406.4  88.4  182.7  -127.9
-264.0  -54.4  1376.8  359.3  145.6  -157.9
-317.6  -54.0  1340.4  211.7  186.7  -164.1
-321.2  -18.4  1399.6  247.3  31.9  -73.4
-368.0  13.6  1380.4  103.3  10.3  -62.1
-319.6  -17.6  1402.0  154.5  35.2  0.8
-382.0  15.6  1376.0  78.9  -36.8  -42.7
-326.4  0.8  1458.0  104.3  29.1  -3.6
-333.6  1.2  1360.0  73.4  -46.6  -49.8
-354.4  9.6  1444.8  37.3  -35.9  -15.4
-365.2  18.0  1414.0  79.8  -62.4  -48.6
-355.2  34.0  1430.0  56.5  -62.9  -28.9
-346.8  24.4  1456.4  0.7  -66.7  -10.9
-343.6  26.0  1432.8  67.0  -75.7  -20.8
-348.4  13.2  1494.4  3.7  -59.1  -16.4
-346.0  10.8  1425.6  68.3  -47.8  -12.0
-380.4  14.4  1423.2  -33.2  -78.0  -9.9
-319.6  11.6  1460.0  54.2  -56.5  -5.6
-362.0  3.2  1472.0  5.3  -49.9  -13.5
-318.8  6.4  1475.6  53.9  6.6  -15.9
-376.8  9.6  1485.6  0.6  -71.9  -10.4
-356.4  4.0  1443.6  60.3  -19.8  -8.3
-349.2  10.4  1400.4  21.9  -66.5  -2.3
-368.8  0.4  1454.8  -3.4  -56.9  44.2
-344.0  -8.8  1479.6  24.4  -88.5  -14.1
-366.8  -12.0  1527.2  65.0  -13.7  -15.0
-321.2  -20.0  1499.6  119.0  -30.2  -27.8
-382.0  18.8  1412.4  60.5  -48.5  -52.7
-358.8  1.6  1448.8  78.4  -61.6  -30.0
-385.2  2.4  1463.2  81.2  -41.4  -35.8
-398.4  42.8  1507.2  179.5  -11.8  -70.5
-368.0  70.0  1380.8  248.4  -39.9  -27.0
-404.4  137.2  1192.4  491.0  -160.7  -146.7
-360.4  199.2  1078.4  1037.0  -613.3  -51.0
-434.8  253.6  4.0  661.4  -1418.0  83.1
-286.8  137.2  520.0  -1933.2  96.1  611.3
-356.0  -246.4  2896.0  -1822.5  1499.5  768.0
178.8  -556.4  3276.7  -229.9  -641.2  -292.3
-125.6  -361.2  1765.6  15.1  -176.2  -77.4
-330.4  -230.8  1717.6  77.2  -316.1  -25.6
-177.6  -161.6  1604.8  310.4  -70.7  -84.5
-200.8  -106.4  1543.2  294.0  107.7  -119.5
-289.2  -60.8  1339.6  223.3  154.1  -114.0
-236.0  -78.0  1316.8  4.3  279.3  -76.2
-352.4  -92.0  1365.6  34.0  230.1  -112.7
-347.6  -62.0  1352.8  222.0  89.3  -123.9
-412.0  -52.0  1336.8  121.1  -12.9  -60.6
-392.4  -45.6  1355.2  152.4  52.6  -31.6
-426.8  -52.0  1347.6  78.5  -73.7  -7.3
-397.2  -31.6  1417.6  104.3  -10.7  -14.4
-398.0  -21.2  1424.4  55.5  -30.2  -1.4
-380.8  -13.2  1422.4  80.7  -71.2  -15.6
-377.6  -29.6  1436.4  24.2  -20.4  2.9
-400.0  -14.0  1430.8  72.3  -63.3  -34.0
-405.6  -4.4  1408.4  67.1  -33.9  -30.6
-418.8  -38.0  1447.2  38.7  -53.0  -10.8
-370.4  -29.2  1424.8  112.2  -49.0  -18.5
-428.8  8.8  1448.0  60.3  -96.6  -38.4
-400.8  0.8  1424.4  76.4  -15.0  9.2
-408.4  6.8  1434.0  42.8  -65.0  -42.7
-385.6  -4.4  1409.6  62.7  -27.4  -8.7
-392.0  -3.2  1448.4  -29.6  -108.4  2.4
-442.0  -2.4  1476.8  -3.4  -77.4  5.3
-345.2  -25.2  1436.0  60.9  -23.6  -10.2
-428.0  -8.8  1453.2  48.9  -24.3  -39.7
-374.4  -29.6  1462.8  86.4  65.6  -14.7
-399.2  -1.6  1419.6  8.9  -85.1  -66.7
-433.6  -17.6  1474.8  32.3  -18.1  -20.6
-423.2  -23.6  1463.2  60.3  -19.9  -48.5
-456.0  -12.4  1484.4  84.3  -13.0  -42.7
-427.2  -10.0  1534.8  100.4  -58.1  -44.1
-446.0  30.8  1428.0  270.0  -53.7  -111.3
-492.0  145.6  1092.8  463.1  -182.6  -266.4
-419.6  139.6  1002.0  1005.7  -492.4  -95.5
-240.8  169.2  2.0  1151.4  -1640.6  -2.4
-423.6  70.0  307.2  -1647.4  -499.2  414.0
-88.8  -407.2  3276.7  -1978.6  1439.6  1384.3
1.6  72.4  3244.8  720.3  -122.8  -283.2
116.8  -240.0  1544.8  537.4  -348.7  -270.4
-288.0  -37.2  1450.4  -90.7  -282.0  -14.3
-239.6  -40.8  1593.6  269.3  44.7  -32.8
-233.2  -38.8  1476.8  261.7  159.3  -109.0
-309.2  -17.2  1441.2  72.1  313.5  -72.1
-306.8  -21.2  1389.2  55.8  173.1  -73.6
-412.0  8.4  1414.8  92.3  156.7  -158.9
-401.6  21.2  1282.0  230.5  95.6  -73.0
-393.6  40.4  1330.4  161.0  -2.0  -45.4
-441.6  52.8  1281.2  135.1  -95.3  -62.5
-422.0  58.4  1382.8  65.4  -104.8  10.0
-436.4  61.6  1375.6  88.6  -104.4  -33.3
-384.4  67.2  1454.4  25.3  -38.5  33.3
-378.0  40.4  1424.8  62.8  -74.2  7.3
-386.4  45.2  1441.6  4.0  -72.1  -9.5
-369.6  57.2  1460.8  54.6  -50.3  -6.0
-382.0  26.8  1450.8  14.1  -78.9  -11.1
-398.8  58.8  1420.4  90.3  -63.9  -3.7
-398.8  78.4  1434.8  2.1  -83.8  -19.7
-376.8  63.6  1445.2  68.9  -40.2  -2.5
-365.2  71.2  1458.8  37.0  -88.2  -29.8
-376.0  63.2  1482.8  33.4  -55.6  -27.5
-405.6  58.8  1437.2  34.9  -40.0  -8.3
-362.4  43.2  1435.6  -4.0  -98.3  -10.3
-392.0  42.8  1489.2  47.2  -8.9  -9.1
-362.8  32.4  1476.8  53.5  -34.6  -30.8
-387.6  40.8  1472.8  55.2  -8.6  -44.8
-416.4  54.8  1483.6  91.6  -60.6  -23.6
-398.0  59.2  1474.8  138.4  -51.2  -10.4
-428.4  76.4  1488.0  188.0  -30.2  -63.3
-442.4  120.4  1397.6  224.1  -33.1  -23.5
-374.0  185.2  1156.4  434.1  -135.3  -67.1
-372.4  244.8  736.4  339.4  -441.2  -30.2
-351.2  354.0  484.4  204.2  -1585.2  199.6
-438.4  192.4  502.0  -1014.7  -1028.8  321.7
132.0  -238.0  2509.2  -1594.4  1911.8  932.8
-469.2  -683.6  2864.0  -829.3  -13.1  62.6
66.4  -475.2  1725.2  412.8  34.7  -251.9
-273.6  -166.4  1597.6  131.3  -438.7  -10.8
-120.4  -120.0  1649.2  299.0  -17.1  1.3
-183.2  -34.4  1505.6  429.9  -36.2  -142.9
-216.8  -20.8  1324.8  310.0  269.3  -193.5
-275.6  -10.4  1344.8  14.9  212.7  -99.7
-330.8  -11.6  1380.4  212.4  139.5  -165.4
-322.8  -14.4  1338.0  224.3  124.8  -108.0
-382.0  54.8  1295.2  134.7  -9.5  -79.5
-350.8  41.6  1410.0  63.6  70.0  4.9
-362.0  36.8  1372.8  79.5  21.9  -53.0
-396.4  52.0  1396.0  -14.6  -9.5  -18.7
-331.6  9.6  1415.2  54.6  -4.1  -24.6
-405.2  14.0  1416.4  39.5  -75.6  -21.7
-386.0  43.2  1436.8  31.7  -29.7  -56.2
-360.4  36.8  1462.8  77.7  -77.0  -7.4
-371.2  23.2  1458.8  61.7  -28.6  -3.5
-408.8  69.2  1419.2  105.4  -67.2  -38.8
-431.2  54.0  1393.2  17.1  -49.1  2.9
-336.8  50.4  1434.0  50.4  -52.2  -9.2
-376.4  43.2  1501.2  16.1  -34.9  0.3
-406.0  34.0  1448.8  70.8  -56.9  -10.4
-380.4  2.0  1437.6  -18.3  -85.3  -12.6
-390.0  45.2  1444.4  39.3  -46.2  1.2
-365.2  0.8  1467.2  -4.2  -84.8  0.8
-404.4  31.6  1472.4  69.0  -31.1  -21.9
-406.0  36.0  1432.4  -10.2  -67.4  -23.9
-372.8  38.0  1488.0  64.1  -17.7  -14.2
-399.6  10.4  1518.8  23.5  -48.7  -16.9
-402.0  32.0  1562.0  183.5  -27.7  -57.6
-435.2  84.0  1434.0  310.3  -51.2  -147.1
-426.0  148.0  1151.6  448.1  -107.9  -56.8
-398.4  240.4  950.8  1312.3  -498.0  -170.0
-493.6  353.6  -94.4  888.3  -1386.6  -165.7
-362.0  10.4  468.4  -2770.3  340.5  1116.9
-40.8  -270.4  3276.7  -1465.4  683.3  1085.6
-85.6  -1240.0  3068.0  481.5  -202.1  -374.5
37.2  -174.8  1447.6  575.4  -175.0  -187.8
-358.0  -27.2  1387.2  -200.7  -449.3  98.1
-254.0  -6.4  1630.4  92.0  -27.0  3.9
-254.0  23.6  1526.0  196.1  -8.0  -107.1
-138.4  -21.2  1525.2  149.1  90.8  -72.4
-206.8  -20.0  1440.4  130.5  22.4  -53.6
-252.8  -4.0  1450.4  131.6  -40.2  -143.5
-323.6  18.4  1385.6  60.0  -8.5  -155.0
-317.2  22.0  1419.2  119.1  79.4  -37.0
-337.2  33.2  1368.4  51.3  -6.4  -78.5
-312.0  31.2  1457.2  35.9  -0.4  -23.6
-315.2  36.8  1480.0  88.8  -47.2  -58.5
-324.4  49.2  1506.8  124.2  -22.6  -60.8
-303.2  52.8  1442.0  147.7  -5.5  -70.8
-331.2  66.4  1438.4  115.9  -3.6  -54.0
-305.6  72.0  1413.6  143.1  -62.1  -66.5
-369.6  89.6  1455.2  89.3  -61.3  -72.2
-371.2  82.4  1376.8  125.9  -15.2  -44.3
-390.4  106.0  1395.2  30.1  -68.5  -28.7
-366.8  84.8  1451.2  -2.8  -21.7  27.7
-320.4  71.6  1447.2  18.6  -81.8  13.2
-393.6  84.8  1477.6  3.5  -67.0  -7.8
-323.6  55.6  1465.2  17.6  -30.0  13.7
-340.4  63.6  1467.2  28.0  -64.1  -13.3
-352.4  71.2  1487.2  -3.6  -42.7  -9.2
-352.8  79.2  1492.4  45.2  -6.2  -10.8
-314.8  63.2  1554.8  93.0  -1.6  -5.0
-344.8  117.2  1418.0  275.4  -63.2  -45.5
-438.8  208.4  1004.8  634.5  -292.3  -202.3
-538.8  239.6  306.8  767.0  -828.4  -99.3
-598.8  96.0  -78.0  -1015.7  -1313.3  569.4
-304.8  -413.2  2569.6  -2566.0  986.6  2191.4
856.0  -839.2  3276.7  -583.0  264.3  -35.8
-164.4  -366.4  1714.0  835.2  -18.1  -484.1
-138.4  -204.0  1587.6  283.2  -469.6  -165.8
-272.4  -97.6  1521.6  199.1  -29.7  -29.9
-229.6  -80.4  1454.4  248.2  51.8  -83.0
-230.8  -56.8  1380.4  170.4  236.1  -146.2
-236.8  -40.8  1390.0  186.0  177.7  -58.1
-314.8  -16.4  1399.2  220.4  -40.3  -158.2
-306.0  -15.2  1442.4  210.3  28.9  -116.2
-316.4  29.6  1336.0  170.2  -12.0  -98.2
-314.0  39.2  1425.6  171.1  -9.2  -52.2
-288.4  44.8  1395.2  132.9  -22.5  -54.2
-345.6  26.0  1434.0  87.9  -29.1  -41.7
-334.8  60.0  1419.6  116.9  -39.5  -40.1
-346.0  80.4  1431.6  84.1  -11.8  -26.8
-327.6  67.6  1422.4  85.6  -23.9  -8.5
-320.4  100.4  1414.0  42.3  -36.1  -28.1
-370.0  79.2  1444.4  63.7  -45.3  -50.8
-328.0  66.8  1467.6  68.8  4.6  -18.0
-390.4  73.6  1400.4  37.0  -62.7  -28.5
-332.8  74.8  1416.8  9.4  -66.2  20.8
-352.0  73.2  1477.6  6.2  -74.3  -19.3
-317.2  53.2  1464.8  45.0  -40.4  12.6
-347.2  66.4  1459.6  34.8  -78.0  -2.4
-318.4  68.4  1489.2  15.3  -61.6  -1.7
-341.2  61.6  1483.2  33.1  -50.0  -15.7
-299.2  58.8  1502.0  69.4  -14.1  -16.9
-333.6  46.0  1498.4  62.1  -55.3  -50.9
-348.4  57.2  1513.6  186.6  -103.2  -50.5
-343.2  127.2  1423.6  460.2  -113.4  -116.0
-301.6  174.8  1220.8  518.5  -274.5  -120.0
-316.8  266.0  893.2  708.2  -612.5  -157.9
-848.4  442.8  -158.0  -73.4  -1371.6  -43.2
-307.6  -301.6  1285.6  -2697.9  -152.6  1463.4
169.2  -313.6  2951.6  -1068.9  728.1  837.9
426.8  -608.4  2444.4  747.3  201.5  -385.0
-103.2  -252.8  1726.8  419.0  -184.5  -254.8
-85.2  -147.2  1726.8  260.4  -219.9  -92.2
-166.0  -69.6  1571.2  327.3  92.8  -116.4
-216.8  18.0  1409.2  314.6  48.2  -162.3
-258.8  66.8  1361.2  163.5  292.0  -139.4
-262.8  92.4  1384.0  224.3  223.9  -128.6
-293.2  72.0  1358.4  244.2  92.8  -167.1
-305.6  72.4  1403.6  218.2  80.6  -123.2
-384.8  130.4  1293.2  148.0  -65.4  -98.5
-307.2  82.4  1400.8  0.3  11.7  8.5
-342.8  91.2  1363.6  7.2  -115.0  -17.0
-333.6  102.4  1461.6  26.5  -68.1  20.3
-312.4  91.6  1447.2  -27.2  -76.9  10.3
-317.6  102.4  1461.6  50.1  -53.0  4.2
-267.6  84.0  1452.0  -7.2  -84.2  -3.8
-306.8  61.2  1496.0  28.7  -38.8  5.3
-289.2  79.2  1533.6  23.5  -58.1  -7.4
-291.6  88.0  1464.0  91.5  -70.9  -20.2
-268.4  85.2  1504.8  71.5  -18.7  -37.6
-299.6  84.4  1488.4  125.4  -48.3  -45.2
-338.0  112.0  1471.6  100.4  -30.3  -47.8
-255.2  107.2  1460.4  127.9  3.4  -26.1
-305.6  108.0  1405.6  49.9  -46.2  -17.4
-365.6  132.0  1441.6  66.3  -67.3  -28.8
-344.8  139.6  1436.0  60.3  -27.5  -23.2
-294.0  128.8  1470.8  91.7  -54.3  25.3
-320.0  158.8  1446.0  91.6  -35.9  -26.6
-354.4  168.8  1452.4  78.6  -64.1  -57.2
-312.8  133.6  1384.4  46.0  -63.3  16.1
-345.2  149.2  1448.8  -14.5  -54.0  3.6
-327.6  136.0  1535.2  38.9  -89.4  -12.8
-386.8  211.2  1256.4  216.0  -124.2  -101.0
-381.2  210.8  1086.8  358.8  -261.4  -5.5
-428.4  189.6  952.4  1482.2  -875.2  105.5
-332.0  297.6  386.0  923.7  -1470.8  -73.1
-40.4  486.0  1100.8  -1929.4  231.4  787.8
-130.4  102.0  3140.8  -1390.4  1475.5  647.7
324.8  -513.6  2716.0  -124.9  327.7  -6.6
147.6  -148.0  1797.2  478.7  -136.0  -221.2
-191.2  34.8  1644.8  251.5  -315.2  -85.2
-180.8  68.8  1388.8  271.9  -11.7  -125.2
-208.4  95.2  1423.2  138.4  -3.5  -52.4
-191.6  118.8  1279.6  -149.6  275.4  -49.1
-221.2  104.8  1495.6  50.7  37.3  -1.7
-318.0  86.0  1384.8  66.0  168.6  -155.2
-316.0  116.4  1377.6  163.3  51.7  -54.4
-341.2  108.4  1390.8  96.8  -16.5  -75.4
-287.6  134.0  1406.4  205.5  -20.1  -48.9
-314.8  132.0  1397.6  73.0  -60.2  -34.3
-325.2  124.4  1408.0  94.8  -63.9  -16.9
-309.6  138.4  1466.4  30.3  -72.2  -8.7
-307.6  145.6  1397.6  130.6  -52.9  -19.2
-336.8  163.6  1455.6  20.1  -80.0  -5.9
-324.4  144.8  1424.4  55.2  -53.9  18.5
-252.0  120.8  1487.6  -24.6  -54.0  22.6
-274.4  121.6  1474.4  13.8  -78.1  -2.6
-251.6  133.2  1507.2  51.8  -49.8  -0.4
-292.4  168.4  1440.4  51.2  -68.7  -27.3
-266.8  136.8  1489.6  24.2  -48.3  -27.2
-303.2  131.2  1471.6  55.6  -70.2  -21.9
-302.4  178.0  1427.2  88.9  -64.8  -48.2
-266.8  122.0  1456.8  38.0  -66.3  -16.3
-308.0  165.2  1434.8  72.2  -64.7  -39.4
-328.8  161.2  1400.4  -10.2  -46.3  -9.0
-318.0  129.6  1395.6  -24.0  -44.0  48.6
-288.0  132.0  1415.2  -44.3  -138.6  37.6
-254.4  118.0  1591.6  -2.2  -74.3  29.2
-186.4  127.6  1702.4  132.9  43.6  -46.3
-327.2  178.4  1542.0  331.9  -25.6  -124.0
-349.2  210.4  1317.2  519.3  -99.5  -193.0
-425.2  262.8  1028.8  1035.1  -359.7  -351.4
-432.4  274.4  166.0  1580.9  -897.5  -483.6
-625.6  260.8  -323.2  -1518.7  -1285.6  816.1
-84.0  -351.2  3276.7  -2863.2  1195.2  1948.9
378.0  -254.0  2733.2  146.9  589.8  5.1
266.0  -55.6  2043.2  819.1  -135.3  -342.9
-136.8  74.8  1459.2  117.0  -481.2  -80.5
-196.8  106.4  1529.2  217.4  -75.0  -47.4
-148.0  155.6  1333.2  118.1  50.2  -68.9
-292.0  142.4  1314.4  -201.5  307.6  12.1
-196.4  127.2  1369.6  -120.0  205.8  42.1
-285.6  85.2  1524.4  -136.8  38.1  -34.2
-295.2  76.0  1432.8  261.5  121.6  -108.0
-316.8  102.4  1372.0  146.1  -20.7  -86.1
-304.8  102.8  1397.2  127.7  -22.3  -37.9
-304.4  129.2  1470.4  67.1  -68.8  -49.9
-294.0  115.2  1456.4  150.7  16.0  -20.8
-303.6  144.4  1410.0  56.3  -73.5  -46.9
-328.8  126.0  1454.0  112.4  -48.5  -29.8
-326.8  151.2  1391.2  47.0  -44.8  -14.9
-297.2  139.2  1437.2  34.5  -74.9  4.3
-340.8  137.6  1433.6  22.3  -61.0  -5.2
-287.2  128.0  1438.0  4.2  -98.3  -0.5
-285.2  145.2  1504.0  18.1  -59.6  16.4
-274.8  140.0  1458.8  15.7  -96.7  -24.8
-294.8  120.4  1470.8  32.1  -34.1  4.1
-290.0  125.6  1482.0  34.2  -69.0  -9.0
-306.0  139.2  1423.2  55.5  -62.8  -50.4
-282.8  136.0  1470.8  -7.6  -68.3  6.5
-274.4  125.6  1477.2  48.8  -53.0  -7.1
-265.6  123.2  1516.4  68.7  -34.6  -17.8
-302.4  136.4  1526.4  54.3  -14.8  -21.7
-240.0  106.0  1513.6  148.0  -28.5  -48.2
-269.2  140.0  1552.0  97.4  -44.8  -69.4
-264.0  137.6  1604.4  256.0  -31.5  -145.4
-442.0  278.0  1419.2  522.8  -104.9  -243.8
-468.0  318.8  1113.2  1013.7  -316.7  -333.5
-419.2  281.2  576.8  1918.4  -611.0  -432.0
-665.6  279.6  -564.8  -129.8  -874.3  279.3
-416.0  -182.0  2525.2  -3276.8  466.3  2250.9
393.2  -232.4  2730.0  -876.3  197.7  631.8
311.2  -55.6  2198.4  438.0  79.4  -371.0
-90.8  14.8  1610.4  395.0  -224.2  -275.6
-122.4  3.6  1519.2  114.8  -79.0  -14.1
-162.4  33.6  1508.4  197.2  -72.9  -56.2
-154.4  81.2  1513.6  132.6  127.7  -45.0
-163.2  86.4  1472.4  70.3  211.2  0.8
-201.2  60.8  1509.2  -153.3  187.3  23.0
-225.6  40.8  1454.4  45.4  64.8  -54.5
-275.6  78.0  1468.4  63.7  2.4  -82.1
-263.6  85.2  1403.2  145.4  46.7  -89.9
-325.2  111.6  1429.6  117.1  -31.1  -92.3
-268.8  89.6  1434.0  101.4  -11.6  -64.4
-284.0  122.0  1387.2  150.8  -76.1  -104.1
-293.6  126.0  1434.4  84.4  3.9  -43.6
-299.2  102.4  1405.2  127.0  -23.7  -60.9
-315.2  124.8  1447.6  14.2  -12.3  -23.8
-324.0  125.2  1426.4  83.3  -30.5  -17.2
-312.0  131.6  1444.0  10.5  -56.7  -9.9
-318.0  147.2  1431.6  27.1  -68.4  1.4
-335.6  128.0  1434.4  79.2  -44.4  -33.0
-296.8  116.4  1449.6  53.0  -61.6  -15.5
-289.2  106.0  1480.4  -24.2  -53.8  14.0
-308.4  114.4  1476.4  78.3  -61.3  -20.1
-294.8  124.8  1484.0  23.3  -60.1  -13.6
-290.0  116.8  1496.0  45.8  -41.9  -20.7
-273.6  120.8  1516.4  51.1  -22.9  -24.1
-316.0  128.0  1498.4  70.0  -26.1  -60.6
-288.4  111.6  1510.0  101.0  -50.8  -55.5
-338.0  152.8  1511.2  184.9  -39.9  -99.5
-297.6  195.6  1494.0  340.7  -72.9  -128.9
-403.6  300.4  1147.2  670.8  -194.2  -434.3
-508.8  378.8  881.6  1609.8  -623.8  -668.5
-816.0  245.6  -527.6  511.7  -1231.2  17.1
-389.2  -151.6  1019.2  -3276.8  -234.4  2029.2
400.8  -161.2  3276.7  -971.9  709.9  1102.2
182.0  -207.6  2222.8  932.4  -1.6  -607.4
108.8  -66.0  1487.2  441.0  -182.1  -361.8
-182.8  35.2  1607.6  -155.4  -212.8  115.0
-114.4  65.6  1560.0  115.5  148.2  86.5
-167.6  66.0  1403.6  -81.6  176.0  18.7
-156.0  35.2  1536.4  -48.2  204.1  91.9
-194.4  41.6  1448.4  16.8  149.7  -101.4
-221.2  14.8  1453.6  221.2  32.3  -120.0
-271.6  74.8  1305.2  65.3  -59.7  -160.6
-297.2  69.2  1404.0  62.8  -126.6  -47.3
-298.8  92.8  1391.6  17.2  -109.0  -104.1
-269.2  87.2  1457.2  170.2  -22.0  -73.2
-273.2  99.6  1432.0  116.8  -1.6  -58.2
-326.8  108.0  1432.4  97.5  -38.2  -45.7
-246.4  80.0  1448.0  63.9  12.1  28.7
-292.4  96.8  1452.8  29.6  -90.8  -20.7
-277.2  89.6  1493.6  0.9  -67.8  17.4
-227.2  62.8  1483.2  25.7  -45.3  -11.4
-259.6  60.0  1462.0  61.5  -45.6  -4.0
-258.0  75.6  1466.8  8.6  -89.3  -23.2
-252.8  81.6  1500.0  38.9  -53.4  -1.1
-288.0  92.4  1452.4  39.3  -73.1  -31.7
-264.4  107.2  1493.6  28.9  -80.1  -46.1
-256.4  90.8  1480.8  26.1  -23.8  0.5
-274.4  82.4  1452.4  34.2  -70.2  -21.7
-259.2  83.6  1468.0  32.3  -35.2  -1.0
-264.8  73.6  1518.0  27.4  -51.6  -4.5
-218.0  74.4  1556.0  113.0  21.5  -41.3
-246.4  86.8  1570.4  146.4  -12.6  -63.6
-221.2  94.8  1642.4  295.7  -3.3  -118.9
-332.8  188.0  1366.4  750.1  -156.3  -239.0
-378.0  240.8  948.0  989.6  -349.9  -207.0
-255.2  210.4  304.0  717.4  -828.3  10.8
-737.6  472.0  215.6  -1086.0  -1165.9  -73.3
-540.4  -216.0  3276.7  -2046.6  365.2  2173.9
566.0  -360.8  2336.8  -783.1  959.1  520.4
293.6  -317.2  2478.4  433.1  -224.8  -371.6
-116.8  -154.0  1803.6  274.5  -225.2  -127.1
-64.8  -81.2  1652.0  295.4  -249.2  -140.5
-158.0  -27.2  1467.2  295.3  11.1  -147.0
-170.0  26.8  1363.2  250.6  162.7  -83.0
-240.4  105.6  1352.0  104.3  195.2  -191.5
-224.4  93.2  1412.8  233.8  132.2  -179.2
-292.4  118.0  1378.4  244.3  44.9  -219.9
-286.4  115.2  1350.0  228.2  117.5  -110.6
-321.6  139.6  1369.6  79.2  -35.7  -71.0
-322.4  148.0  1411.2  56.0  26.8  -9.0
-281.6  134.8  1398.0  46.8  -16.7  -8.0
-320.4  152.8  1400.8  33.1  -44.6  -17.5
-262.0  138.0  1450.0  60.5  -31.5  27.5
-296.8  148.0  1409.6  16.8  -32.6  14.8
-287.6  153.6  1496.8  4.7  -46.3  21.8
-253.2  116.4  1475.6  3.2  -66.1  7.7
-312.0  140.8  1472.0  39.0  -57.2  5.1
-276.4  123.2  1454.8  50.4  -38.1  -18.1
-304.0  142.0  1486.8  78.8  -40.7  -23.2
-320.4  137.6  1435.6  18.6  -26.4  -7.7
-280.4  116.0  1474.8  1.6  -58.5  -7.5
-318.0  140.4  1443.2  11.8  -60.6  -4.1
-267.6  119.6  1498.4  40.4  -54.0  -13.7
-292.4  136.8  1570.4  69.3  0.0  -49.4
-267.6  157.2  1559.2  200.4  -14.9  -91.1
-328.0  212.4  1393.6  439.8  -35.1  -169.9
-362.4  254.0  1060.4  723.0  -231.0  -240.4
-390.4  298.0  613.6  1015.4  -763.4  -160.5
-656.8  370.0  72.4  -248.1  -1158.7  348.6
-620.0  78.8  1404.0  -3131.9  -755.7  1402.4
293.6  -139.6  2579.6  -819.7  1311.4  880.5
303.2  -727.6  2295.6  243.0  426.9  -282.1
-27.6  -237.2  1910.4  215.0  -251.9  -172.4
-140.4  -86.0  1821.2  313.1  -310.9  -78.2
-125.6  -25.6  1534.0  376.1  -18.8  -79.2
-178.8  42.4  1406.4  171.0  96.0  -101.9
-195.2  65.2  1404.0  132.8  226.1  -55.9
-258.8  96.8  1288.0  -43.5  162.7  -223.5
-349.6  98.4  1416.0  211.8  80.9  -175.0
-288.0  102.0  1341.2  240.6  200.1  -106.4
-387.6  127.6  1322.4  235.1  -62.0  -124.3
-324.0  134.4  1342.0  186.0  -34.0  -42.1
-314.4  130.4  1342.8  82.9  -100.6  -19.9
-321.2  140.8  1421.6  11.5  -118.6  51.0
-320.0  141.6  1463.6  39.6  -100.3  15.3
-291.2  111.2  1408.4  54.6  -108.4  2.5
-311.6  110.8  1518.8  -3.1  -84.0  5.7
-294.8  122.8  1483.6  89.7  -39.9  -25.9
-266.4  125.6  1495.2  51.4  -29.0  -10.7
-303.6  102.4  1474.4  49.7  -102.1  -20.7
-289.6  123.2  1455.6  95.8  -71.3  -44.0
-283.2  130.4  1465.2  -8.7  -76.0  -45.6
-306.0  145.6  1398.4  80.6  -63.3  -19.5
-323.2  167.2  1443.6  21.7  -74.8  -15.5
-285.6  153.2  1445.6  26.0  -40.9  13.4
-300.8  150.8  1499.2  9.9  -82.8  -15.5
-270.8  148.8  1500.4  61.7  -11.8  -9.4
-243.2  126.8  1616.4  127.6  -28.4  -55.4
-287.6  146.8  1529.6  269.6  -75.4  -134.2
-318.4  220.4  1440.8  431.5  -152.5  -221.3
-284.4  274.0  1104.8  740.3  -308.5  -292.6
-376.4  299.2  709.6  1093.6  -662.2  -478.9
-578.4  277.2  -72.8  138.8  -1308.8  -68.0
-868.0  -4.4  1654.8  -3072.0  -223.2  1233.4
686.0  -216.4  2512.8  -824.5  911.9  1299.6
566.0  -360.8  2358.4  126.5  17.3  -289.9
19.6  -96.8  1866.8  365.1  -161.8  -213.1
-54.8  -48.4  1659.6  272.0  -216.3  -44.5
-102.4  8.0  1492.4  291.2  28.8  -9.0
-109.2  84.0  1433.2  267.8  76.4  -105.4
-181.6  106.0  1419.6  -14.7  286.1  17.6
-186.0  98.0  1342.0  -0.2  208.6  -129.4
-294.0  81.2  1521.2  132.5  79.6  -49.5
-241.2  125.6  1345.6  250.0  137.7  -139.9
-297.2  124.8  1412.4  138.2  -16.9  -59.2
-291.2  148.0  1398.8  222.0  1.4  -96.2
-268.0  152.8  1351.6  194.6  -47.3  -82.1
-277.2  172.4  1425.2  81.0  -92.2  -48.3
-278.4  176.8  1454.8  84.7  -11.2  -46.2
-281.2  191.2  1432.8  106.0  -45.2  -35.3
-290.8  194.4  1355.2  60.7  -67.8  -42.9
-302.0  191.2  1460.0  -28.9  -75.6  5.2
-318.0  198.8  1428.8  32.8  -67.8  -6.9
-268.4  189.2  1437.2  6.0  -55.2  23.2
-275.2  180.0  1478.0  -13.1  -70.8  2.3
-266.4  166.0  1515.6  18.8  -47.3  27.2
-285.2  164.8  1468.4  24.7  -36.6  -10.1
-232.4  143.2  1514.4  -2.1  -56.9  -3.8
-257.2  161.2  1544.4  91.0  -34.5  -37.2
-251.2  166.8  1582.8  121.7  -34.2  -61.0
-262.4  184.0  1599.6  190.9  -58.1  -92.1
-302.0  224.0  1421.2  356.5  -89.6  -156.2
-333.2  290.0  1184.4  636.4  -211.8  -284.9
-479.2  295.2  858.4  1412.7  -668.3  -434.1
-582.8  404.8  -108.8  358.4  -1120.2  -261.8
-682.0  275.2  491.2  -2817.3  -207.0  918.7
712.4  -17.6  3276.7  -1296.3  534.0  1995.4
616.0  -258.8  2572.0  304.4  383.6  -286.3
223.2  -38.0  1685.6  605.9  -69.4  -328.1
-226.0  43.6  1386.0  64.9  -328.7  -29.6
-181.6  60.4  1501.6  137.3  14.9  -11.4
-80.8  88.8  1507.2  97.7  52.0  20.4
-128.0  121.2  1556.8  59.5  131.8  2.2
-158.8  78.0  1440.4  -109.0  152.6  -50.6
-242.8  82.4  1602.8  -66.5  158.0  -35.4
-207.6  87.2  1366.4  239.4  231.0  -122.1
-289.6  117.6  1432.8  94.5  -75.9  -55.5
-252.0  111.2  1412.8  206.7  57.8  -91.9
-324.0  122.4  1419.6  151.9  -4.0  -88.6
-307.2  132.8  1487.2  181.0  -19.5  -77.6
-370.4  182.8  1332.4  185.5  -23.0  -74.4
-330.4  166.4  1458.0  112.3  1.6  -50.0
-340.0  197.6  1356.0  141.1  -8.9  -53.0
-336.4  192.8  1400.4  -15.4  -53.2  -12.6
-340.0  182.4  1424.0  45.4  -64.5  -21.0
-298.8  196.8  1463.2  0.1  -54.2  37.3
-344.8  177.6  1436.4  4.7  -71.8  -13.2
-286.4  201.6  1451.6  42.1  -55.8  2.8
-325.2  168.8  1472.4  -1.0  -55.9  -5.0
-309.6  165.2  1445.6  54.2  -85.1  6.4
-305.6  157.2  1457.6  1.6  -40.7  12.2
-351.2  168.4  1464.4  19.0  -89.9  1.9
-311.6  175.2  1480.4  43.4  -42.8  -12.1
-276.8  147.2  1488.0  52.1  -34.5  -7.9
-296.4  152.4  1514.8  42.0  -41.1  -18.2
-314.4  168.8  1566.0  129.5  -26.2  -65.7
-267.6  171.2  1604.8  254.2  -34.1  -111.8
-256.0  214.0  1512.0  481.4  -126.5  -218.6
-392.4  295.6  1224.8  717.3  -194.1  -490.6
-565.2  434.8  780.4  686.0  -422.5  -326.4
-676.0  529.6  214.8  638.7  -734.4  -190.5
-876.4  308.4  -252.4  -1227.5  -789.9  795.1
-70.4  -4.0  2645.6  -2601.9  562.7  1592.2
556.8  -202.0  3008.8  -242.2  -246.6  -38.9
214.8  -4.0  1950.4  986.1  254.6  -490.8
-149.2  24.0  1386.4  270.4  -403.8  -203.1
-223.6  102.8  1417.2  122.7  -83.0  -2.5
-212.0  147.6  1400.8  47.7  28.7  25.2
-152.4  131.6  1469.6  -92.0  112.9  137.8
-137.6  154.8  1468.8  -103.8  130.2  83.0
-280.0  142.0  1294.8  -52.0  -24.0  -53.7
-136.0  137.2  1187.6  9.1  -219.2  80.5
-255.2  234.4  1206.0  43.8  -396.5  8.8
-21.2  161.6  1199.6  74.8  -355.1  136.8
-274.0  186.0  708.8  -368.1  -226.5  10.3
-527.6  -116.8  1199.6  -2016.1  1240.9  572.8
542.0  -558.0  3276.7  -183.1  -851.6  -74.0
188.0  -254.0  2300.8  785.9  810.3  -117.0
-34.8  -190.8  1726.0  599.0  76.6  -55.5
114.8  -227.2  1459.2  647.3  439.8  -197.2
-196.0  -125.6  1304.8  222.3  284.2  -256.0
-151.6  -122.0  1382.0  351.8  297.5  -124.3
-233.2  5.2  1268.8  410.0  73.3  -197.4
-325.6  59.6  1312.8  248.7  46.9  -135.5
-265.6  99.2  1228.4  199.8  13.9  -69.2
-382.4  130.0  1410.4  -18.5  -82.7  -28.4
-310.8  145.2  1308.0  105.4  -19.4  -31.6
-306.4  100.8  1412.8  -124.9  -52.3  51.9
-266.8  74.8  1508.4  26.4  4.8  41.2
-286.8  73.2  1490.4  36.4  -28.1  -14.0
-272.4  55.2  1451.2  31.9  -5.1  19.9
-227.2  39.6  1508.4  7.4  -19.1  3.7
-258.4  34.0  1483.6  25.4  -50.8  7.8
-299.2  58.8  1465.2  7.9  -64.7  -37.3
-300.0  66.8  1472.0  22.3  1.9  6.1
-282.0  62.8  1444.8  42.3  -20.6  4.3
-302.4  56.0  1477.2  24.3  -37.6  -20.1
-293.2  63.2  1438.4  64.0  -50.3  -23.0
-324.4  72.8  1447.2  0.1  -62.8  -13.3
-282.0  42.0  1426.0  95.7  -54.5  6.5
-324.8  54.4  1418.0  33.6  -91.1  -19.5
-327.6  62.8  1487.6  70.7  -77.9  8.1
-290.0  93.6  1443.6  63.5  -76.6  -3.4
-310.8  88.0  1517.2  61.8  -62.8  -4.6
-260.0  61.6  1480.8  83.6  -49.5  -3.0
-312.0  90.0  1489.6  65.2  -78.3  -8.3
-273.6  100.8  1469.6  109.0  -37.6  -34.1
-315.2  117.6  1483.2  66.1  -89.3  -39.1
-300.0  112.8  1499.2  80.5  -34.9  -44.4
-283.6  122.8  1470.8  111.1  -84.4  -57.1
-309.2  110.0  1427.2  54.1  -31.6  -52.7
-341.2  89.6  1530.4  86.8  2.4  -29.5
-285.2  104.8  1460.8  119.8  -33.9  -37.1
-340.4  129.6  1532.0  102.6  -19.4  -48.2
-350.8  161.2  1389.2  255.0  -10.9  -103.7
-340.4  229.6  1102.4  372.0  -112.1  -182.7
-469.2  320.0  809.2  574.5  -414.3  -210.4
-508.0  377.2  218.4  419.1  -1076.9  -56.5
-385.6  120.0  1115.2  -1674.7  -849.9  1079.8
228.4  -213.2  3276.7  -909.8  441.1  933.7
308.4  -279.6  2244.8  410.9  251.3  -334.7
56.0  -175.2  1461.6  323.2  6.2  -280.3
-167.2  9.2  1647.6  -92.0  -201.4  48.0
-118.8  14.4  1616.8  245.5  157.5  -35.1
-132.0  30.8  1606.4  151.8  161.6  -92.3
-188.4  32.8  1484.0  144.2  393.0  -34.3
-280.8  54.8  1456.8  173.8  85.7  -87.2
-289.2  92.8  1426.0  295.8  79.1  -201.4
-320.8  140.8  1356.0  244.2  -13.2  -131.7
-380.0  191.2  1352.8  120.8  -58.6  -82.8
-328.0  166.4  1414.0  151.3  2.7  -96.4
-408.8  197.6  1384.8  120.3  -109.9  -94.1
-337.2  198.0  1365.2  98.9  9.2  -63.0
-302.0  185.6  1368.4  -16.8  -41.4  -28.0
-358.8  190.8  1383.6  -45.9  -107.7  -2.2
-322.0  169.2  1449.2  -20.2  -34.3  64.5
-312.0  170.0  1416.8  -13.3  -63.9  28.6
-354.4  202.0  1491.6  -41.4  -46.1  10.1
-253.2  119.6  1484.0  57.0  15.5  34.0
-337.6  144.4  1471.2  17.9  -76.5  -9.2
-305.2  127.6  1444.4  48.8  -29.1  -19.2
-386.8  162.8  1508.4  23.5  -38.7  -7.3
-292.0  102.4  1419.6  43.5  -15.7  -11.8
-353.2  140.4  1433.6  -23.1  -57.7  -14.4
-330.4  131.6  1498.4  23.4  -37.2  -12.6
-334.4  128.4  1485.6  57.2  -27.4  -33.1
-352.8  129.6  1454.8  53.0  -41.7  -53.3
-341.6  120.8  1418.4  39.3  -47.8  -33.1
-379.6  137.2  1444.8  74.3  -15.0  -29.7
-354.4  162.4  1530.0  86.3  -35.7  -21.3
-366.4  162.8  1512.0  210.4  -15.1  -61.3
-412.0  207.2  1353.2  349.7  -99.9  -111.0
-336.0  258.0  1094.8  816.6  -264.5  -240.2
-403.2  328.0  654.0  1284.8  -804.7  -277.0
-770.0  439.2  -212.8  520.8  -935.4  -388.1
-588.8  480.8  1622.0  -2593.7  -391.7  1746.0
603.2  134.4  3110.0  -864.8  321.7  1013.0
94.0  -76.8  2084.0  414.1  409.5  -377.6
80.8  -63.2  1746.4  214.9  -154.0  -205.4
-127.2  7.6  1674.0  83.0  -76.7  -26.5
-146.8  56.4  1494.0  213.2  132.3  7.2
-208.0  100.4  1384.8  -371.5  352.5  102.1
-227.6  111.2  1588.8  -43.5  268.5  26.4
-292.0  127.6  1307.6  -83.6  330.0  -98.9
-382.8  92.4  1437.2  227.5  160.6  -149.1
-373.2  118.4  1283.2  293.7  137.4  -109.9
-400.8  140.4  1325.2  175.5  -104.3  -125.6
-414.4  176.4  1342.8  173.1  -113.4  -56.0
-415.6  165.6  1349.2  98.0  -132.6  -64.7
-429.2  170.4  1375.6  83.2  -85.0  -38.2
-386.0  177.2  1405.2  16.2  -44.3  1.4
-384.4  177.6  1458.8  43.1  -45.0  15.1
-356.8  162.4  1392.8  18.7  -42.9  -14.7
-383.6  154.4  1456.8  26.8  -64.7  12.4
-338.0  146.4  1457.6  28.0  -35.7  7.6
-401.6  159.2  1452.0  10.4  -78.9  -0.2
-326.0  148.0  1464.4  69.6  -41.6  -12.0
-379.6  160.0  1447.2  42.5  -69.7  -18.1
-310.4  159.6  1422.0  60.5  -67.4  -21.2
-460.4  163.6  1458.0  35.1  -58.4  -4.5
-348.4  140.0  1424.8  30.3  -34.8  -8.3
-385.6  154.0  1482.0  23.3  -73.4  -5.6
-313.6  148.4  1475.2  92.8  -48.2  -32.1
-355.6  155.6  1532.4  48.6  -63.2  -45.7
-350.0  165.6  1453.2  183.1  -76.1  -100.8
-346.8  199.6  1456.4  103.4  -125.8  -65.1
-386.0  187.6  1473.2  156.0  -49.7  -118.7
-450.4  240.0  1372.8  272.9  -48.9  -118.3
-428.4  264.4  1256.4  300.7  -68.0  -116.0
-451.2  273.2  1107.2  339.0  -173.0  -49.3
-492.4  330.0  1037.2  907.3  -552.5  -41.2
-699.6  419.2  -131.2  353.0  -800.7  -237.6
-521.6  329.6  2268.0  -2364.2  -154.5  1294.0
197.2  -29.6  2377.6  -300.6  373.3  515.0
264.4  2.4  1894.8  355.3  -115.0  -203.9
-168.4  35.6  1736.4  -7.6  -153.7  -121.4
-163.6  68.8  1792.4  57.9  -124.8  37.1
-144.8  96.4  1646.0  182.6  -45.1  -36.1
-194.0  167.2  1399.2  -90.6  81.7  -41.6
-364.8  129.6  1562.0  -151.0  140.2  35.8
-286.8  164.0  1318.0  123.5  272.9  -69.8
-439.6  142.8  1332.8  -6.1  -14.1  -132.8
-329.2  172.0  1281.2  193.5  102.5  -116.2
-400.4  172.0  1364.4  40.2  -113.8  -71.8
-422.4  156.8  1448.8  111.9  -31.7  -37.3
-349.2  164.4  1399.6  146.8  -3.2  -42.7
-409.6  171.2  1463.2  2.6  -38.2  -3.6
-356.4  168.0  1477.2  142.8  15.8  -34.6
-365.2  194.4  1445.6  181.0  -61.7  -64.9
-359.6  198.8  1408.4  81.5  -67.2  -46.6
-407.2  204.8  1399.2  100.3  -26.7  -32.1
-415.6  230.0  1406.8  99.1  -33.4  -0.4
-389.6  242.0  1428.0  55.4  -25.2  -16.3
-357.6  240.0  1396.8  122.0  -56.2  -37.0
-376.4  211.2  1370.8  10.7  -40.6  10.5
-408.8  220.0  1410.4  -21.3  -79.4  -0.6
-369.2  218.8  1457.6  4.1  -34.0  11.1
-402.4  208.0  1413.2  -15.4  -81.5  10.0
-374.0  200.8  1447.6  -12.6  -53.0  2.5
-368.4  210.4  1458.4  -6.3  -56.7  0.8
-393.6  210.8  1471.6  -14.3  -58.5  -27.7
-371.2  164.8  1516.8  33.0  -16.8  9.7
-384.4  170.0  1476.0  83.6  -41.8  -53.7
-388.8  187.6  1466.4  81.8  -71.9  -54.8
-380.8  187.2  1496.8  143.0  -23.6  -65.5
-386.8  222.8  1532.8  184.4  -15.3  -74.5
-448.8  254.0  1340.8  361.1  -53.6  -168.1
-486.4  319.2  1051.6  596.8  -168.9  -235.5
-545.2  335.6  791.2  1171.1  -554.1  -249.2
-588.0  382.4  -178.4  542.8  -909.9  -207.8
-1121.6  324.4  534.4  -2539.5  -775.3  1415.1
164.8  -480.0  3276.7  -1744.4  359.3  1952.3
558.0  -352.0  2615.6  -54.7  357.2  -216.8
-104.8  -96.8  1914.0  323.6  -301.9  -262.6
-236.0  -46.8  1562.8  124.9  -138.7  -36.1
-172.4  -23.2  1610.4  212.3  6.7  -33.0
-160.4  51.2  1583.2  218.8  46.0  -107.7
-218.0  47.6  1524.4  150.7  233.4  -24.0
-239.2  62.8  1469.2  128.3  201.1  -112.1
-284.0  33.2  1389.2  74.5  204.4  -141.3
-388.4  64.0  1359.2  104.3  204.3  -120.1
-353.2  116.8  1394.0  201.7  70.4  -125.3
-426.0  128.4  1342.8  126.7  -34.4  -131.3
-435.6  154.8  1330.8  201.0  -20.8  -80.0
-403.2  160.4  1322.0  29.4  -11.1  -70.2
-388.8  139.6  1378.4  137.5  -52.8  -55.1
-425.2  170.0  1402.8  122.7  5.2  -46.8
-375.2  166.8  1356.8  53.2  -50.4  -16.5
-417.6  160.4  1412.4  73.5  -33.3  -18.5
-416.8  144.8  1424.4  27.0  -64.4  23.9
-394.4  157.6  1417.2  55.2  -39.2  -1.3
-379.6  146.4  1466.4  23.0  -38.8  5.5
-388.4  163.6  1431.6  73.8  -68.0  -15.6
-415.2  163.6  1469.6  38.6  -76.9  -5.2
-404.4  150.4  1397.6  33.6  -32.3  -0.8
-421.6  168.4  1428.4  26.2  -86.5  -15.0
-447.2  173.2  1418.8  15.8  -54.7  4.3
-386.0  145.2  1430.8  -19.6  -51.0  15.3
-430.0  167.2  1465.2  41.4  -61.9  -4.7
-366.0  139.2  1496.0  27.7  -29.1  3.6
-344.4  127.2  1519.6  55.9  19.5  -50.9
-382.8  156.4  1506.0  72.9  -35.7  -105.1
-411.2  174.0  1554.8  263.4  -28.5  -80.1
-423.6  288.0  1143.6  733.0  -152.5  -259.8
-600.0  352.8  782.8  1492.5  -649.0  -26.4
-517.2  424.4  -78.0  820.7  -830.4  -170.4
-1024.0  388.0  674.0  -2010.6  -91.4  1058.5
280.8  -53.2  3239.6  -1592.1  573.7  948.7
391.2  -223.2  2369.2  -335.4  168.8  -262.7
-276.0  -37.6  2216.0  193.5  -374.8  -228.6
-189.6  29.2  1686.0  263.5  -159.0  -77.0
-225.6  76.0  1559.6  89.7  -129.5  30.1
-268.0  120.4  1411.2  70.8  116.0  -52.0
-326.8  121.6  1355.6  25.2  189.3  -112.0
-320.0  110.0  1412.4  -36.2  86.1  -63.3
-375.6  112.0  1347.2  174.9  -8.3  -191.7
-419.6  150.8  1317.6  127.1  -69.2  -123.8
-372.4  156.4  1339.2  70.8  -70.5  -90.9
-376.4  171.2  1354.4  9.6  -75.8  -62.2
-357.6  150.8  1429.6  -24.7  -61.3  -31.6
-373.2  106.0  1458.8  -7.3  -39.3  -33.7
-389.2  116.0  1367.6  18.5  -42.6  -20.8
-356.4  110.4  1426.4  -62.5  19.8  -48.4
-379.6  80.4  1421.2  71.3  -38.7  -9.7
-402.0  82.0  1416.8  62.8  -83.2  -32.7
-372.0  106.8  1422.8  76.0  -63.0  -30.3
-376.4  87.2  1431.2  -7.5  -40.8  -4.1
-372.4  100.8  1409.2  104.2  -50.0  -3.3
-357.6  97.2  1468.4  1.4  -63.5  6.3
-359.6  109.6  1444.8  70.2  -61.5  -10.4
-380.4  116.8  1428.4  18.2  -57.6  -25.6
-388.4  108.0  1439.6  42.2  -59.4  -50.5
-386.4  111.2  1465.2  27.7  -63.6  -0.7
-353.6  106.8  1438.4  44.2  -64.8  -2.3
-396.0  103.2  1480.0  30.3  -68.1  -14.6
-391.2  123.2  1481.2  71.3  -73.2  -20.3
-342.0  85.6  1474.4  -10.1  -56.3  -6.8
-401.2  121.2  1446.8  88.4  -78.2  -13.4
-366.0  112.0  1440.4  2.1  -58.0  -15.8
-364.8  109.6  1436.0  21.9  -75.9  1.7
-369.2  101.6  1480.0  -4.6  -44.9  -2.3
-323.2  96.8  1521.2  106.9  -41.1  6.7
-330.4  79.2  1445.2  193.7  -78.3  -59.4
-407.6  137.2  1464.0  116.9  -104.5  -118.0
-410.8  118.0  1379.2  72.0  -55.1  -6.4
-356.8  129.2  1424.8  17.2  22.2  8.0
-378.8  150.8  1425.6  12.9  -44.2  6.1
-380.0  156.0  1456.0  -11.8  -21.7  -3.9
-375.6  152.4  1428.0  62.6  -18.7  -21.9
-338.8  125.6  1505.2  142.7  -15.3  -47.7
-413.2  110.0  1496.0  523.1  -59.5  -46.0
-307.2  194.0  1307.2  2355.1  -442.0  140.1
-336.0  436.8  -140.4  2033.9  -884.7  -589.3
-915.6  818.8  -194.4  -2316.7  -1173.9  357.1
-60.4  -164.8  3271.2  -2917.4  380.0  1542.4
269.6  -158.8  2035.2  -506.1  462.7  646.4
84.4  -143.6  1953.2  290.2  92.3  -177.0
-130.4  -118.8  1760.4  314.4  -167.5  -246.3
-178.8  -46.0  1572.4  294.9  -35.3  -77.7
-214.0  52.4  1582.0  182.7  -100.1  -28.1
-246.4  85.2  1572.8  127.5  53.7  -14.3
-283.2  116.8  1452.4  170.7  75.3  -21.0
-229.6  110.0  1506.8  140.7  157.2  -34.2
-324.8  139.6  1424.0  158.0  -58.7  -108.3
-335.6  163.6  1389.2  175.0  27.4  -77.2
-408.4  192.8  1341.2  55.2  -33.1  -17.4
-293.2  176.4  1390.4  104.6  -3.1  -52.7
-372.4  198.8  1328.0  35.0  -46.4  -22.6
-291.2  173.2  1375.2  60.7  -75.8  -10.0
-365.6  202.4  1370.4  -5.8  -67.8  -28.1
-374.0  202.0  1399.2  69.1  -67.2  -16.4
-350.0  187.6  1430.4  -11.4  -38.8  6.7
-367.6  176.0  1423.2  48.4  -69.4  14.6
-350.8  157.2  1470.8  12.8  -27.4  -12.5
-319.6  174.0  1460.0  93.4  -62.0  -22.0
-418.8  189.6  1406.8  19.6  -35.0  -18.9
-298.8  177.6  1479.6  73.2  -3.8  -15.3
-406.4  154.4  1442.4  37.5  -82.3  -3.3
-297.2  168.4  1482.4  68.2  -29.0  -20.7
-394.0  203.2  1439.6  32.6  -89.3  -20.8
-302.4  162.4  1488.4  25.8  -48.8  -10.3
-373.6  180.4  1411.6  34.3  -90.6  -18.1
-347.2  201.6  1456.0  87.1  -15.3  -18.6
-335.2  184.0  1435.6  40.4  -63.9  -21.6
-344.0  189.6  1428.8  57.4  -61.9  -35.1
-354.4  189.2  1457.6  14.1  -58.9  2.0
-375.2  188.8  1435.6  33.3  -60.5  -7.5
-344.0  184.8  1417.6  40.7  -58.5  -7.0
-374.0  181.2  1454.4  63.0  -71.9  -21.3
-354.8  184.4  1456.0  23.8  -59.3  1.1
-340.0  189.6  1453.2  22.5  -83.5  0.0
-361.6  192.8  1468.8  31.1  -55.8  -30.3
-350.4  187.6  1436.0  96.8  -86.4  -37.2
-331.2  200.4  1469.6  49.3  -74.0  -36.1
-369.6  198.0  1413.6  64.3  -80.3  -34.4
-376.4  198.8  1426.0  64.0  -60.7  -32.9
-357.6  196.8  1457.6  27.7  -78.4  -6.0
-322.8  189.6  1473.2  50.2  -58.5  -22.9
-362.8  210.0  1421.6  69.8  -75.5  -45.0
-308.0  198.8  1426.0  13.6  -39.0  -35.1
-354.4  185.6  1492.0  32.6  -70.3  -38.7
-401.6  211.6  1366.8  141.9  -107.2  -86.5
-400.8  254.8  1332.4  208.0  -105.6  -91.1
-326.8  258.8  1106.4  197.4  -216.5  -28.8
-142.0  262.8  1088.8  385.5  -458.9  -223.0
-742.0  471.6  762.8  386.7  -1274.7  -234.4
-685.2  520.4  1138.0  136.4  -1103.3  -66.0
-398.0  243.6  1656.0  -719.4  914.4  1082.6
380.0  -81.2  2150.0  -1178.5  662.6  569.3
488.4  -43.6  2424.0  -590.0  -295.6  19.7
-102.0  -94.0  2250.0  12.3  -48.4  -20.6
44.4  -64.0  1816.0  156.0  -53.8  145.5
-37.6  18.8  1722.0  171.1  -88.9  9.6
-155.6  44.0  1627.6  193.9  367.8  101.1
-78.0  66.4  1380.4  380.4  337.0  -189.4
-339.2  92.4  1232.4  30.1  303.3  -226.0
-364.8  121.2  1235.2  150.8  31.6  -122.5
-322.8  173.2  1282.0  253.1  52.7  -151.1
-391.2  204.4  1266.0  95.5  -187.2  -123.8
-402.8  206.4  1321.6  28.1  -65.2  -0.3
-348.0  179.2  1349.6  41.8  -61.6  31.2
-309.6  174.0  1461.2  -7.6  -55.2  44.6
-268.8  158.0  1448.0  -5.7  -62.5  17.7
-305.2  150.8  1490.8  34.1  -76.5  9.7
-278.8  143.2  1480.8  53.8  -102.4  -6.8
-307.2  134.0  1442.0  88.5  -26.4  -14.3
-269.6  141.2  1491.6  44.2  -49.3  -22.6
-311.2  151.2  1419.2  83.3  -31.1  -16.6
-297.2  163.6  1457.6  -4.7  -90.4  -26.8
-330.8  180.0  1484.8  116.7  -27.1  -3.0
-304.4  156.4  1416.8  -7.9  -93.8  -18.3
-332.4  170.0  1497.6  36.7  -66.1  -6.3
-314.8  163.6  1466.8  78.0  -20.5  -6.1
-318.8  175.6  1451.6  28.7  -63.7  -26.8
-324.4  156.0  1423.2  23.6  -49.0  -3.6
-318.8  157.6  1467.6  17.5  -56.5  2.1
-294.4  154.0  1474.0  38.2  -25.7  -7.1
-273.2  161.2  1539.2  -24.6  -50.7  -51.1
-288.4  218.4  1489.6  139.0  -58.4  -69.0
-309.2  252.0  1404.8  284.8  -98.3  -136.8
-423.6  283.2  1216.8  667.1  -197.2  -368.7
-258.8  180.8  1521.6  2128.9  -794.3  -769.9
-538.8  363.6  -40.0  1965.2  -1166.6  -871.6
-860.0  519.2  74.4  -1541.4  -736.7  526.4
-128.0  -91.6  2472.0  -2971.2  873.3  2003.0
472.8  -78.4  2797.2  -1256.3  221.7  685.1
512.4  40.8  2292.0  567.1  -0.2  -272.5
-124.0  101.6  1442.0  327.9  -77.2  -72.1
-128.8  71.2  1439.2  59.4  -45.0  4.6
-150.0  52.8  1598.4  -130.4  83.9  236.4
-165.6  88.0  1495.2  -153.6  209.4  230.3
-156.0  34.4  1566.0  -368.4  270.9  163.8
-164.0  27.2  1535.6  77.6  54.6  35.9
-219.2  64.4  1424.4  46.0  -60.8  -60.5
-230.8  82.0  1450.0  219.4  -2.5  -109.7
-283.2  122.4  1333.2  70.5  -39.6  -101.0
-270.0  92.0  1417.6  111.8  -40.3  -19.8
-300.4  96.4  1464.8  -8.8  -6.7  4.0
-269.6  106.0  1494.0  166.0  79.1  -74.1
-320.0  118.0  1432.0  157.0  19.5  -117.7
-383.6  162.4  1388.0  166.1  42.0  -106.7
-341.6  136.4  1347.6  77.0  -23.6  -21.5
-332.8  133.2  1414.0  -16.2  -20.8  -8.2
-324.4  120.4  1364.0  75.4  -59.7  0.0
-328.4  136.0  1490.4  -20.6  -80.6  32.3
-291.6  124.0  1456.4  65.2  -46.5  -29.0
-320.4  114.4  1476.4  -3.4  -39.7  -1.9
-280.8  120.4  1446.4  75.6  -47.2  -18.2
-312.8  131.6  1465.2  11.3  -54.2  -16.3
-313.6  128.8  1470.0  60.4  -36.2  -27.1
-318.0  125.2  1489.6  -11.9  -20.3  -11.1
-300.0  99.2  1479.2  127.4  -15.2  -35.2
-315.6  116.8  1532.0  74.5  -51.5  -66.7
-305.6  113.2  1488.4  136.9  -40.9  -100.5
-427.6  210.8  1182.0  254.2  -36.5  -218.8
-508.8  237.6  814.0  316.0  -293.2  -206.4
-597.2  266.4  602.4  891.0  -678.5  -392.5
-517.2  323.2  314.0  310.1  -1041.2  -398.7
-570.4  79.2  2130.4  -1870.0  1886.8  896.7
390.8  -316.8  3271.6  -1886.9  -1688.6  388.9
6.0  -318.4  2030.8  578.4  136.6  -189.8
-423.6  -37.2  1504.8  -94.3  -508.7  228.5
-143.2  -141.6  1750.0  45.3  -87.1  300.1
-211.6  -41.2  1598.0  146.6  155.3  259.8
-202.8  -16.4  1512.4  112.9  -188.0  4.1
-176.0  12.4  1405.6  71.1  200.6  -33.2
-225.6  50.4  1466.0  202.3  23.5  -48.9
-254.4  8.0  1317.6  208.2  0.6  -161.0
-310.8  57.2  1441.6  215.0  -48.8  -37.4
-312.4  96.4  1294.4  253.3  35.9  -139.3
-303.2  95.6  1333.6  186.5  3.2  -29.0
-423.2  154.0  1330.4  114.3  -76.3  -124.2
-281.2  136.8  1414.4  108.4  25.9  -21.4
-436.8  166.8  1383.6  45.5  -94.7  -15.3
-328.0  120.0  1383.2  62.7  25.6  23.0
-279.2  123.2  1512.4  25.5  -92.5  0.0
-286.4  126.8  1505.6  80.7  -14.7  -10.5
-323.6  122.4  1480.4  59.4  -54.8  -35.4
-310.4  155.2  1444.8  120.7  28.4  -30.3
-303.2  139.6  1490.0  -12.7  -82.9  -28.0
-346.0  148.0  1436.4  122.7  -56.0  -49.2
-298.8  157.6  1426.0  26.6  -42.5  -24.0
-350.8  155.2  1344.8  37.0  -98.4  -40.8
-409.6  146.8  1299.2  2.4  -98.8  14.4
-355.2  152.4  1604.4  -76.9  -95.9  43.3
-265.2  136.0  1592.0  64.2  9.3  -3.4
-258.8  110.0  1618.4  102.7  60.1  -35.0
-326.0  140.8  1417.6  178.6  66.8  -89.7
-359.2  150.0  1410.4  11.3  90.0  -99.5
-405.6  188.0  1244.8  416.9  -64.2  -138.1
-456.0  227.2  1257.2  1053.4  -504.7  -402.4
-590.4  157.6  135.6  2340.2  -899.6  -818.0
-838.4  464.0  -156.8  -1050.8  -37.6  -214.2
-227.6  36.4  2708.8  -2471.5  251.4  1046.8
93.6  106.8  2403.2  -945.5  46.4  289.0
262.8  -112.4  2267.6  -14.4  -429.9  -30.0
-234.0  28.0  1969.6  -41.2  -119.9  114.6
-145.6  33.2  1822.8  199.9  -104.0  233.4
-164.0  54.0  1626.4  -67.4  127.2  287.1
-229.2  40.8  1586.0  145.2  188.3  -104.7
-201.2  33.6  1374.8  337.9  248.0  -96.8
-316.0  98.4  1236.0  217.4  50.2  -61.9
-308.4  130.8  1216.0  39.4  43.6  -152.1
-385.2  180.8  1304.0  74.5  -119.5  8.9
-450.4  203.2  1278.0  86.5  -169.3  -103.7
-415.6  204.8  1340.0  134.7  -146.2  -66.7
-397.6  187.2  1314.4  39.2  -52.6  -49.6
-388.4  182.0  1370.4  41.7  -38.8  24.6
-329.6  165.2  1448.4  -24.6  -53.5  52.1
-327.6  155.6  1473.6  37.4  -29.6  30.1
-276.4  146.0  1473.6  54.4  -58.5  5.6
-320.8  143.6  1422.8  -10.2  -72.9  -0.6
-380.0  160.4  1470.4  45.1  -64.9  -20.6
-294.0  126.0  1437.2  82.6  1.0  -19.6
-398.4  165.6  1456.0  21.9  -104.0  -26.9
-344.8  160.8  1411.6  59.8  -33.9  -8.5
-371.2  168.0  1476.8  -5.3  -46.3  -14.7
-275.6  141.2  1486.4  38.5  -35.1  -8.6
-349.2  152.4  1495.2  31.8  -52.8  -24.8
-355.2  151.2  1458.0  107.3  -25.0  -58.5
-336.0  152.8  1509.6  127.1  -64.1  -79.3
-333.6  162.4  1435.2  113.7  -99.3  -68.3
-349.2  193.2  1492.8  217.0  -38.0  -122.3
-355.6  238.4  1368.0  338.6  -116.4  -133.1
-442.8  286.8  1045.2  596.7  -283.9  -250.4
-410.4  267.6  695.6  767.5  -666.7  -164.5
-654.8  434.0  637.6  473.2  -1097.4  -106.6
-438.0  477.2  806.8  -196.5  -1038.4  391.6
281.6  206.4  1325.6  -1277.6  506.9  1160.2
104.8  -284.0  3276.7  -1417.1  1186.4  430.5
447.6  -126.0  2574.4  886.4  705.8  -126.6
-71.2  -34.4  1295.6  383.3  84.3  -166.6
-49.2  -25.2  1441.2  -29.3  50.9  73.8
-189.6  44.0  1681.2  -159.3  155.2  138.6
-126.8  25.6  1739.6  -348.6  477.6  140.1
-41.6  -22.4  1865.6  -162.9  442.4  102.2
-92.8  10.0  1463.6  167.3  264.7  -182.4
-244.4  -14.4  1321.6  404.5  127.6  -246.8
-503.6  104.4  973.2  464.7  -40.4  -273.8
-343.2  114.4  1074.0  176.1  -9.3  -1.8
-498.8  170.4  1213.2  34.5  -135.1  -91.5
-476.4  183.6  1464.4  -57.5  -49.9  48.9
-363.6  148.0  1335.2  125.5  5.4  7.4
-330.8  122.4  1444.4  -43.8  -62.5  50.6
-305.6  138.0  1476.0  137.8  -88.2  -30.1
-357.2  123.2  1459.6  43.8  -66.6  14.0
-336.0  135.2  1520.4  27.8  -105.6  -14.9
-383.2  86.4  1394.0  28.1  -38.6  25.3
-254.8  66.0  1486.4  -23.3  -104.4  14.2
-418.0  82.4  1472.4  11.2  -67.4  -37.7
-284.8  86.0  1451.6  9.8  -36.8  64.0
-325.6  111.2  1454.8  51.0  -93.2  -62.8
-328.4  105.6  1486.0  37.4  -62.3  21.4
-337.6  103.2  1459.6  73.7  -40.7  -28.7
-312.0  126.4  1489.6  59.4  -53.0  -57.4
-350.4  150.8  1366.0  46.5  -86.2  -51.4
-297.2  109.6  1474.8  -133.1  -57.9  7.8
-371.2  140.0  1502.8  -133.9  -55.1  -37.7
-354.0  124.4  1447.6  -26.1  15.7  29.0
-332.8  94.4  1442.8  70.1  -40.2  -9.4
-393.2  92.4  1395.6  42.1  -47.7  -22.4
-371.2  89.2  1453.2  79.4  -70.4  -76.7
-478.8  73.6  1377.6  20.7  0.7  -69.4
-350.4  72.4  1453.6  29.7  -50.9  -30.0
-364.0  32.4  1401.2  17.5  -55.6  -28.8
-343.2  65.2  1498.0  -45.1  -154.8  -28.3
-380.0  48.0  1474.0  23.9  -85.0  -52.2
-304.4  12.0  1512.8  0.2  -94.5  23.7
-336.8  58.8  1443.2  65.9  -156.2  -65.4
-287.6  61.2  1470.8  1.1  -116.0  -3.9
-403.6  42.8  1508.0  75.5  -29.6  7.2
-290.8  80.8  1454.4  89.5  -78.7  -27.6
-327.6  83.6  1445.6  -12.1  -76.4  -40.6
-338.8  100.4  1416.8  -45.4  -71.5  -35.1
-332.8  38.8  1422.8  -137.2  -84.7  -29.9
-349.2  10.0  1473.6  -53.1  -59.5  -42.6
-256.8  -32.4  1462.8  -72.8  -91.0  -70.8
-358.0  24.0  1480.4  48.1  -93.0  -117.9
-308.4  -40.0  1391.6  -88.5  -54.5  -54.4
-316.8  -66.4  1519.2  -17.3  -133.9  -64.7
-304.0  -35.6  1544.4  36.8  3.3  -93.6
-260.4  -46.0  1467.6  70.8  -87.9  -148.5
-315.2  -17.2  1489.2  49.7  -47.5  -147.9
-282.4  -45.6  1416.4  103.4  -27.9  -153.1
-285.6  -40.8  1448.4  89.2  -50.5  -136.2
-333.6  -23.6  1450.4  87.4  -63.0  -129.5
-288.8  -40.8  1441.2  81.6  -39.2  -104.8
-314.4  -22.0  1438.8  -10.3  -46.1  -52.6
-342.0  -47.2  1527.2  92.7  -27.7  -43.9
-265.2  -40.0  1414.8  94.5  -100.9  -43.5
-332.8  13.2  1501.2  12.6  -67.2  -62.0
-328.4  -13.6  1491.6  67.8  -22.5  -55.3
-321.6  -19.6  1518.4  81.0  61.8  -95.8
-258.4  -25.2  1450.4  46.1  11.8  -140.9
-400.0  52.8  1478.8  96.6  75.8  -209.1
-413.6  21.2  1309.6  20.7  -35.7  -192.2
-324.4  -23.6  1448.8  -19.1  255.7  -126.3
-234.8  -71.6  1564.4  160.0  -102.0  124.4
-384.4  -73.2  1456.4  -348.2  151.8  -31.9
-377.2  -29.2  1376.4  -262.5  39.1  -82.5
