-200.4  -318.4  1397.6  402.0  -73.1  -328.0
-211.2  -414.8  1440.4  248.9  14.3  -330.5
-168.4  -257.6  1412.4  161.9  -273.7  -261.4
-248.4  -342.0  1521.6  119.2  -258.8  -128.8
-207.2  -302.0  1476.8  228.3  -177.7  -134.4
-178.8  -310.0  1488.8  147.2  -152.9  -128.9
-136.8  -327.2  1505.2  -113.3  -5.2  -28.0
-126.0  -307.2  1422.0  -226.1  -66.7  40.9
-73.6  -332.4  1448.0  -52.3  -192.5  43.3
-198.4  -360.0  1590.4  61.8  -233.2  70.4
-188.0  -383.2  1546.8  -178.6  165.7  80.4
-174.0  -304.8  1409.2  -24.9  33.6  101.8
-208.4  -383.2  1380.0  93.7  70.3  -99.8
-163.2  -340.4  1432.0  140.2  -102.7  -73.8
-198.4  -347.6  1450.4  109.5  -80.0  -85.7
-179.6  -360.4  1474.4  144.6  -155.8  -55.9
-212.4  -378.8  1460.4  124.7  -18.2  -11.8
-150.4  -238.8  1404.0  238.6  -149.7  -77.0
-151.6  -279.6  1521.6  219.1  -68.9  -68.8
-112.4  -257.2  1504.8  55.2  -37.4  -14.8
-158.4  -282.4  1472.0  -16.5  1.6  45.7
-166.8  -209.6  1419.6  17.7  -66.2  8.2
-166.4  -298.4  1490.0  34.4  -20.8  -55.9
-168.4  -241.6  1493.2  44.4  -16.4  -55.0
-155.2  -346.4  1468.4  7.1  132.3  -111.2
-163.6  -258.8  1440.4  55.8  -11.9  -31.8
-210.8  -322.4  1455.6  -40.3  -48.1  48.7
-247.6  -289.2  1430.8  3.1  -109.5  116.4
-254.8  -262.4  1447.6  0.5  -100.1  121.0
-190.0  -259.6  1420.4  65.1  20.3  20.7
-230.4  -276.4  1456.8  120.8  -109.2  -42.4
-184.0  -263.6  1499.2  20.6  -124.6  21.3
-226.8  -252.4  1492.8  54.8  -57.2  -29.0
-164.0  -270.0  1469.2  -4.1  -1.5  19.2
-198.4  -262.8  1414.4  60.9  -53.2  -39.6
-175.2  -278.0  1497.6  75.8  -81.5  -16.6
-164.4  -298.0  1475.6  36.4  -58.3  -5.2
-190.8  -271.6  1460.8  -8.3  -41.8  21.6
-196.4  -285.2  1430.0  19.1  -40.0  -5.0
-204.4  -266.4  1466.8  89.2  -112.2  -13.5
-183.2  -286.0  1477.2  61.1  -82.5  -19.5
-148.4  -256.4  1529.6  14.9  -81.7  15.8
-196.0  -256.4  1461.2  -12.6  -48.1  33.0
-168.4  -286.8  1506.0  3.1  -103.5  21.7
-189.6  -277.6  1474.4  -5.9  -85.9  7.7
-182.8  -259.2  1477.6  123.7  -205.9  -44.5
-133.6  -265.6  1489.6  71.4  -280.2  -41.8
-136.4  -269.2  1458.8  50.2  -45.4  -60.0
-123.2  -259.6  1492.0  35.7  -29.5  -37.7
-144.0  -246.4  1435.2  22.9  -63.3  -0.7
-165.2  -266.8  1496.8  63.0  -48.8  -38.1
-130.8  -281.6  1461.6  21.5  -48.5  8.2
-146.4  -261.6  1481.2  76.5  -69.7  -41.9
-144.4  -265.2  1471.2  39.3  -66.8  -2.0
-158.8  -265.6  1471.2  64.3  -86.1  -1.2
-134.4  -265.2  1483.2  60.1  -43.4  1.1
-128.4  -250.4  1466.0  41.2  -52.7  14.8
-150.8  -239.2  1470.4  37.3  -63.6  -12.2
-132.0  -251.6  1497.6  32.5  -27.2  -0.4
-114.4  -275.2  1489.6  11.6  -13.8  10.5
-143.6  -238.4  1500.4  -16.3  -2.9  28.8
-164.0  -270.0  1484.0  -13.4  -8.0  28.6
-166.8  -305.6  1502.0  -17.7  -8.3  15.3
-193.2  -293.2  1489.6  -56.3  61.4  61.7
-184.4  -238.8  1407.6  -55.2  82.6  51.5
-207.2  -286.4  1417.6  15.0  32.0  26.1
-241.2  -266.0  1391.6  8.4  -14.5  -9.8
-255.6  -330.0  1446.4  80.5  -73.9  -52.1
-234.0  -294.4  1434.0  48.5  -44.1  -29.3
-220.4  -301.2  1452.8  73.4  -64.3  -30.0
-243.2  -271.2  1461.6  52.7  -53.3  -21.8
-219.2  -268.4  1419.2  101.2  -80.0  -45.7
-204.0  -268.0  1451.6  68.0  -82.8  -30.7
-217.2  -259.6  1456.0  50.3  -99.6  -33.6
-218.0  -277.6  1468.4  91.2  -95.7  -52.3
-193.6  -260.0  1442.8  70.8  -104.3  -28.2
-216.0  -264.0  1488.4  95.5  -82.8  -32.2
-191.6  -254.0  1486.8  29.4  -53.1  3.3
-184.4  -238.4  1459.2  48.1  -75.2  -16.1
-207.2  -262.8  1460.8  57.4  -76.9  -23.8
-202.4  -243.6  1484.0  64.6  -85.3  -14.4
-205.2  -252.8  1471.2  65.7  -59.7  4.2
-183.6  -182.0  1435.6  104.4  -101.9  -33.6
-166.0  -244.4  1498.8  101.9  -99.1  -29.5
-200.8  -241.2  1466.0  111.1  -105.1  -24.2
-182.8  -172.8  1435.6  114.0  -140.6  -25.3
-200.0  -252.8  1433.6  223.4  -149.9  -55.5
-148.8  -209.2  1459.2  92.4  -188.1  -52.3
-96.8  -156.8  1523.6  70.8  -253.0  -31.6
-121.6  -294.4  1627.2  113.2  -281.2  64.1
-14.0  -137.2  1468.0  94.9  -183.2  100.8
-52.8  -211.2  1597.2  37.6  -250.2  109.4
-29.6  -138.0  1487.6  -201.3  -59.2  239.0
-26.8  -174.0  1503.2  73.8  -241.0  89.5
2.0  -168.8  1567.2  -1.7  9.2  69.8
18.0  -191.2  1510.8  115.5  -362.5  210.0
75.6  3.6  1630.8  164.1  249.8  -273.5
37.6  -90.4  1485.2  -197.7  -7.0  64.6
-94.0  -86.8  1486.8  -186.3  45.6  -122.8
-125.6  -183.2  1458.0  -107.6  25.7  -151.7
-165.2  -354.8  1497.2  -151.3  116.1  -61.1
-75.2  -215.6  1395.6  20.4  76.7  -89.1
-85.6  -276.8  1515.6  -7.2  -13.0  -63.4
-120.0  -274.0  1434.4  -52.0  -37.8  24.5
-94.0  -262.0  1471.6  33.8  -31.8  -94.6
-106.0  -262.8  1510.0  17.5  -45.4  -91.2
-116.0  -240.8  1423.2  -4.3  -94.0  -99.0
-137.6  -260.0  1545.2  19.3  -82.7  -82.4
-125.6  -291.2  1505.2  -68.8  20.5  -35.0
-104.0  -293.6  1482.0  -31.2  -1.1  -26.2
-157.6  -307.6  1452.4  -41.9  -24.6  24.3
-142.0  -304.0  1443.2  21.6  -16.1  -19.2
-135.2  -321.6  1467.6  35.7  -40.9  -21.2
-107.2  -320.0  1472.4  26.7  -68.6  5.2
-138.4  -289.6  1434.0  13.5  -68.5  14.4
-172.4  -309.6  1443.6  38.9  -102.6  30.2
-133.6  -350.0  1443.6  78.2  -113.3  13.3
-112.0  -271.2  1473.2  144.9  -180.3  2.2
-148.8  -305.6  1503.6  128.2  -137.8  60.4
-114.0  -218.4  1581.6  139.3  -59.2  120.8
-146.4  -309.6  1486.8  -54.9  -28.0  323.6
-178.4  -261.2  1430.0  -71.2  -16.4  343.9
-131.6  -229.2  1454.4  13.6  -33.8  218.6
-160.8  -228.8  1519.6  -40.9  -65.8  249.9
-152.0  -200.4  1419.2  -187.7  -29.3  295.2
-189.2  -250.8  1353.6  -134.5  -77.5  181.7
-169.2  -282.4  1449.6  128.6  -166.2  -93.5
-78.0  -303.6  1467.2  184.0  -95.9  -227.6
-4.0  -237.6  1550.4  288.0  -213.2  -294.3
12.8  -282.8  1614.8  150.3  -73.7  -279.2
-49.6  -230.8  1502.8  -87.9  -140.7  -146.6
-70.0  -276.0  1469.2  -55.6  -22.8  -229.0
-94.8  -332.0  1466.8  -0.3  -86.1  -191.0
-59.2  -350.0  1524.0  106.7  -56.6  -229.1
-22.8  -258.0  1496.0  54.3  -29.6  -205.5
-65.6  -357.6  1560.0  6.7  -111.1  -78.0
-86.8  -350.4  1494.8  -119.0  50.4  32.0
-112.4  -280.8  1330.8  -32.3  -80.6  11.2
-144.8  -275.6  1465.2  112.6  -79.6  -51.3
-73.2  -324.4  1517.2  67.5  11.4  -1.2
-49.6  -317.6  1463.6  11.6  -18.5  1.0
-95.2  -317.6  1460.4  -24.7  -56.4  53.5
-115.2  -337.2  1418.0  74.0  -93.1  1.2
-87.2  -335.6  1464.8  124.4  -97.7  -8.7
-71.6  -268.8  1492.8  133.5  -125.5  -15.2
-76.8  -274.4  1526.8  59.5  -97.6  17.9
-68.8  -251.6  1522.4  45.8  -34.1  -3.5
-60.8  -272.0  1512.8  -48.4  2.5  33.6
-90.0  -292.0  1471.2  -78.0  48.8  30.0
-122.0  -301.2  1446.8  -61.5  25.0  11.8
-114.0  -326.0  1433.6  -8.9  4.8  -17.8
-78.8  -338.4  1484.4  0.2  0.2  -30.4
-115.6  -326.0  1471.6  -14.6  -6.9  -14.1
-134.0  -343.2  1472.0  -52.6  -8.5  10.1
-157.6  -348.0  1424.8  -39.1  -16.4  12.3
-148.0  -360.8  1445.2  18.4  -18.9  -19.5
-123.6  -381.6  1447.2  -9.7  -21.0  2.0
-160.8  -360.0  1445.2  4.8  -62.0  15.2
-160.0  -355.2  1442.0  29.6  -35.9  -9.0
-120.8  -377.2  1437.2  62.0  -60.1  -36.5
-159.6  -398.0  1442.4  33.6  -83.4  9.7
-164.8  -338.8  1448.0  45.9  -52.1  24.9
-137.6  -350.4  1451.6  44.1  -53.1  -20.4
-144.8  -378.4  1475.2  33.5  -73.0  -12.9
-176.8  -374.8  1444.0  10.7  -50.1  21.2
-136.8  -346.4  1453.2  65.1  -62.2  -27.6
-147.6  -364.8  1498.8  42.9  -59.1  -9.0
-168.8  -373.2  1460.4  11.2  -56.6  9.8
-144.8  -354.8  1447.2  38.7  -26.0  -2.4
-148.8  -373.2  1448.4  33.5  -54.8  -7.5
-145.2  -364.4  1456.0  46.2  -66.9  -3.7
-165.6  -376.8  1461.6  23.4  -42.9  -25.5
-128.0  -383.2  1473.6  16.5  -39.4  6.2
-147.6  -363.2  1436.0  -35.2  -22.1  27.7
-160.4  -394.4  1528.4  -65.0  42.3  14.4
-186.0  -382.0  1481.6  -145.4  111.1  67.6
-213.2  -389.6  1446.0  -134.6  72.6  59.0
-224.0  -422.8  1387.2  -133.4  61.8  51.2
-234.0  -431.2  1381.6  -77.7  51.6  44.5
-275.6  -463.2  1406.4  -46.8  11.4  29.2
-271.2  -464.8  1392.4  -59.5  28.5  21.9
-278.0  -470.4  1397.6  3.9  -58.4  6.1
-283.6  -488.4  1411.2  23.0  -32.1  -6.6
-271.2  -472.0  1413.2  28.9  -54.5  -4.0
-264.8  -464.0  1398.8  36.5  -67.9  -5.8
-273.6  -473.2  1416.8  15.6  -42.1  -0.3
-281.6  -472.4  1395.6  -15.8  -39.0  16.5
-305.2  -491.2  1398.0  16.1  -59.9  -1.3
-286.0  -493.6  1394.8  23.3  -49.8  -4.4
-284.4  -490.4  1393.2  22.5  -61.1  2.8
-279.6  -482.0  1394.0  29.9  -66.4  1.4
-256.8  -503.6  1399.2  12.5  -57.1  -0.9
-292.0  -499.2  1385.2  -7.2  -31.6  8.1
-295.6  -505.2  1402.0  -24.7  -47.2  17.7
-300.4  -488.4  1393.6  -32.6  -28.5  16.1
-298.0  -536.8  1425.6  -47.1  -27.3  27.7
-300.0  -514.4  1390.0  -81.0  -29.3  40.2
-305.6  -518.4  1360.8  -92.6  1.5  47.6
-325.6  -551.2  1346.4  -52.6  -6.4  21.2
-346.8  -572.8  1370.4  -68.4  -20.1  29.6
-336.4  -568.0  1400.0  -62.6  -29.3  50.4
-340.4  -582.8  1360.0  -179.0  29.6  71.7
-362.4  -624.0  1316.4  -146.8  12.9  43.5
-396.0  -669.2  1293.2  -190.3  -53.7  76.6
-366.4  -666.0  1148.0  -260.6  -51.5  34.4
-303.2  -762.0  925.6  17.3  -436.0  -96.7
-507.6  -512.8  549.2  725.8  -1541.3  -217.3
-188.4  -488.4  1092.8  2129.4  -1536.0  -850.7
243.2  338.0  1726.8  2197.0  -1663.9  -1066.3
497.6  40.4  2453.6  1297.2  -588.7  -369.6
791.2  180.4  2033.6  -187.3  429.2  -148.2
562.4  117.2  1830.0  -744.5  410.4  339.3
222.8  62.4  1685.2  -1343.3  816.2  473.7
32.4  -168.8  1336.0  -1066.7  950.8  406.6
-142.4  -370.4  1137.2  -734.5  619.8  206.8
-194.4  -483.6  1236.0  -262.4  518.6  -106.8
-193.6  -451.6  1225.6  -16.3  120.6  -102.5
-301.6  -515.2  1331.2  -114.4  52.8  -159.4
-279.6  -529.2  1402.4  -57.8  70.6  -48.8
-220.8  -601.6  1379.2  -34.2  84.6  -37.2
-236.8  -631.2  1376.4  -82.0  12.3  35.1
-262.8  -580.0  1364.0  -39.0  -26.2  52.1
-304.8  -541.2  1353.2  -38.4  -113.5  133.5
-275.6  -517.6  1374.8  -60.2  -4.9  160.4
-251.2  -544.4  1342.0  26.3  -108.9  65.7
-292.4  -556.0  1375.2  113.5  -121.8  34.4
-276.8  -550.8  1393.2  137.7  -88.3  30.1
-243.6  -554.0  1418.4  106.7  -58.6  55.0
-266.0  -535.2  1404.8  -19.7  -61.1  75.0
-244.0  -526.4  1390.4  48.7  -66.8  40.4
-275.6  -515.6  1404.0  98.2  -89.0  15.0
-278.8  -515.6  1429.6  63.6  -65.7  22.8
-267.6  -526.4  1412.0  41.7  -53.4  23.8
-304.8  -494.4  1360.0  19.1  -60.4  17.4
-290.0  -536.8  1384.8  70.2  -65.5  -18.5
-274.0  -527.2  1398.4  59.1  -78.7  -13.9
-281.6  -542.0  1384.8  59.5  -74.6  10.1
-260.8  -493.2  1390.4  55.7  -52.3  1.6
-249.2  -494.8  1413.2  67.1  -77.4  14.6
-282.4  -490.8  1397.6  -25.2  -48.0  12.4
-272.8  -494.8  1364.8  58.4  -65.2  -12.7
-258.8  -508.8  1390.4  60.2  -63.5  2.4
-276.0  -485.2  1393.2  77.3  -52.3  -12.9
-265.2  -476.0  1408.8  23.3  -53.0  -2.3
-274.0  -464.8  1414.4  41.3  -55.3  -4.2
-287.2  -473.6  1376.4  23.9  -55.8  -3.3
-278.8  -494.4  1380.0  45.3  -63.5  -19.7
-256.4  -490.4  1393.6  65.1  -76.3  -29.4
-268.4  -490.0  1421.2  41.2  -64.7  -11.0
-258.8  -473.6  1415.6  38.1  -42.5  -5.0
-259.6  -477.6  1416.8  -19.6  -38.7  -4.7
-268.4  -481.2  1365.2  17.7  -32.3  -15.0
-292.4  -498.8  1364.0  40.7  -69.4  -16.7
-262.8  -536.4  1397.2  68.5  -68.8  -17.6
-278.4  -496.8  1428.0  82.6  -58.8  -22.5
-242.4  -482.0  1426.0  9.7  -48.1  0.6
-279.6  -484.8  1395.6  14.7  -56.6  5.8
-275.6  -486.0  1383.2  9.5  -55.5  -1.2
-286.8  -498.8  1362.0  35.3  -71.6  -13.2
-279.6  -487.6  1390.4  32.2  -49.0  -4.5
-285.6  -500.8  1400.4  64.4  -74.5  -21.6
-263.2  -500.4  1393.2  42.3  -69.7  -10.1
-282.8  -481.2  1415.2  26.3  -50.5  -1.9
-260.0  -485.6  1392.8  7.0  -41.3  -16.3
-287.2  -479.6  1373.6  26.6  -71.7  -26.8
-256.8  -497.2  1385.2  38.1  -47.2  -21.9
-274.8  -497.2  1385.2  46.6  -68.9  -19.8
-276.4  -493.2  1420.4  55.5  -75.8  -30.0
-268.4  -494.0  1400.0  36.3  -62.7  -25.8
-288.8  -529.2  1387.2  43.3  -64.2  -16.4
-276.8  -503.6  1387.2  70.0  -73.3  -28.7
-261.6  -502.8  1390.8  82.6  -84.9  -50.6
-261.6  -467.6  1396.8  113.8  -75.6  -39.3
-307.6  -446.8  1454.8  56.3  -38.9  -30.4
-234.8  -456.0  1450.0  -64.2  8.9  -19.0
-251.2  -530.8  1452.0  -71.5  -29.9  -13.7
-290.8  -558.4  1400.8  -72.8  17.0  0.0
-293.2  -587.2  1366.8  -100.9  69.0  102.1
-290.8  -560.8  1328.0  -12.3  7.7  69.9
-319.6  -560.8  1387.6  54.6  -24.6  52.7
-338.4  -511.6  1398.4  34.3  2.0  61.3
-329.6  -505.6  1407.2  -8.8  17.7  67.7
-339.6  -491.2  1385.6  -42.7  40.9  111.3
-346.0  -500.8  1380.4  -114.5  65.7  105.2
-386.0  -502.8  1308.8  -133.9  52.6  107.7
-432.4  -546.0  1317.2  -101.3  54.8  82.6
-441.6  -596.8  1252.4  -99.2  -7.5  68.2
-453.2  -616.0  1257.6  -12.2  -41.2  16.4
-430.8  -597.2  1326.4  36.2  -49.7  10.7
-416.4  -592.4  1387.2  -15.4  -19.4  31.1
-464.0  -612.4  1390.4  -121.7  49.7  76.1
-474.4  -617.6  1332.0  -132.8  82.8  32.9
-462.0  -659.6  1259.2  -254.0  -26.8  -22.5
-502.0  -650.8  958.4  -308.3  -117.9  -19.0
-460.8  -637.2  430.0  365.6  -742.3  -16.1
-560.8  10.4  -386.8  2373.9  -2945.6  -1096.0
-21.6  12.8  2699.6  3079.2  -579.8  -1182.6
366.4  -152.8  2460.4  411.5  223.9  -194.3
378.8  -76.4  1858.8  -198.3  -93.4  -19.0
228.0  -17.6  1824.0  -373.8  182.7  282.7
-47.2  -54.0  1699.6  -717.4  365.1  281.4
-130.4  -122.8  1485.2  -767.9  531.4  287.0
-170.4  -240.4  1369.2  -676.8  484.7  208.9
-242.8  -354.4  1367.6  -510.8  360.8  155.5
-326.4  -401.2  1336.8  -366.2  310.1  61.6
-337.2  -460.0  1319.2  -69.3  288.0  18.8
-369.2  -490.8  1338.0  -16.9  110.0  36.5
-424.8  -483.6  1328.4  -82.6  123.5  -14.0
-444.8  -492.8  1289.6  -106.6  147.4  38.5
-441.2  -496.8  1318.0  -68.3  43.6  29.7
-474.0  -516.8  1333.6  -92.4  51.9  16.9
-481.6  -516.8  1303.2  -56.4  -11.4  26.8
-489.2  -528.8  1300.4  -19.7  29.0  10.7
-490.4  -538.4  1288.4  -22.5  1.4  27.2
-489.2  -545.2  1265.2  2.7  -33.9  17.9
-499.2  -562.0  1284.0  32.6  -47.1  -22.5
-490.4  -550.8  1302.0  37.8  -62.3  -3.6
-494.4  -560.4  1349.6  55.5  -60.3  -17.5
-477.6  -545.2  1348.8  30.5  -48.0  4.4
-501.6  -539.6  1313.2  20.1  -28.7  4.2
-485.2  -550.0  1296.4  26.0  -33.6  2.5
-504.0  -542.8  1318.4  3.8  -55.2  19.1
-507.6  -554.0  1296.8  -2.9  -30.1  -3.2
-492.8  -556.8  1306.0  -18.6  -42.0  24.7
-526.4  -570.8  1311.6  -45.0  -15.7  1.0
-529.2  -650.0  1254.4  -206.4  -70.8  -3.3
-358.0  -654.8  875.2  -479.5  -357.3  -58.0
-382.4  -488.0  107.2  363.1  -1325.1  11.9
-406.0  79.2  819.6  3068.0  -2282.3  -1029.6
-277.6  -230.8  2994.0  1254.0  2143.1  -109.8
-33.6  -124.0  1636.0  -156.9  -517.2  100.9
-63.6  -198.8  1839.6  -278.7  279.7  -30.6
-259.6  -133.2  1552.4  -448.9  -150.0  48.1
-282.0  -111.6  1469.2  -230.3  257.0  -37.4
-302.0  -218.8  1504.0  -205.9  0.0  -88.0
-392.4  -288.4  1473.6  -278.2  191.5  -58.6
-346.0  -332.0  1407.2  -167.9  244.2  -55.4
-377.2  -362.4  1409.6  -200.8  180.8  -50.1
-408.4  -392.8  1374.8  -276.3  184.4  7.0
-466.4  -433.2  1290.0  -181.4  131.6  15.3
-489.6  -475.2  1329.6  -197.0  179.5  42.1
-519.2  -475.2  1293.2  -112.8  64.8  57.4
-535.2  -503.2  1285.6  -73.8  51.1  43.8
-557.2  -489.6  1264.4  -3.9  -30.9  35.8
-599.6  -495.2  1440.4  -79.0  -38.4  4.8
-562.0  -515.6  1230.0  -84.4  -18.0  39.6
-588.0  -494.8  1188.8  -10.6  -53.3  11.4
-566.8  -534.8  1224.8  46.7  -54.9  -3.1
-572.4  -509.6  1279.2  81.5  -82.6  -76.5
-525.6  -518.0  1314.4  86.9  -72.6  -37.4
-537.2  -518.0  1339.2  33.4  -67.5  -16.0
-547.6  -534.8  1320.4  36.6  -88.1  -17.1
-562.4  -536.8  1322.8  15.9  -48.8  3.9
-534.8  -533.2  1305.2  42.1  -75.3  -7.1
-547.6  -486.8  1288.4  34.6  -69.0  3.8
-533.6  -510.0  1284.8  65.4  -67.5  -25.0
-512.4  -500.4  1317.2  60.3  -111.5  -23.2
-534.8  -496.0  1284.8  42.7  -55.5  -4.0
-517.2  -486.0  1323.2  34.0  -71.9  -3.2
-512.8  -507.6  1307.2  15.1  -92.9  4.4
-535.2  -499.6  1321.2  52.0  -67.7  -29.6
-542.4  -493.2  1307.2  75.3  -71.4  -22.4
-492.8  -489.2  1345.2  55.5  -73.7  -28.8
-526.0  -471.2  1354.4  42.6  -73.2  -13.6
-518.4  -508.0  1317.6  33.6  -53.3  -0.7
-558.4  -486.8  1313.2  44.1  -56.2  -4.0
-506.4  -486.8  1306.4  44.0  -56.0  -9.2
-534.0  -488.4  1308.0  45.9  -54.4  -6.6
-524.4  -504.8  1313.2  43.5  -65.2  -20.4
-532.0  -500.0  1334.8  52.2  -62.8  -9.0
-512.8  -497.6  1310.4  40.6  -64.2  4.3
-535.2  -482.8  1324.4  31.3  -59.7  4.3
-520.0  -469.6  1309.6  44.1  -50.4  -9.6
-516.4  -497.2  1331.2  67.4  -82.2  -26.2
-526.0  -483.6  1362.8  19.2  -51.1  -2.4
-512.8  -480.0  1304.4  23.0  -60.3  3.1
-530.8  -492.4  1347.6  14.7  -65.5  0.6
-536.0  -488.8  1309.2  10.3  -25.2  5.7
-525.2  -488.0  1304.4  53.7  -68.9  -31.9
-528.0  -505.6  1309.6  32.8  -63.5  -9.9
-521.6  -529.6  1328.8  7.1  -38.7  7.0
-533.6  -504.4  1325.2  37.3  -64.7  10.5
-546.4  -465.2  1310.0  23.9  -39.5  24.8
-521.6  -478.4  1304.0  13.6  -50.6  -7.4
-555.6  -489.2  1333.2  76.5  -87.3  -17.1
-532.4  -499.6  1322.8  19.7  -41.4  -8.4
-531.6  -510.8  1324.4  17.3  -62.0  -1.1
-520.8  -509.6  1309.2  15.8  -46.9  2.6
-539.2  -501.2  1292.4  21.8  -73.4  18.7
-540.0  -498.4  1294.8  -10.3  -42.8  -6.2
-554.0  -505.2  1286.4  23.8  -81.3  2.8
-543.6  -509.2  1275.6  36.5  -59.7  -14.9
-546.8  -504.4  1273.6  56.1  -78.6  -22.8
-545.2  -518.8  1337.6  71.9  -74.1  -22.2
-529.2  -500.8  1335.2  27.8  -63.8  -4.2
-536.0  -517.2  1347.6  -7.7  -41.6  6.3
-561.2  -497.6  1282.4  -25.5  -51.0  8.0
-521.2  -516.8  1322.4  -4.0  -50.6  3.7
-562.8  -513.2  1290.0  21.9  -62.1  8.8
-549.2  -537.6  1305.2  20.8  -46.4  6.0
-535.2  -517.2  1323.6  22.0  -41.3  2.6
-521.2  -527.2  1306.0  -14.1  -38.5  -8.9
-533.6  -534.4  1338.4  -41.0  -32.8  13.1
-530.0  -550.0  1306.0  -111.6  8.7  35.8
-545.6  -562.8  1330.0  -146.4  -56.7  72.4
-540.8  -563.2  1288.4  -173.3  -76.1  67.4
-585.2  -573.6  1199.6  -111.2  -262.1  28.4
-561.6  -614.4  1154.8  -121.8  -192.2  7.8
-542.8  -644.4  932.0  -66.7  -416.1  -58.7
-647.2  -606.8  216.8  661.3  -1338.7  -64.6
-210.0  106.8  576.8  2677.9  -1499.7  -1108.9
-121.2  37.2  2712.4  2143.3  312.4  -651.4
4.8  54.4  2354.0  178.0  -17.9  236.4
126.0  120.0  1909.2  -755.7  310.3  15.1
-162.8  9.2  1604.0  -840.0  135.9  220.7
-272.8  -68.8  1441.6  -741.9  428.4  158.7
-265.6  -232.0  1367.6  -625.7  295.5  73.7
-356.0  -340.4  1387.6  -430.4  150.5  54.2
-395.2  -387.2  1409.6  -175.6  185.0  45.2
-426.0  -405.6  1390.0  -261.5  205.9  31.6
-427.2  -423.2  1363.2  -254.2  292.6  37.2
-456.8  -434.8  1277.6  -225.8  144.8  83.3
-497.6  -483.6  1282.4  -69.8  149.2  48.7
-528.8  -504.0  1262.8  -92.0  158.1  38.7
-561.6  -515.2  1242.4  -71.7  16.9  82.1
-594.8  -533.2  1200.8  -72.5  10.6  48.9
-585.2  -518.4  1213.6  -4.4  -7.8  15.8
-573.6  -525.6  1263.6  42.6  -46.9  -24.9
-593.2  -492.0  1287.6  32.8  -72.8  -21.1
-582.8  -525.2  1279.2  33.0  -37.4  -7.8
-545.6  -508.8  1335.2  47.0  -86.8  -18.6
-583.2  -523.6  1286.8  18.2  -34.4  6.3
-577.2  -513.6  1312.0  28.9  -39.9  9.6
-570.0  -526.4  1298.0  -17.0  -29.7  37.4
-588.8  -510.4  1269.2  0.7  -31.0  10.9
-603.2  -529.6  1302.4  28.5  -47.9  -4.5
-596.0  -524.4  1268.0  36.0  -54.3  1.5
-607.2  -522.4  1313.6  33.0  -95.3  6.4
-577.6  -522.0  1263.2  -16.9  -5.4  23.8
-577.6  -530.4  1228.0  -18.5  -41.3  0.9
-632.8  -534.0  1240.8  41.2  -99.9  -18.0
-616.0  -531.2  1259.2  56.8  -59.6  -14.9
-568.8  -514.0  1282.0  83.3  -149.9  -24.6
-586.8  -517.6  1276.8  59.9  -61.3  -28.7
-542.4  -565.2  1282.0  62.3  -88.7  -76.8
-584.4  -558.4  1329.2  15.0  -66.2  0.7
-575.2  -539.2  1276.8  -7.6  -12.6  28.8
-600.8  -514.8  1302.0  34.0  -58.3  18.5
-602.0  -490.8  1248.8  24.3  -24.9  9.0
-600.4  -518.0  1274.4  50.5  -83.3  -28.9
-590.4  -522.4  1298.0  24.7  -49.6  -13.7
-600.8  -550.4  1254.4  52.5  -79.4  -17.7
-620.0  -531.6  1297.2  55.5  -68.6  7.1
-581.6  -517.6  1264.0  61.4  -56.3  -16.2
-587.2  -522.8  1289.2  73.3  -76.1  -27.5
-588.4  -522.4  1304.4  59.5  -52.6  -13.1
-574.4  -514.0  1320.0  34.4  -52.5  -0.2
-574.8  -518.4  1287.6  -17.9  -40.6  18.2
-601.2  -528.8  1260.4  5.7  -72.4  0.9
-605.2  -517.6  1246.4  34.2  -81.0  -13.2
-594.0  -537.2  1274.8  62.5  -74.2  -21.8
-589.6  -510.8  1268.4  80.6  -121.8  -38.9
-576.0  -524.0  1307.2  25.7  -127.0  -11.4
-565.6  -514.4  1290.0  71.3  -89.2  -27.5
-557.2  -511.6  1337.6  31.7  -52.6  -6.8
-563.2  -523.6  1319.2  -11.6  -55.6  4.0
-570.8  -525.6  1319.6  -40.2  -22.5  15.6
-575.2  -530.8  1243.2  -25.7  -52.4  21.4
-598.4  -538.4  1251.2  50.2  -90.8  -13.1
-594.4  -535.6  1258.4  67.2  -73.1  -15.8
-571.2  -560.4  1309.2  44.4  -54.5  -6.2
-578.4  -522.0  1299.6  11.7  -57.8  5.9
-567.2  -558.8  1283.6  15.8  -48.6  -3.2
-593.6  -527.6  1289.2  48.7  -85.0  2.9
-578.8  -529.2  1287.6  -1.8  -31.8  26.8
-608.8  -496.8  1242.8  -1.0  -43.6  14.3
-550.8  -536.8  1206.4  28.0  -122.7  -76.5
-597.6  -557.2  1309.6  86.7  -187.3  -22.6
-570.8  -573.6  1352.4  55.5  -34.0  7.1
-541.6  -504.4  1330.4  19.6  -42.8  40.2
-564.0  -537.2  1276.8  12.5  -34.9  14.1
-574.4  -532.0  1260.4  20.7  -66.4  -4.7
-580.4  -531.2  1304.0  19.9  -26.9  -2.1
-539.2  -556.4  1314.4  -3.1  -33.4  8.2
-567.6  -572.4  1309.6  -92.0  37.0  42.1
-560.4  -577.6  1264.4  -272.6  63.3  105.8
-793.6  -531.2  983.2  66.5  -370.5  106.7
-648.4  -775.2  238.8  -582.5  -1135.2  273.7
-589.6  -152.8  -182.0  1758.1  -1938.8  -855.0
-324.4  -76.8  2610.4  3276.7  -188.8  -883.2
-177.6  -569.2  2597.6  1499.7  674.2  222.1
121.6  32.8  2098.0  -516.9  -192.5  -172.3
-244.0  -98.4  1622.4  -797.1  141.0  218.3
-349.2  -142.0  1486.4  -635.6  217.8  142.9
-390.8  -218.8  1314.8  -484.2  347.4  97.4
-415.6  -290.8  1248.0  -195.0  115.4  -41.6
-470.0  -383.6  1290.8  -65.0  130.0  -64.0
-472.0  -416.4  1343.6  -84.5  149.2  -31.0
-488.4  -424.0  1319.2  -97.9  41.9  24.5
-517.6  -458.8  1297.2  -82.4  44.7  22.2
-527.2  -442.0  1309.6  -91.4  24.3  33.1
-527.2  -446.0  1328.0  -64.3  -15.6  50.6
-536.4  -440.0  1262.8  -82.5  1.7  41.6
-537.2  -448.8  1260.8  2.4  -34.4  4.7
-552.4  -429.6  1258.4  107.0  -52.3  -28.9
-542.4  -457.2  1310.8  95.6  -54.6  -23.9
-525.2  -443.2  1319.6  67.8  -72.4  -35.7
-544.8  -444.4  1356.4  54.7  -58.9  -22.1
-518.0  -410.0  1344.4  53.4  -58.3  -8.2
-524.8  -423.6  1364.4  33.2  -63.8  9.5
-531.2  -430.0  1316.8  7.5  -30.9  5.5
-543.6  -428.0  1317.2  26.7  -50.8  -2.2
-558.4  -428.4  1297.2  31.7  -75.0  3.2
-556.4  -412.8  1304.4  76.4  -64.2  -27.7
-524.8  -421.6  1378.8  84.0  -69.5  -34.4
-530.8  -438.8  1378.8  28.8  -70.2  -2.9
-541.2  -428.4  1355.6  20.1  -56.4  4.5
-535.2  -429.2  1332.0  15.5  -42.4  4.0
-527.2  -419.2  1283.2  -25.1  -34.5  7.9
-533.2  -437.6  1318.8  23.5  -76.6  -9.0
-557.6  -438.8  1341.2  29.0  -52.9  1.0
-535.6  -434.4  1341.2  33.0  -37.4  4.2
-534.0  -432.8  1335.2  20.2  -48.4  2.4
-558.4  -410.4  1286.0  16.2  -56.5  -4.5
-556.8  -454.0  1302.0  25.6  -55.1  -2.4
-542.4  -450.4  1328.0  88.1  -74.6  -37.5
-542.0  -442.4  1382.4  91.2  -83.5  -6.8
-530.8  -433.2  1367.6  33.9  -15.5  34.9
-559.2  -389.2  1309.6  35.7  -46.8  9.7
-553.6  -423.6  1314.0  47.8  -34.7  8.4
-556.4  -424.8  1354.4  44.1  -57.7  12.3
-541.6  -430.0  1311.2  41.4  -44.1  9.1
-590.4  -429.2  1320.8  39.0  -37.8  9.2
-552.8  -414.8  1310.8  31.3  -59.6  3.9
-570.4  -418.4  1338.8  37.2  -41.6  5.9
-534.8  -421.6  1347.2  5.2  -43.5  14.0
-564.4  -420.4  1345.6  -6.6  -56.0  28.3
-564.0  -438.0  1330.4  3.9  -40.2  29.0
-537.6  -429.2  1351.2  -25.6  0.8  13.7
-570.8  -457.2  1411.6  -87.5  16.1  74.7
-542.4  -474.0  1375.6  -255.0  -94.7  44.0
-536.8  -526.0  957.6  -340.2  -118.7  146.9
-711.6  -486.4  -517.6  168.0  -1544.1  43.3
-696.0  317.2  1546.8  3276.7  -1405.3  -1299.9
-245.2  -129.2  2598.4  939.6  585.4  -474.0
36.8  -20.8  1988.4  4.4  -652.1  14.8
-10.8  -24.4  2070.0  -462.8  3.7  268.0
-234.0  -133.2  1613.2  -914.0  -103.9  241.9
-285.6  -150.0  1454.8  -412.5  252.4  120.1
-300.0  -187.6  1422.4  -150.9  152.4  12.2
-362.8  -246.4  1401.6  -33.3  351.6  -58.4
-372.0  -256.8  1357.6  -70.8  229.8  -49.6
-430.8  -293.6  1349.6  -7.9  304.5  -65.2
-430.8  -337.6  1402.8  -163.8  184.2  8.5
-487.6  -317.6  1372.0  -136.1  103.2  24.1
-479.6  -307.6  1376.4  -152.3  77.0  53.1
-532.8  -347.6  1354.4  -158.0  61.8  80.1
-551.6  -373.2  1337.6  -95.6  40.3  57.2
-548.0  -390.4  1305.6  -144.8  109.9  41.6
-560.8  -408.0  1298.8  -64.9  24.8  59.5
-599.2  -445.6  1244.4  -41.6  -41.1  43.5
-600.8  -394.0  1272.8  -5.1  -20.2  19.8
-572.4  -419.2  1260.4  35.9  -28.4  -11.7
-568.0  -409.2  1296.0  85.1  -45.8  -6.5
-582.4  -399.2  1310.8  38.6  -77.6  -11.2
-564.0  -395.2  1325.2  35.5  -34.7  -22.1
-587.6  -406.4  1330.0  60.2  -68.2  -30.7
-585.2  -413.6  1353.2  35.7  -59.5  1.7
-611.6  -402.0  1321.2  -6.7  -19.5  13.7
-583.2  -397.6  1296.4  -7.0  -60.3  3.7
-568.4  -411.6  1303.6  30.7  -66.9  0.9
-576.0  -412.0  1319.6  27.6  -72.0  -12.5
-612.8  -422.8  1324.0  11.3  -41.5  5.5
-568.8  -428.0  1318.0  4.7  -75.6  17.0
-592.0  -422.8  1312.0  23.9  -35.5  9.5
-575.2  -418.0  1326.8  24.1  -63.5  14.6
-588.8  -429.6  1294.8  13.2  -53.6  26.2
-591.2  -420.4  1318.8  53.4  -79.8  3.7
-581.6  -417.6  1319.2  35.4  -33.5  6.9
-578.0  -404.0  1316.4  27.5  -43.2  -2.4
-605.6  -414.8  1333.6  3.3  -37.0  33.4
-593.6  -410.4  1309.2  9.1  -46.3  35.6
-634.0  -435.2  1261.6  25.7  -57.6  21.8
-610.8  -414.0  1281.2  34.1  -68.4  -18.6
-603.6  -428.8  1303.6  61.2  -65.0  -13.3
-571.6  -416.4  1326.0  56.2  -52.1  -12.4
-571.2  -430.0  1300.8  41.9  -102.4  0.5
-592.8  -416.8  1330.4  43.0  -49.9  -3.7
-594.0  -396.0  1361.2  31.1  -68.3  -13.6
-565.6  -434.4  1353.2  -4.2  -22.7  26.4
-586.4  -411.2  1288.4  -15.5  -42.6  13.2
-585.6  -419.2  1256.4  -88.5  -119.5  28.6
-564.0  -439.2  1170.0  -128.8  -242.3  -13.2
-520.4  -536.8  810.8  -419.5  -636.7  -60.7
-606.0  -289.6  53.6  -411.2  -1809.6  -423.1
-393.2  110.4  1541.6  2989.1  -1380.6  -1014.7
-55.6  -126.0  2716.0  1298.2  1696.1  -197.8
34.8  70.0  2134.8  281.3  -200.6  0.2
-128.8  68.8  1810.8  -779.6  291.8  112.2
-360.0  18.4  1423.6  -643.9  14.3  149.0
-325.6  -57.6  1336.0  -104.5  16.7  -55.1
-310.4  -144.0  1378.8  -75.4  27.4  -134.9
-372.0  -206.0  1472.8  80.3  65.7  -152.1
-341.2  -241.2  1530.0  -28.5  179.5  -119.7
-383.6  -224.4  1454.0  -128.7  170.1  -4.8
-416.0  -235.6  1447.2  -141.9  209.5  14.7
-455.6  -260.0  1372.0  -213.0  158.4  23.7
-501.6  -296.0  1368.0  -153.0  97.7  78.9
-513.2  -298.8  1334.4  -222.3  39.9  65.8
-518.0  -314.0  1323.2  -131.0  54.4  69.5
-542.0  -352.4  1297.2  -138.2  -60.8  39.3
-532.0  -369.2  1292.0  -66.5  -9.9  23.0
-551.2  -351.2  1304.4  33.1  -44.6  37.1
-552.0  -351.6  1327.6  -6.3  -25.9  9.7
-547.2  -341.2  1336.4  45.2  -49.3  25.3
-545.6  -342.0  1347.2  34.2  -55.2  -1.2
-545.6  -313.2  1377.2  22.5  -48.1  -11.9
-515.2  -352.8  1374.0  4.9  -28.3  -4.1
-562.0  -368.8  1339.2  -5.1  -46.9  7.6
-576.4  -371.6  1318.8  12.1  -58.0  7.4
-542.8  -372.8  1306.8  13.6  -39.4  3.8
-565.2  -348.8  1314.0  25.6  -67.0  -17.6
-560.4  -372.4  1361.6  23.0  -45.7  3.3
-549.6  -359.6  1347.2  10.5  -56.0  -8.0
-576.4  -375.2  1349.2  18.1  -64.3  10.3
-548.8  -342.0  1328.4  26.5  -47.2  2.8
-555.6  -378.8  1357.2  16.0  -66.5  0.4
-572.0  -348.0  1328.8  26.0  -69.7  6.5
-538.8  -363.6  1350.8  20.2  -36.3  3.6
-562.0  -366.4  1307.6  38.2  -63.9  3.2
-538.0  -373.6  1310.8  72.2  -110.6  14.4
-540.4  -394.4  1368.0  77.1  -58.0  -24.6
-540.8  -367.2  1392.8  35.4  -46.4  7.7
-556.8  -382.8  1387.2  -5.4  -17.4  31.6
-551.2  -341.2  1375.2  -13.6  5.6  35.4
-588.0  -362.8  1349.6  -82.2  -40.4  81.2
-574.0  -367.2  1298.4  -84.2  12.2  47.1
-595.2  -376.8  1250.8  -8.3  -63.2  34.3
-624.8  -392.0  1260.8  0.3  -70.7  -1.6
-588.8  -408.0  1300.4  80.3  -66.0  -28.1
-580.4  -408.0  1319.2  63.0  -79.7  -20.2
-579.2  -376.8  1340.8  48.3  -75.7  -17.3
-575.2  -361.6  1361.6  23.8  -25.7  -7.1
-570.8  -362.8  1325.6  7.4  -52.4  25.3
-604.4  -388.4  1305.6  25.2  -59.4  -8.1
-566.4  -397.2  1332.8  6.5  -52.3  0.9
-582.8  -396.4  1344.0  6.6  -45.6  2.1
-578.8  -403.6  1366.0  -17.8  -35.1  32.1
-593.2  -486.8  1384.4  -205.5  -94.0  158.6
-565.6  -480.8  976.4  -735.0  -235.1  154.5
-779.2  -363.2  -419.6  -769.9  -1980.1  472.8
-35.2  82.4  939.6  2904.9  -1704.3  -1888.8
52.0  -195.6  3252.8  1993.2  718.1  -242.9
-33.2  -189.2  2183.2  211.6  297.5  372.1
50.0  -111.2  1802.4  -230.8  171.0  -100.0
-157.2  -45.2  1487.6  -230.1  -81.9  134.4
-270.8  -53.2  1474.0  -163.7  149.3  3.9
-292.4  -138.8  1435.6  -23.5  145.5  -84.1
-335.6  -204.8  1406.8  50.0  137.9  -151.6
-366.4  -239.6  1452.8  -170.4  91.8  -9.9
-372.0  -173.6  1384.0  -137.5  220.9  -62.1
-390.0  -206.0  1387.2  -88.6  154.8  -80.7
-351.6  -264.8  1490.8  -115.1  102.7  -91.4
-439.6  -270.8  1432.8  -107.3  187.7  -80.4
-441.2  -348.0  1428.4  -237.3  124.4  8.1
-481.2  -374.4  1391.2  -369.1  147.3  69.4
-501.6  -431.6  1330.8  -392.7  114.5  163.8
-647.6  -477.2  1178.4  -230.3  2.8  84.6
-563.6  -466.8  1222.8  -105.7  26.6  100.4
-566.0  -438.8  1222.4  58.6  -36.9  -4.0
-545.6  -426.8  1326.4  154.6  -78.2  -30.4
-550.4  -392.4  1356.0  101.6  -77.7  -12.1
-577.2  -394.4  1365.2  157.2  -59.3  1.2
-489.6  -373.2  1394.4  44.6  8.1  14.5
-519.6  -401.2  1426.4  -39.6  -25.5  9.7
-542.8  -406.4  1358.0  -130.3  -5.0  34.5
-564.8  -436.0  1390.8  -137.0  74.2  93.6
-611.6  -492.0  1455.2  -167.7  176.6  120.6
-721.6  -489.2  1138.8  -202.9  -90.0  146.5
-645.6  -486.4  1119.6  6.3  35.4  44.0
-702.4  -450.0  1169.2  129.3  -85.1  1.2
-610.4  -434.4  1257.2  185.5  -72.9  -56.8
-612.0  -452.4  1356.4  116.8  -134.3  -28.8
-613.6  -420.8  1283.6  79.7  -85.9  -4.6
-608.0  -444.8  1343.6  66.4  -84.7  -23.5
-583.6  -424.0  1310.0  48.7  -92.6  -18.7
-622.8  -438.4  1318.8  24.8  -45.9  15.5
-578.4  -438.4  1272.0  67.3  -86.7  -9.8
-631.2  -412.0  1333.2  76.4  -71.8  -13.4
-545.2  -446.4  1338.4  23.8  -40.5  -12.1
-568.4  -447.6  1391.6  -44.2  -32.1  36.0
-563.6  -444.4  1334.4  -108.6  62.8  48.0
-610.4  -450.8  1318.8  -149.0  -13.3  76.3
-683.2  -420.0  1264.4  -63.8  68.4  92.8
-630.4  -468.8  1190.8  -96.3  14.2  49.0
-698.4  -488.4  1203.2  -19.9  -98.1  6.9
-694.8  -494.8  1186.0  17.0  -31.7  16.7
-683.6  -500.8  1255.2  78.1  -81.3  -36.3
-633.2  -504.4  1275.6  41.0  -53.4  -15.8
-648.4  -524.0  1345.6  -34.9  -8.5  30.7
-645.2  -506.8  1260.4  -49.5  19.2  46.5
-680.8  -491.6  1259.6  -57.3  -37.3  8.6
-683.2  -506.8  1167.6  17.3  -28.9  29.4
-682.8  -511.6  1252.4  45.6  -48.5  -17.0
-656.8  -506.8  1279.2  -19.4  -70.4  2.6
-677.6  -531.2  1230.0  -78.0  -59.9  6.8
-683.2  -531.2  1058.0  -90.2  -159.6  -33.6
-698.8  -573.6  1134.0  120.2  -289.9  -139.9
-660.4  -632.4  723.6  -460.7  -509.2  -25.4
-856.8  -363.6  -657.6  251.9  -2067.1  -700.0
-128.0  324.8  2021.2  3276.7  36.4  -1490.7
-356.0  176.8  3192.0  2287.4  327.9  304.5
63.2  300.4  2166.0  -700.5  -517.5  -145.4
-209.2  122.0  1536.8  -1074.5  444.7  106.7
-412.0  0.0  1468.0  -796.6  5.8  37.2
-395.6  -23.6  1450.8  -95.1  329.1  -80.0
-425.6  -147.2  1438.4  -343.2  131.8  -92.8
-506.0  -256.8  1406.4  -271.4  113.1  -27.1
-484.4  -334.0  1395.6  -325.7  274.4  24.2
-526.0  -354.4  1294.4  -290.0  102.7  83.8
-558.4  -361.2  1224.0  -124.3  78.0  74.6
-636.8  -360.0  1252.0  -175.3  25.4  68.0
-623.6  -360.4  1236.0  -93.5  69.1  72.0
-593.2  -376.0  1315.2  -64.0  121.9  46.8
-636.0  -401.2  1263.6  -80.9  6.0  59.1
-641.6  -421.2  1257.6  -87.4  30.5  76.8
-665.6  -396.0  1235.6  -26.9  -22.3  64.0
-666.4  -396.4  1260.8  -25.6  -33.7  31.8
-628.4  -401.6  1227.6  5.2  -20.5  -1.9
-712.8  -423.2  1277.2  46.1  -89.0  25.4
-684.8  -402.8  1286.8  35.7  -23.2  33.2
-625.6  -417.2  1268.0  41.8  -12.9  -7.9
-671.6  -398.8  1269.2  36.9  -102.8  -12.5
-692.0  -404.8  1290.0  34.3  -30.8  13.6
-635.6  -404.0  1296.8  59.9  -53.3  -4.7
-663.6  -398.4  1307.6  33.5  -67.0  -15.4
-674.0  -402.0  1276.4  20.3  -52.2  2.8
-664.4  -432.8  1271.6  37.3  -58.4  1.1
-655.6  -416.0  1290.4  26.2  -48.6  -9.7
-687.2  -402.0  1287.6  37.6  -72.0  17.2
-629.2  -434.4  1304.0  13.9  -4.7  12.7
-670.4  -405.2  1289.6  0.6  -54.5  21.1
-674.8  -404.4  1284.0  -18.5  -30.2  32.0
-680.0  -414.0  1269.6  -25.5  -34.4  39.6
-669.6  -425.6  1229.6  -31.8  -26.7  6.8
-707.2  -407.6  1259.6  -33.5  -90.9  51.2
-702.8  -435.2  1263.6  -30.4  41.4  17.8
-690.8  -444.8  1235.6  -14.1  -43.6  -3.2
-698.4  -451.6  1200.4  -17.4  -102.3  -1.0
-693.6  -442.8  1154.4  18.5  -130.2  -43.9
-681.2  -521.2  1021.2  -9.8  -287.9  -82.8
-782.4  -657.6  -78.4  -517.7  -1381.5  174.7
-559.2  262.8  338.8  1801.6  -1335.7  -1079.1
-237.6  102.0  2941.2  2859.2  1390.5  -474.6
-197.2  319.2  2522.8  328.9  -504.7  8.6
-266.4  158.4  1961.6  -1489.3  526.6  27.2
-570.8  18.0  1504.4  -950.2  135.5  118.2
-423.6  -34.8  1261.2  -352.0  -57.4  14.7
-529.6  -145.6  1227.6  -96.1  19.5  -150.2
-540.4  -262.0  1224.4  -191.6  65.2  -162.4
-563.6  -405.6  1281.6  -198.8  86.7  -85.4
-579.6  -402.8  1274.0  -11.7  22.4  -57.5
-588.8  -329.2  1350.4  -61.0  112.4  -19.9
-626.8  -339.2  1316.4  -77.9  -1.9  86.5
-580.4  -310.8  1271.6  -102.7  68.2  83.2
-584.4  -396.8  1261.6  -144.3  47.8  -9.1
-635.6  -407.6  1307.2  -109.3  -0.2  49.0
-646.4  -383.6  1308.0  -89.7  51.4  49.8
-628.0  -368.8  1246.4  -75.3  9.7  45.3
-642.4  -400.8  1305.2  -2.6  12.6  -51.1
-674.4  -421.2  1308.4  -67.6  -9.1  57.1
-669.2  -425.6  1207.2  -72.4  -18.0  85.7
-716.0  -380.0  1103.6  33.0  -96.6  3.0
-674.0  -429.6  1217.2  92.5  -157.7  -62.5
-699.2  -433.2  1323.6  140.9  -150.9  -47.4
-635.6  -410.0  1326.8  151.7  -94.6  -9.7
-625.6  -348.0  1338.0  86.6  -119.0  30.4
-579.6  -380.4  1324.4  24.4  -110.0  -67.1
-683.6  -395.6  1324.8  52.3  -140.9  2.1
-630.8  -386.0  1322.8  -22.9  35.5  57.1
-596.0  -378.4  1269.6  41.2  -112.1  -22.2
-642.0  -406.0  1336.4  40.5  -80.4  -11.7
-636.4  -402.8  1289.6  25.4  -34.5  1.0
-631.6  -388.0  1292.0  59.6  -72.7  -9.0
-592.4  -421.6  1300.8  53.1  -74.7  -34.2
-651.6  -413.6  1318.4  76.4  -127.3  -16.8
-635.6  -390.0  1316.8  79.4  -38.6  22.9
-603.2  -362.4  1312.8  53.9  -85.1  25.8
-596.4  -361.2  1312.0  80.3  -88.1  -13.0
-592.0  -375.6  1352.4  51.4  -71.3  -3.6
-602.0  -362.4  1344.0  15.8  -48.7  9.3
-603.2  -383.2  1290.0  8.9  -46.3  1.6
-622.8  -381.6  1334.8  19.5  -57.5  5.1
-624.0  -379.6  1304.0  35.9  -49.8  1.0
-612.4  -379.6  1309.2  64.0  -68.9  -12.5
-638.0  -382.4  1325.2  70.7  -82.1  -26.1
-638.0  -338.0  1337.2  61.0  -58.4  4.8
-595.2  -367.6  1321.6  36.8  -53.3  -2.9
-630.8  -358.8  1346.4  58.9  -86.6  -17.7
-617.6  -377.2  1304.0  24.9  -51.2  19.3
-602.8  -355.6  1314.4  73.0  -86.3  -9.5
-622.8  -355.2  1349.6  55.0  -55.4  8.3
-597.6  -355.2  1304.8  54.2  -72.8  5.9
-626.0  -349.6  1320.0  73.8  -88.9  7.7
-586.0  -378.8  1335.6  72.9  -30.6  24.7
-606.8  -345.2  1336.4  49.6  -88.0  1.4
-627.6  -343.2  1328.8  54.1  -53.9  32.6
-590.4  -314.4  1304.4  67.9  -54.7  29.0
-582.4  -328.4  1296.8  112.0  -77.6  -48.9
-618.4  -343.2  1351.6  60.3  -84.9  -58.7
-591.2  -322.4  1426.8  4.7  -19.6  17.0
-590.0  -308.0  1322.4  -62.5  -32.7  41.0
-660.0  -278.8  1294.4  2.4  -47.2  19.3
-561.6  -340.8  1286.4  40.8  -61.8  -71.5
-660.8  -368.0  1364.4  7.7  -91.8  -31.0
-658.4  -351.6  1402.4  -21.8  2.6  111.3
-535.6  -364.8  1301.6  -105.2  62.1  -36.4
-646.0  -375.6  1233.2  53.3  -237.4  -66.7
-696.4  -407.6  1450.0  40.9  16.9  41.1
-536.4  -318.8  1319.6  -1.8  28.0  21.1
-536.4  -339.2  1313.6  -23.1  -130.7  -61.2
-700.8  -395.6  1423.2  -69.0  -67.2  29.4
-663.6  -416.0  1233.2  -80.1  94.6  160.8
-610.4  -392.4  1233.6  -140.4  30.6  12.7
-618.8  -419.6  1207.6  -191.6  -160.9  21.1
-643.6  -544.4  945.6  -521.5  -260.8  12.0
-820.8  -242.4  -140.8  -359.0  -1669.2  -79.8
-466.4  216.4  633.6  2683.6  -1284.8  -1046.9
-468.0  -683.2  3276.7  3127.8  1303.7  -210.0
150.8  479.6  2849.2  -256.0  -1065.7  -96.0
-105.2  253.2  1852.8  -1513.9  921.8  51.4
-500.0  -2.8  1592.0  -1284.2  323.6  170.9
-417.2  -2.0  1288.4  -413.4  115.3  32.5
-410.4  -114.4  1230.0  -159.9  132.1  -14.3
-448.4  -240.0  1182.4  -290.2  306.5  -10.7
-540.8  -330.4  1278.0  -192.4  43.7  -99.2
-578.0  -370.4  1259.6  -255.4  45.8  30.1
-683.6  -383.6  1492.0  -95.2  -133.9  -10.2
-598.8  -369.6  1161.6  -153.7  17.8  -6.2
-603.2  -376.8  1312.0  -28.7  -60.9  -33.0
-563.6  -364.4  1376.0  -110.9  -2.2  22.3
-571.6  -392.8  1335.2  -110.0  -47.8  31.7
-591.6  -399.2  1298.0  -165.3  24.1  35.8
-591.6  -469.2  1285.6  -91.3  -49.8  -38.3
-635.6  -443.2  1269.2  -73.4  -80.1  -30.9
-600.4  -455.2  1340.0  -49.3  -81.5  -69.8
-585.2  -478.4  1385.2  -103.6  -42.3  -25.3
-566.8  -456.4  1320.4  -194.9  -25.2  38.8
-571.2  -486.4  1259.6  -175.8  -63.3  14.4
-613.6  -505.2  1205.6  -89.5  -80.3  -29.5
-572.4  -487.6  1190.4  -52.6  -161.9  -89.1
-522.4  -554.0  1099.6  -242.8  -220.0  -143.5
-612.4  -473.6  -17.6  592.0  -1450.9  -141.0
-524.8  -20.8  608.0  2287.0  -1652.8  -725.8
1085.2  -548.4  1971.1  2677.6  147.7  -453.5
-50.8  312.4  2245.6  1098.5  -269.5  8.6
198.8  268.0  2022.4  -973.5  377.2  147.0
-193.2  78.8  1557.6  -1068.5  90.8  162.0
-287.2  58.8  1521.2  -857.9  563.5  128.6
-243.6  -69.6  1480.8  -678.4  406.0  64.2
-376.8  -288.8  1548.0  -719.8  623.5  101.1
-456.0  -310.8  1293.2  -326.2  400.7  62.0
-550.8  -331.2  1229.2  -114.4  57.3  70.1
-553.6  -403.2  1288.4  -113.6  242.8  123.7
-554.4  -396.0  1196.8  -5.8  221.5  87.5
-609.6  -377.2  1188.8  16.8  15.9  50.6
-628.0  -380.4  1300.0  97.7  65.4  55.2
-686.4  -303.2  1262.8  54.6  29.4  37.3
-602.0  -346.0  1267.6  106.6  40.0  14.7
-620.4  -310.8  1245.2  102.1  -79.6  58.8
-653.2  -318.4  1262.4  46.8  -41.5  10.7
-660.4  -321.2  1288.8  27.1  -107.8  12.3
-656.0  -336.8  1348.8  58.7  -66.0  -1.4
-633.6  -301.2  1296.4  38.6  -79.5  -4.9
-635.2  -356.0  1326.0  58.3  -59.1  4.4
-630.4  -337.2  1314.4  52.7  -86.9  -9.5
-636.0  -322.0  1337.6  58.1  -54.5  -24.6
-623.2  -307.6  1313.6  54.3  -79.2  15.6
-628.8  -294.4  1285.6  44.9  -57.8  4.0
-629.6  -308.4  1328.0  47.9  -78.1  -11.5
-634.4  -286.0  1327.6  37.9  -66.8  24.7
-619.6  -307.2  1329.6  45.6  -64.0  -7.5
-651.6  -328.0  1351.6  26.1  -62.8  9.0
-628.0  -283.2  1334.8  40.8  -72.4  0.8
-633.2  -330.8  1352.0  24.2  -54.4  8.4
-618.0  -297.2  1329.2  25.9  -65.0  12.3
-662.0  -304.0  1374.8  -13.4  -45.3  27.4
-612.4  -292.0  1316.8  -33.6  -46.6  41.6
-662.4  -320.0  1380.4  2.6  -48.2  67.5
-625.6  -286.4  1390.8  -120.2  40.9  33.7
-777.6  -366.4  1509.2  -479.5  37.7  -133.6
-614.4  -711.2  212.4  -1740.4  -138.9  -177.6
-306.4  210.4  -800.0  3276.7  -2962.5  -1019.2
-307.2  119.6  3276.7  2746.3  1172.0  433.4
-644.4  -570.8  3095.6  318.9  -212.5  338.1
-148.4  117.6  2100.4  -1253.4  44.3  -23.2
-343.2  -96.4  1295.2  -676.1  -193.1  293.8
-412.0  -92.8  1459.2  -33.8  216.2  23.9
-372.4  -86.4  1400.8  45.9  136.0  -35.4
-440.0  -169.2  1498.0  45.6  123.5  -62.2
-438.0  -188.4  1439.2  91.8  148.6  -95.9
-526.8  -278.4  1484.4  -178.9  236.0  -36.9
-520.4  -256.0  1328.4  -177.1  256.9  -65.4
-527.6  -240.4  1267.2  -96.4  129.6  8.7
-550.8  -273.2  1258.0  -112.1  96.3  -62.0
-545.6  -264.4  1230.0  -75.2  95.4  55.4
-609.2  -269.2  1275.2  -39.7  -62.0  44.0
-604.8  -268.4  1315.6  -67.1  49.9  16.8
-644.0  -272.8  1306.8  -33.7  -15.0  38.5
-578.0  -345.2  1373.6  -52.7  -1.2  12.4
-640.4  -311.6  1278.0  -32.9  -0.3  16.8
-619.6  -308.8  1303.6  43.2  3.1  10.4
-630.0  -317.6  1282.8  32.4  -52.9  -15.7
-624.0  -314.8  1320.4  44.7  -41.3  38.5
-644.4  -301.6  1330.0  3.8  -55.0  -1.8
-636.8  -304.8  1304.4  15.4  -47.1  7.7
-644.4  -299.2  1300.8  18.8  -51.8  11.4
-632.8  -314.4  1316.0  30.6  -47.8  -3.7
-644.0  -309.2  1288.0  28.6  -57.2  18.0
-656.8  -321.2  1327.6  37.2  -53.1  -9.4
-624.0  -313.2  1346.4  13.1  -41.0  11.6
-690.8  -319.2  1365.6  -46.4  -45.6  29.9
-656.8  -308.0  1338.4  -181.3  -3.6  23.5
-618.4  -350.4  1253.6  -398.7  30.3  20.5
-546.4  -442.0  918.0  -576.4  -172.8  158.3
-693.2  -675.2  -110.0  -1021.6  -1426.8  417.8
-162.4  44.0  459.2  2387.0  -1814.5  -1596.3
-151.2  37.2  3276.7  2256.5  1327.6  148.3
27.2  246.0  2205.6  568.6  -461.3  -321.1
-8.8  31.6  1793.6  -965.7  432.9  -117.4
-302.4  -39.6  1602.4  -454.7  150.0  95.0
-403.6  -28.4  1467.2  -254.4  282.9  -64.2
-438.4  -118.0  1438.4  -227.0  376.1  -21.2
-482.0  -229.6  1369.6  -279.2  323.4  -13.6
-549.6  -294.8  1256.4  -211.7  247.2  -10.8
-544.8  -312.8  1217.2  -7.4  87.0  -12.5
-570.8  -311.2  1238.8  -55.5  24.5  2.2
-590.4  -300.0  1256.0  -81.3  43.6  16.0
-632.4  -313.6  1270.4  27.6  -36.3  14.2
-636.8  -305.6  1319.6  29.8  18.8  10.6
-567.6  -306.0  1406.0  -34.2  -40.8  -32.2
-610.8  -295.6  1319.6  8.8  -9.9  19.4
-622.8  -324.8  1342.8  -24.6  -40.5  2.4
-611.2  -317.2  1312.0  5.7  -62.9  -5.6
-610.4  -342.8  1322.0  4.1  -6.7  9.6
-627.6  -337.6  1321.6  -9.7  -52.8  4.7
-634.8  -324.8  1348.0  10.6  -56.0  32.9
-615.2  -327.6  1305.2  -8.8  -37.9  21.8
-646.0  -318.8  1314.8  17.4  -92.8  26.4
-634.0  -333.6  1293.2  -1.3  -33.2  8.2
-636.4  -325.6  1275.6  46.2  -88.7  -5.1
-628.0  -345.2  1324.8  30.5  -44.4  -13.6
-619.2  -348.8  1344.8  28.6  -72.4  -6.9
-630.8  -341.2  1349.2  13.8  -34.6  8.2
-616.4  -348.0  1314.4  8.0  -67.3  7.5
-634.4  -332.8  1304.0  27.8  -67.2  6.2
-612.8  -337.6  1348.4  11.6  -33.5  13.8
-620.8  -330.4  1363.6  -13.0  -55.8  22.7
-616.8  -360.8  1380.4  -21.7  -32.7  23.6
-602.8  -372.0  1399.2  -203.3  -93.4  9.4
-698.4  -420.0  1264.0  -488.9  186.7  -21.5
-683.2  -575.2  431.6  -1871.5  -345.0  86.9
-557.6  -378.8  -972.4  -332.5  -1551.6  -753.2
-152.4  91.6  2522.8  3276.7  -2280.8  -692.1
-148.4  25.2  2541.6  3276.7  693.4  104.4
37.2  266.8  2517.2  -865.9  -513.6  -217.3
-65.6  -59.2  1582.0  -1491.4  433.3  49.2
-390.4  -2.4  1437.2  -519.5  173.1  137.2
-378.8  -92.4  1374.0  -308.6  384.1  -2.3
-412.0  -193.6  1325.6  -255.7  371.8  28.8
-540.0  -243.2  1276.4  -86.1  89.3  19.4
-551.2  -330.8  1307.6  8.4  107.1  -107.7
-540.4  -268.0  1160.4  -18.1  106.4  -27.5
-591.2  -315.2  1306.4  89.0  55.4  2.2
-620.8  -294.4  1314.4  77.0  84.8  -24.5
-629.2  -288.8  1309.2  -52.5  101.1  -23.0
-628.4  -295.2  1373.6  -11.2  18.2  -10.3
-620.8  -292.0  1360.0  -160.2  59.1  -6.5
-600.8  -271.2  1278.4  -127.3  54.2  12.3
-592.0  -330.4  1295.2  -89.1  -52.2  16.2
-627.2  -314.0  1292.4  -7.9  -60.3  27.4
-648.0  -335.2  1314.0  -15.1  -36.7  36.5
-640.8  -309.6  1299.6  -37.6  -46.1  14.2
-679.6  -341.6  1304.0  17.1  -85.3  26.8
-688.4  -341.2  1297.6  46.3  -40.3  -11.0
-646.8  -352.4  1305.2  44.9  -63.5  -9.9
-650.8  -335.2  1281.2  39.6  -62.1  1.2
-649.2  -339.6  1328.8  39.2  -57.1  -25.5
-671.6  -326.4  1312.8  4.7  -65.6  -7.3
-653.6  -355.6  1282.0  14.4  -51.2  8.3
-675.2  -334.4  1279.2  61.8  -87.8  -0.2
-660.0  -337.6  1343.2  34.4  -26.4  -1.0
-645.2  -332.8  1348.4  1.4  -80.9  -1.2
-658.0  -342.8  1403.2  -72.4  -17.2  7.5
-737.2  -379.6  1309.6  -279.0  -88.3  -88.6
-716.4  -520.0  1156.8  -897.5  -194.0  -265.2
-508.0  -342.0  -53.2  -2522.3  -483.4  150.9
-456.4  -526.8  -446.0  2651.7  -3116.1  -325.0
-50.4  410.4  3276.7  3276.7  -174.5  -1508.9
173.6  510.4  2432.4  2174.7  1218.7  -107.8
183.6  213.2  2200.8  -1061.8  -113.9  -212.0
-66.0  -67.6  1658.4  -623.8  341.0  195.8
-310.0  76.0  1488.0  -638.3  319.2  76.8
-311.6  -24.8  1434.4  -255.2  202.9  23.9
-367.6  -102.4  1431.2  -300.3  407.2  92.7
-382.4  -134.0  1370.0  -30.4  119.1  -86.1
-489.6  -192.0  1410.8  -161.1  378.3  40.0
-497.6  -233.6  1319.2  -251.4  221.4  -20.7
-484.0  -218.0  1354.4  -24.6  86.2  -54.8
-538.4  -251.6  1280.8  -47.2  71.8  -28.0
-578.0  -269.2  1282.4  -25.0  31.8  -31.7
-579.2  -252.0  1281.6  28.7  33.3  -3.6
-574.4  -249.6  1325.6  -61.8  -36.5  -8.3
-570.0  -255.2  1309.6  9.8  -24.8  3.7
-567.2  -267.2  1331.6  -17.7  -29.1  4.4
-587.2  -267.6  1347.6  22.2  -68.6  9.2
-585.2  -280.8  1397.2  -12.6  -20.2  0.7
-574.0  -274.8  1346.0  5.5  -70.0  -25.0
-574.4  -288.0  1376.8  -32.5  -32.3  6.6
-563.6  -270.8  1333.2  -11.4  -80.8  14.3
-590.8  -291.2  1356.0  -45.4  -48.8  9.1
-577.2  -308.0  1331.6  -26.1  -61.4  27.9
-596.0  -291.2  1326.8  17.0  -63.3  11.6
-590.4  -303.2  1312.4  -36.5  -42.2  18.6
-588.0  -298.8  1318.4  1.6  -61.2  -10.3
-607.6  -302.0  1300.8  31.8  -71.1  5.3
-593.6  -313.2  1312.0  55.4  -51.0  -7.6
-608.0  -302.0  1344.0  67.1  -74.0  -12.9
-588.4  -310.8  1370.8  36.3  -49.9  -10.8
-593.2  -302.4  1364.0  20.4  -71.3  -3.7
-563.2  -303.6  1376.0  -25.5  -39.0  22.6
-606.8  -297.2  1350.8  -83.9  -45.9  30.8
-552.8  -366.0  1246.0  -374.4  -70.0  135.8
-805.6  -638.0  92.8  -1275.1  -743.8  588.5
-681.2  283.2  -512.4  -273.7  -1890.0  -569.8
-161.6  74.4  2797.2  3276.7  -1112.9  -992.2
655.6  331.6  3276.7  1354.1  754.0  -149.2
420.4  209.6  2640.0  -1472.2  758.1  41.5
-136.8  139.2  1705.6  -631.1  378.1  111.7
-367.2  126.4  1552.4  -857.4  770.6  110.7
-340.8  -3.6  1384.4  -425.8  439.9  28.1
-422.4  -70.0  1411.2  -341.5  349.0  -58.0
-504.4  -132.0  1283.2  -444.6  243.1  23.8
-522.4  -256.8  1256.0  -97.4  110.8  -150.7
-489.2  -230.0  1220.0  -118.0  147.9  -35.2
-564.8  -336.4  1278.4  -48.2  26.6  -25.0
-646.4  -304.0  1213.2  4.6  21.5  -46.2
-583.6  -324.0  1303.6  32.9  24.1  -9.6
-612.4  -306.4  1256.0  -23.1  3.8  -9.5
-608.8  -288.4  1347.2  87.1  -5.9  -37.6
-591.6  -290.8  1350.8  -6.6  -19.0  -4.2
-583.6  -294.0  1356.0  25.1  -58.1  23.7
-625.2  -288.8  1346.4  -25.0  -37.6  -2.2
-593.6  -309.2  1350.8  -26.3  -49.2  8.0
-612.0  -324.8  1328.8  -53.9  -47.3  14.8
-622.4  -319.6  1290.0  -12.4  -77.8  22.1
-634.0  -332.0  1284.4  -2.4  -62.0  7.3
-610.0  -324.8  1338.4  10.1  -43.8  -2.7
-607.2  -328.0  1287.2  0.8  -56.3  -3.5
-629.2  -329.2  1323.6  20.9  -54.4  8.4
-610.4  -346.8  1353.6  25.9  -46.9  -14.5
-611.6  -344.0  1355.6  31.4  -60.9  4.1
-626.0  -333.6  1322.8  -12.4  -60.5  -3.1
-647.2  -317.2  1313.6  25.2  -77.7  7.2
-608.4  -330.4  1334.0  6.5  -43.2  -20.4
-608.0  -345.6  1353.2  -4.3  -64.2  20.6
-628.0  -412.8  1312.4  -217.6  -63.0  -49.3
-621.6  -568.0  924.4  -1129.9  -411.1  -76.6
-796.8  -159.2  -902.4  -1172.2  -1544.1  -323.8
21.6  170.8  1255.2  3276.7  -1765.0  -534.9
511.6  -313.6  3228.0  1999.7  954.0  -292.6
280.0  296.0  2779.6  -434.7  -913.2  -246.4
70.0  -86.0  1779.6  -898.1  473.6  250.5
-331.6  -17.6  1659.2  -559.1  191.7  63.1
-328.0  0.0  1386.0  -71.6  527.6  7.4
-407.2  -111.6  1429.2  -175.7  492.7  -82.2
-472.4  -177.6  1279.6  -91.6  355.5  -53.1
-607.2  -265.6  1297.2  -315.5  74.9  45.9
-542.4  -247.2  1152.8  -49.6  99.5  -7.9
-619.6  -280.8  1203.6  -203.1  161.2  -25.0
-618.0  -296.8  1212.0  116.1  -26.1  -49.0
-603.2  -273.2  1329.2  61.4  56.8  -41.1
-587.2  -252.8  1309.6  -14.6  -10.9  -11.2
-589.6  -255.2  1351.6  33.1  -30.9  -9.9
-622.8  -247.6  1341.2  -50.9  -35.5  10.6
-594.4  -272.4  1326.0  -25.6  -38.2  -13.1
-602.4  -273.6  1318.0  -5.4  -58.6  5.7
-606.0  -277.6  1315.2  35.7  -63.2  4.4
-621.2  -292.8  1375.6  -22.4  -28.7  -5.6
-631.6  -306.4  1364.0  -50.3  -75.4  16.1
-669.6  -296.4  1319.6  -89.5  -94.2  -17.7
-657.6  -350.0  1310.8  -19.0  -78.4  8.1
-585.2  -318.0  1319.2  -41.9  -23.7  4.1
-606.8  -319.2  1325.6  -48.2  -53.8  13.6
-629.2  -334.0  1258.0  -80.6  -45.7  25.5
-641.2  -323.2  1118.0  7.7  -124.3  -12.7
-616.4  -326.8  1313.2  180.8  -98.2  -6.8
-605.6  -326.0  1446.0  179.1  -58.5  -17.6
-614.0  -358.4  1404.4  -41.6  -51.9  -2.3
-619.2  -331.2  1343.6  -22.2  -40.6  4.9
-630.4  -323.6  1259.2  17.0  -58.9  -15.4
-586.4  -311.2  1342.0  67.3  -32.6  -26.0
-632.0  -342.0  1347.6  -241.4  -44.2  -38.4
-747.2  -654.8  627.2  -1074.4  -478.5  99.4
-459.6  134.4  -1193.6  -1289.3  -1492.6  -477.9
-690.8  -50.8  2592.8  3276.7  -295.2  -343.2
-724.4  -655.2  2815.6  1105.4  376.7  123.9
-98.8  -62.4  2071.6  -429.8  -777.5  -146.1
-167.6  -196.4  1590.0  -345.8  324.1  201.9
-373.6  -63.2  1611.2  -189.6  54.5  -28.6
-325.6  -59.2  1575.6  22.6  391.0  47.4
-428.4  -165.2  1504.8  -142.1  181.6  -50.5
-548.8  -209.2  1452.0  -59.8  354.3  15.5
-516.4  -197.2  1217.2  -200.2  84.5  -147.3
-563.6  -226.8  1247.2  -114.6  -15.0  45.1
-568.8  -276.0  1242.8  -98.8  -54.8  -14.5
-590.0  -294.8  1262.8  -106.3  25.4  -7.1
-596.8  -271.2  1266.4  113.9  -65.6  31.4
-568.8  -301.6  1343.6  2.8  13.2  -52.4
-542.8  -287.2  1303.6  31.4  -46.9  1.9
-560.8  -309.6  1373.2  57.4  -33.4  -11.6
-600.0  -274.8  1353.2  6.1  -62.6  25.4
-565.6  -256.8  1361.6  29.3  -13.7  -23.4
-584.0  -289.6  1317.6  -71.0  -17.8  -2.6
-600.0  -288.0  1310.0  22.0  -93.7  25.2
-577.6  -303.6  1324.4  23.4  -39.4  24.9
-599.2  -303.6  1353.2  33.9  -89.4  15.7
-586.8  -306.8  1361.2  2.1  -44.3  10.6
-588.0  -300.0  1336.8  -1.3  -54.5  2.3
-606.0  -299.6  1340.8  13.4  -51.8  7.8
-539.6  -303.2  1353.6  -3.7  -41.5  -6.5
-607.6  -306.8  1384.4  -4.9  -82.4  28.9
-600.4  -327.2  1379.6  -60.6  -31.0  28.6
-576.0  -323.2  1360.4  -88.9  -51.7  47.8
-623.6  -336.4  1302.4  -150.5  -70.1  0.8
-575.6  -375.2  1179.6  -211.6  -24.4  80.7
-612.0  -552.8  596.0  -466.0  -703.2  217.9
-320.0  48.4  -1234.8  720.8  -1888.4  -312.6
30.4  -154.8  2808.4  3276.7  -35.3  -684.2
-1281.2  -934.0  3276.7  3276.7  229.1  39.8
103.6  455.6  2384.0  -1234.6  46.2  -79.9
-24.8  242.8  1554.8  -1150.7  148.7  20.1
-372.4  160.8  1427.2  -826.8  123.4  59.1
-388.8  48.4  1394.4  -403.4  265.8  -16.2
-300.4  -73.6  1476.8  -252.7  159.7  -54.9
-457.6  -128.0  1484.0  -268.4  22.8  23.5
-408.0  -175.2  1504.8  -137.4  195.4  -12.1
-466.4  -185.2  1421.6  -305.1  189.8  24.3
-422.4  -214.4  1434.8  -198.4  105.2  -93.1
-507.6  -239.2  1309.2  -310.4  48.0  73.1
-487.2  -286.4  1352.4  -237.5  48.7  7.1
-537.2  -296.0  1279.2  -189.4  6.0  88.5
-561.6  -310.8  1243.2  -93.6  -43.4  26.7
-555.6  -332.8  1267.6  -5.4  -97.1  27.4
-558.4  -310.8  1243.6  -37.0  -53.5  5.4
-554.8  -351.6  1269.2  41.7  -44.7  8.9
-554.8  -322.8  1356.4  64.6  -57.0  -8.8
-530.0  -334.4  1350.0  50.0  -54.6  -21.1
-540.0  -331.2  1369.2  69.0  -38.5  24.7
-523.6  -312.8  1351.2  34.7  -73.7  -13.4
-542.8  -332.0  1398.4  26.0  -49.1  6.9
-524.0  -324.0  1342.4  5.7  -56.4  -11.0
-532.8  -344.0  1343.6  28.8  -63.8  3.8
-537.6  -326.8  1372.8  30.9  -65.3  9.2
-541.2  -325.6  1408.0  11.5  -66.6  -5.3
-600.8  -338.0  1322.0  -71.1  -139.5  25.8
-497.2  -369.2  1408.4  -127.7  -16.0  44.6
-478.0  -393.2  1295.6  -350.6  -49.4  93.1
-434.4  -436.4  944.8  -698.9  -165.3  169.6
-582.4  -371.6  -972.0  -575.7  -1560.9  -362.3
-693.2  489.6  1442.0  3276.7  -1340.7  -938.3
-256.0  196.8  3119.6  1306.6  1246.1  -366.2
26.0  110.4  2501.6  -542.0  -909.3  -313.2
65.2  81.6  1621.6  -920.7  310.2  1.8
-280.8  0.8  1532.8  -571.3  -96.1  144.8
-308.8  -28.8  1549.6  -215.5  284.5  15.3
-311.6  -140.4  1581.2  -381.5  190.6  26.9
-391.2  -220.0  1428.0  -251.2  151.9  75.0
-490.4  -214.4  1296.0  -123.5  361.3  -89.2
-468.4  -275.2  1358.0  -103.1  449.3  -25.5
-506.8  -274.0  1212.8  -54.5  -64.1  1.2
-534.4  -312.8  1337.2  -53.0  -17.9  9.0
-545.2  -286.8  1316.0  -175.0  97.1  60.3
-658.0  -307.2  1231.2  -59.1  -122.0  -29.1
-568.4  -315.2  1276.0  -58.0  -39.6  32.0
-579.6  -323.2  1287.2  -84.4  -20.5  -15.5
-545.2  -332.8  1263.2  -75.5  -20.6  15.3
-570.0  -347.6  1289.2  23.4  -87.9  26.3
-566.4  -324.0  1356.0  35.8  -34.0  -5.5
-551.2  -359.6  1348.8  34.1  -49.6  -11.1
-563.6  -331.2  1375.6  14.5  -58.6  -1.9
-586.4  -344.0  1321.6  21.7  -70.5  34.5
-556.0  -342.4  1356.8  52.1  -14.9  -25.8
-562.8  -319.6  1349.6  17.0  -82.2  12.8
-548.4  -359.2  1363.6  5.6  -47.2  -10.1
-552.4  -349.6  1357.6  33.5  -59.8  14.3
-550.8  -332.4  1368.8  2.1  -48.8  11.0
-573.2  -346.0  1317.2  -20.2  -51.6  13.7
-576.8  -340.8  1364.8  -22.8  -44.3  31.4
-608.8  -341.2  1368.8  -49.2  -42.0  23.5
-579.6  -387.6  1322.0  -234.6  49.3  -23.6
-570.0  -420.8  1160.8  -515.2  35.7  -77.5
-654.8  -664.0  40.8  -1637.2  -670.7  162.9
-398.8  -226.4  -62.4  521.9  -1504.3  -1198.2
-218.8  -169.2  3162.8  3276.7  -125.0  -6.6
-137.2  -172.8  2584.0  1819.7  -238.0  -371.3
111.2  -159.6  1980.8  -708.6  -26.9  34.4
-130.8  -243.2  1594.4  -530.8  123.3  162.8
-316.8  -135.6  1533.2  -246.5  333.6  69.4
-297.6  -181.6  1553.2  -183.9  348.3  38.8
-361.6  -270.4  1433.6  -213.2  333.6  137.6
-490.0  -332.8  1439.2  -182.2  347.5  96.9
-558.8  -328.8  1216.4  -262.1  322.7  -12.2
-581.2  -354.0  1330.0  -141.7  324.7  -114.5
-561.2  -403.6  1166.8  -6.0  104.4  -278.0
-566.8  -420.4  1222.4  -102.3  139.5  -15.5
-596.8  -421.2  1172.4  -18.2  -32.6  -101.0
-556.8  -417.2  1264.0  83.3  -45.6  -18.9
-610.8  -382.8  1261.2  114.1  -80.5  -66.3
-594.0  -403.6  1311.2  154.3  -225.8  -86.7
-576.8  -406.0  1333.6  71.1  -31.7  -57.1
-557.2  -420.0  1346.8  94.5  -27.1  -4.5
-574.4  -391.6  1392.8  -8.1  -81.8  -0.3
-588.4  -409.2  1304.0  -44.8  -50.9  -22.9
-561.6  -401.6  1322.0  -27.2  -41.0  -2.9
-572.4  -409.2  1291.6  31.3  -92.2  -2.0
-597.2  -412.0  1342.0  19.0  -71.1  -21.4
-546.0  -414.0  1310.8  19.1  -89.3  -5.6
-577.2  -412.0  1286.8  6.1  -37.1  5.3
-570.8  -426.4  1334.0  -34.1  -62.4  -14.8
-573.2  -426.4  1347.6  -11.0  -72.3  20.4
-570.4  -438.8  1321.2  -14.4  -62.0  -10.9
-596.0  -424.8  1321.2  12.6  -85.1  35.1
-646.4  -484.4  1349.6  -40.0  -86.8  -27.5
-559.2  -484.4  1199.2  -253.5  -98.0  -35.8
-516.0  -657.2  691.2  -579.2  -357.2  153.7
-650.8  -35.6  -786.4  -807.7  -1910.7  -415.6
100.4  -230.8  2360.4  3276.7  -1589.7  -694.0
-13.6  -270.0  2732.0  691.4  604.3  -47.8
102.0  -256.8  1968.4  -273.0  -52.0  -196.3
-98.8  -204.4  1425.6  -241.0  167.2  352.5
-260.0  -109.6  1465.2  201.6  171.0  -126.3
-127.2  -124.8  1639.6  26.5  310.1  16.5
-234.8  -179.6  1639.2  -119.3  318.7  -29.4
-349.2  -246.0  1586.0  -298.1  523.5  94.7
-412.8  -253.6  1366.0  -353.9  440.4  76.7
-484.8  -280.0  1240.8  -439.8  378.5  105.2
-517.6  -357.6  1160.0  -18.5  58.6  -101.4
-534.8  -379.2  1173.6  -260.2  39.9  137.3
-595.6  -405.6  1154.8  -35.9  -43.9  79.8
-556.4  -390.8  1276.8  -95.7  -1.3  71.1
-602.8  -407.6  1272.0  -63.0  -76.2  89.8
-598.4  -427.2  1338.0  -58.9  -4.2  14.6
-571.6  -427.2  1280.8  -37.5  -14.0  17.0
-568.0  -425.2  1325.6  0.4  -40.5  35.4
-612.8  -428.8  1333.2  -115.6  -0.9  48.4
-572.0  -450.0  1294.4  -66.2  -24.0  13.4
-632.4  -415.6  1294.0  -29.7  -90.0  63.5
-636.0  -454.4  1300.0  -45.0  4.7  12.4
-643.6  -450.0  1231.2  7.2  -65.3  -11.7
-614.0  -469.6  1328.4  -25.5  -28.8  -24.9
-611.6  -469.6  1268.8  -19.2  -24.4  -35.9
-581.6  -492.4  1250.0  60.8  4.6  -28.5
-567.2  -476.4  1280.4  25.6  -72.1  4.9
-652.4  -468.8  1279.6  74.8  -92.4  -0.2
-621.2  -470.8  1290.0  34.2  -20.0  -30.8
-619.2  -460.8  1276.4  58.5  -85.0  12.3
-638.8  -459.6  1340.4  38.0  -31.1  -14.9
-615.6  -446.8  1337.6  -21.7  -34.2  -8.2
-597.6  -476.4  1334.4  -130.8  24.6  31.0
-628.0  -503.2  1329.6  -199.4  9.8  5.6
-578.8  -531.6  1241.6  -439.8  55.9  23.6
-610.8  -637.2  690.4  -1018.1  9.7  129.9
-301.2  -152.8  -1180.4  -552.6  -1667.2  -780.7
-768.4  188.4  1324.4  3276.7  -3068.9  -765.1
38.0  -419.6  3276.7  3225.5  924.7  -312.3
332.4  294.4  2440.0  110.2  -104.2  201.0
75.6  141.2  1937.6  -827.6  299.2  83.4
-152.4  89.2  1602.4  -393.7  30.8  93.0
-226.8  92.0  1644.0  -435.1  608.6  -35.1
-265.2  -78.4  1660.8  -620.5  484.0  73.5
-334.4  -170.8  1493.2  -468.2  399.5  78.2
-418.4  -220.4  1392.0  -430.1  357.3  208.9
-499.2  -274.0  1204.4  -480.6  322.4  102.6
-528.4  -348.8  1211.6  -246.4  189.2  -9.8
-530.4  -385.2  1158.0  -87.3  29.1  71.2
-584.4  -384.4  1294.0  195.0  32.2  -53.3
-569.2  -388.0  1245.6  43.3  116.7  104.3
-566.4  -341.2  1275.2  -55.6  -32.1  -53.8
-567.2  -342.8  1321.6  47.3  -33.4  20.3
-601.6  -369.6  1350.8  -40.1  38.9  -23.5
-558.8  -339.2  1351.2  37.4  -81.0  7.6
-581.2  -382.0  1305.2  69.9  -35.7  38.4
-564.0  -355.2  1326.0  35.6  -6.0  7.6
-572.8  -364.0  1289.2  -3.4  -69.3  45.5
-621.2  -371.2  1335.6  -31.1  -66.7  7.3
-627.2  -361.2  1298.8  9.7  -59.6  8.0
-587.2  -364.4  1316.0  14.6  -26.3  -6.7
-580.4  -375.2  1312.0  29.4  -72.0  7.3
-611.2  -384.8  1333.2  20.0  -57.2  -0.7
-594.0  -374.0  1338.4  -17.8  -64.5  20.7
-600.0  -402.8  1326.0  -40.2  -27.5  25.4
-585.2  -397.6  1304.4  -73.7  -64.7  22.1
-609.6  -394.8  1205.2  -40.5  -120.3  -14.5
-580.4  -460.4  1088.0  -268.7  -166.8  -9.2
-427.6  -570.4  691.6  -1478.1  -425.7  171.1
-927.6  -626.8  310.8  -899.1  -2192.9  -286.1
-344.4  -534.0  1324.4  2658.2  -1371.4  -628.8
-186.4  -69.2  2362.8  2117.4  1010.5  -323.3
244.0  72.0  2259.6  641.7  112.5  -330.5
103.6  87.2  2093.2  -142.7  124.5  63.9
-253.6  67.2  1789.6  -861.7  229.5  21.0
-322.0  -82.8  1552.4  -536.6  529.8  -13.7
-413.2  -197.6  1415.6  -463.5  586.7  74.8
-433.2  -252.8  1369.6  -230.1  436.3  -96.1
-515.6  -315.2  1235.2  -186.9  307.9  84.0
-616.0  -334.4  1177.2  -158.2  13.1  -13.4
-596.4  -390.8  1191.6  -116.8  92.2  -43.6
-548.8  -384.4  1155.2  -165.2  46.0  -54.2
-558.8  -418.0  1249.6  111.5  -79.6  7.0
-594.8  -368.0  1297.6  33.1  -38.1  -10.4
-592.8  -362.8  1299.2  64.5  -79.5  12.0
-609.6  -367.2  1306.0  19.4  -30.1  -17.4
-577.2  -367.2  1336.8  50.0  -45.2  -28.9
-569.6  -374.0  1376.4  13.7  -72.6  4.1
-567.2  -362.4  1350.4  -12.7  -66.7  43.7
-613.2  -370.0  1354.0  -2.1  -85.7  34.3
-684.4  -366.0  1351.2  -78.8  -130.1  13.9
-604.4  -369.6  1299.6  -102.5  3.6  12.7
-610.4  -412.4  1226.0  8.7  -72.6  4.9
-570.4  -422.8  1283.2  21.4  22.4  -16.4
-593.6  -398.4  1270.4  38.8  -99.8  4.7
-611.2  -388.4  1329.2  71.7  -41.1  -11.9
-586.4  -398.8  1344.8  40.9  -68.5  0.8
-602.8  -384.0  1340.8  -23.6  -32.9  1.1
-634.4  -413.6  1323.2  15.0  -48.4  33.5
-599.2  -418.8  1338.4  -53.3  -35.9  -31.4
-603.2  -413.6  1321.6  -9.1  -21.0  7.5
-603.2  -424.0  1304.0  -85.4  -80.2  -3.9
-611.2  -454.8  1106.8  -153.3  -157.7  -42.4
-804.0  -579.6  -80.8  -196.7  -872.2  -35.7
-305.6  71.2  -280.0  1629.3  -1526.0  -837.6
-151.2  114.4  2993.6  2922.2  905.8  -304.9
-597.6  1232.0  2076.8  1877.5  -722.9  247.5
-85.2  276.8  2082.4  -857.6  -112.2  80.4
-232.0  52.0  1573.6  -881.6  85.5  62.5
-287.2  100.8  1448.4  -411.6  110.2  35.6
-310.8  16.0  1553.2  -138.8  215.5  -39.1
-361.2  -84.4  1600.0  -144.9  49.0  -48.4
-380.8  -144.4  1514.8  -96.9  57.4  -126.8
-446.0  -162.8  1479.2  -228.3  370.1  24.9
-472.4  -219.6  1374.8  -405.6  109.4  -9.4
-506.8  -244.8  1164.8  -245.0  152.5  -55.4
-534.8  -344.0  1254.8  -209.3  298.1  -69.0
-569.2  -334.4  1174.0  -197.4  84.8  33.1
-550.8  -348.8  1216.8  -34.4  33.2  -91.1
-564.8  -337.6  1226.0  -7.2  -67.5  59.2
-609.6  -347.6  1350.8  7.7  -46.3  -5.2
-551.2  -380.8  1353.2  -24.2  -33.9  16.0
-600.0  -367.6  1366.8  -35.0  -52.1  38.7
-582.0  -333.2  1331.2  -13.8  -64.8  21.2
-586.0  -380.8  1334.0  -40.8  -53.8  40.1
-601.6  -360.8  1336.0  -43.8  -38.8  53.3
-623.2  -381.6  1308.8  -39.1  -22.1  9.9
-586.4  -378.8  1327.6  -3.8  8.4  24.5
-613.6  -384.4  1295.2  -36.5  -76.3  11.6
-611.6  -391.2  1290.4  -42.5  -56.9  31.8
-614.8  -406.8  1313.2  -40.4  -29.7  5.2
-620.8  -407.6  1287.6  -4.6  -28.1  10.1
-649.2  -402.8  1318.8  -22.3  -68.0  -11.5
-618.4  -433.2  1314.0  -51.3  -31.4  2.3
-614.0  -420.4  1270.0  -34.5  -55.5  -9.0
-618.4  -432.0  1274.4  45.7  -63.6  -35.8
-616.8  -414.4  1323.6  8.7  -44.0  -8.8
-607.6  -456.4  1353.6  -96.7  -20.2  3.3
-606.0  -480.8  1290.4  -204.7  31.4  -3.2
-542.4  -590.8  970.4  -359.9  30.1  129.8
-442.4  -648.4  -335.6  -600.7  -763.7  66.8
-792.0  -50.8  899.2  2014.4  -2863.1  -677.4
1.6  -102.4  3007.2  1288.7  1375.8  222.7
-268.4  -242.8  1936.0  -479.2  -93.6  178.0
-210.0  -212.8  1598.4  -143.0  -109.3  171.0
-373.6  -137.6  1544.8  -76.7  -33.8  -12.3
-271.2  -184.8  1654.0  157.9  250.3  -97.1
-352.8  -247.6  1604.4  -175.7  131.5  -45.7
-409.6  -294.8  1448.0  -66.3  208.9  -11.4
-510.8  -310.8  1326.4  -167.5  259.0  71.5
-522.0  -362.0  1362.4  -116.3  176.4  -35.3
-530.4  -324.4  1236.4  -61.2  193.6  9.8
-544.4  -374.8  1320.0  90.6  43.6  -114.0
-547.6  -337.2  1214.8  -135.5  67.7  -7.6
-605.2  -383.6  1301.2  79.7  0.4  -89.5
-582.4  -350.8  1277.6  -85.3  83.6  4.6
-606.0  -364.8  1289.2  41.2  -89.4  -38.0
-581.2  -363.2  1331.6  -3.3  39.8  -36.9
-585.6  -360.8  1288.8  -25.6  -12.8  16.0
-605.2  -382.0  1272.0  -37.5  -71.4  -28.0
-585.2  -384.8  1282.8  32.0  -29.2  2.2
-577.6  -412.0  1314.0  3.2  -58.4  -21.2
-637.2  -394.8  1302.8  75.7  -61.3  -3.7
-602.8  -403.6  1314.8  35.9  -21.1  -16.1
-609.6  -386.8  1301.6  29.5  -65.3  -25.6
-616.8  -396.8  1349.2  26.7  -59.6  19.1
-615.6  -389.2  1338.0  -6.8  -50.1  -7.6
-611.2  -431.6  1316.0  14.2  -48.6  18.2
-583.6  -396.8  1345.6  -7.8  -61.6  -21.4
-630.4  -401.2  1342.8  -5.2  -54.3  3.1
-612.4  -426.4  1380.0  -124.3  -0.4  28.0
-609.6  -414.0  1339.6  -151.8  56.6  24.5
-624.8  -444.0  1305.2  -273.4  101.6  71.3
-660.4  -522.0  1113.2  -333.0  -33.5  14.8
-813.6  -822.8  149.6  -693.8  -391.0  385.5
-575.6  -104.0  -480.8  -1010.0  -1812.4  -358.6
-76.8  81.6  1250.8  2960.2  -2531.6  -1094.7
170.8  -287.2  3276.7  1622.7  1443.3  73.9
34.8  -251.6  2168.4  -138.8  60.6  -177.0
146.4  -142.8  1712.4  -103.0  44.1  83.2
-322.8  -73.6  1611.2  1.4  -109.9  84.8
-91.6  -92.0  1554.4  167.8  296.4  -19.5
-173.6  -183.2  1761.6  -172.3  379.3  -116.9
-314.0  -279.6  1590.8  -469.2  416.0  237.5
-381.2  -304.0  1394.4  -327.6  583.6  134.6
-411.2  -268.0  1296.0  -285.0  534.9  147.8
-531.2  -279.6  1121.6  137.4  -31.6  -161.6
-492.8  -330.8  1171.6  70.5  208.4  83.4
-538.0  -334.4  1339.6  9.9  -74.1  37.0
-529.2  -341.6  1297.2  -17.0  -116.0  22.9
-561.6  -353.6  1400.4  -58.4  -3.1  37.0
-576.4  -337.6  1341.2  -99.6  -31.2  26.1
-569.2  -357.6  1276.8  -40.3  70.2  -31.1
-565.2  -364.8  1272.8  107.2  -33.6  6.0
-576.0  -371.2  1368.4  21.2  -11.7  13.0
-606.0  -346.4  1365.6  49.4  -11.6  31.6
-592.0  -354.0  1355.2  -37.8  -1.5  19.8
-580.8  -337.6  1336.8  6.8  24.6  -10.2
-580.4  -318.0  1328.8  -33.4  -11.5  30.0
-585.2  -350.8  1282.4  -27.9  -2.5  1.0
-625.6  -349.2  1317.2  4.1  -44.6  7.1
-606.4  -366.4  1302.4  -53.2  7.2  -6.8
-601.2  -364.4  1274.4  -1.1  -41.7  9.3
-643.2  -399.6  1239.6  6.9  -60.9  4.6
-618.0  -404.4  1298.4  6.1  -29.8  6.4
-613.2  -385.2  1294.8  10.7  -67.1  -10.3
-604.4  -381.6  1310.4  29.6  -58.9  6.5
-629.2  -397.2  1321.2  21.4  -62.2  -17.9
-620.0  -384.8  1310.8  18.0  -63.6  3.6
-629.6  -380.0  1316.4  -45.6  -31.2  -50.2
-618.4  -420.0  1180.0  -263.6  -36.5  -17.2
-642.0  -453.6  764.0  -1084.7  -101.3  -44.2
-636.8  -501.2  99.2  -1161.8  -961.5  -383.6
-367.2  -554.0  576.8  2363.8  -2602.7  -520.1
-89.6  -1250.8  3276.7  2568.9  2076.0  -262.6
-395.2  131.2  1613.2  431.9  -580.1  -31.0
8.4  -24.8  1976.0  -735.6  278.7  -261.6
-241.6  -12.4  1605.6  -430.7  29.8  270.2
-397.6  -94.0  1521.6  -376.3  199.5  -22.5
-395.2  -181.2  1477.2  -146.0  288.2  0.1
-478.4  -260.0  1437.6  -321.6  138.5  -36.7
-480.0  -332.8  1367.2  0.5  262.7  49.5
-526.8  -308.4  1266.0  -81.3  119.1  -36.8
-516.0  -314.4  1303.6  345.7  -6.0  -85.8
-542.0  -297.6  1157.2  -67.2  219.8  -138.8
-582.4  -336.4  1327.2  192.8  26.8  -114.2
-594.8  -323.2  1297.2  -9.7  150.2  -32.1
-626.0  -292.0  1300.0  -118.0  17.9  33.2
-623.2  -324.0  1302.4  -156.8  -16.7  49.4
-629.6  -343.2  1277.6  -126.8  -60.3  19.5
-623.2  -356.4  1256.8  -120.3  -8.7  35.8
-640.8  -361.6  1278.8  -2.0  -80.7  56.0
-667.6  -337.2  1271.2  9.5  -94.3  -9.3
-653.6  -359.6  1296.0  -20.6  -58.6  32.0
-652.8  -375.6  1272.8  -59.6  -67.3  -4.5
-638.8  -404.4  1323.6  43.4  -35.2  7.6
-627.2  -368.0  1263.6  34.3  -66.3  -15.4
-647.2  -372.4  1352.4  45.1  -46.7  16.0
-635.6  -395.2  1326.0  -49.9  -29.5  -1.4
-626.0  -397.2  1319.6  -60.4  -39.8  -1.2
-646.0  -396.4  1267.2  -71.7  -64.0  19.3
-641.2  -398.0  1286.8  3.2  -64.3  -3.9
-636.4  -417.2  1296.8  14.7  -31.6  10.7
-658.4  -391.6  1266.4  48.1  -84.9  -10.9
-665.2  -429.2  1303.2  30.8  -38.9  -8.3
-646.4  -416.4  1359.2  -11.4  -46.3  -1.3
-706.8  -430.8  1308.8  -187.6  -82.0  8.6
-658.0  -449.6  1196.8  -549.2  -102.4  19.1
-650.8  -539.2  530.4  -1008.9  -451.7  197.5
-568.4  -334.0  -248.0  -1309.9  -1426.5  -338.0
-638.8  -84.8  434.8  2136.8  -1928.8  -500.3
-1242.0  -1619.2  3276.7  3276.7  128.3  -326.2
224.4  675.6  1874.8  -12.9  -331.0  -419.4
77.2  0.4  1876.8  -468.7  149.9  11.6
-244.4  0.0  1532.0  -255.5  -101.3  183.4
-324.4  -10.0  1345.6  -156.7  137.0  -3.0
-263.6  -145.2  1599.6  -100.2  193.6  -55.0
-322.4  -206.8  1805.2  -275.1  160.1  -32.7
-396.4  -296.8  1566.4  -687.1  481.0  120.1
-371.2  -318.0  1266.0  -314.6  364.8  4.8
-516.4  -339.6  1142.0  -330.9  157.6  214.7
-546.8  -376.4  1281.6  -87.1  53.1  25.6
-524.0  -382.8  1190.8  -161.9  53.3  11.5
-546.4  -409.2  1295.2  135.5  -50.7  32.3
-584.0  -392.0  1207.6  -26.7  -91.5  -20.6
-554.4  -416.0  1318.8  125.5  -99.2  -2.5
-553.6  -386.0  1276.8  -27.5  -82.1  -7.0
-538.8  -408.4  1322.8  30.8  -65.8  10.9
-564.0  -423.2  1333.2  30.7  -46.3  24.7
-558.4  -406.0  1327.2  64.3  -45.7  -20.7
-557.2  -385.2  1324.4  34.4  -69.0  -0.4
-554.4  -397.2  1341.2  11.7  -45.1  3.1
-551.6  -403.6  1375.2  30.2  -66.6  4.6
-546.8  -393.2  1309.6  20.0  -72.4  -1.2
-519.2  -409.2  1325.6  41.4  -56.3  4.2
-558.4  -410.8  1346.8  31.8  -68.0  4.5
-547.6  -393.2  1352.4  6.3  -51.0  3.3
-542.4  -386.0  1321.2  54.0  -92.1  -5.7
-545.2  -411.2  1371.6  10.3  -53.8  20.3
-540.4  -407.2  1316.8  20.9  -68.6  -8.8
-538.0  -390.8  1281.6  49.7  -82.4  3.5
-551.6  -401.6  1374.0  41.8  -65.6  3.0
-536.0  -415.6  1334.8  34.8  -59.4  4.1
-547.2  -402.4  1387.6  28.0  -53.3  -19.6
-553.2  -404.4  1361.6  42.1  -52.4  -9.0
-514.8  -395.6  1327.2  6.0  -80.4  -4.4
-547.2  -382.8  1406.0  39.8  -67.2  17.4
-597.2  -402.0  1438.0  -301.6  -2.8  25.8
-542.4  -476.4  1084.8  -1124.5  113.2  0.7
-261.6  -122.0  -1663.6  -1370.0  -1045.3  -347.9
-373.6  -13.2  2294.0  3276.7  -284.6  455.2
-1387.2  -1184.0  3193.2  2004.4  -737.8  22.4
-325.6  -148.8  1926.0  -1407.3  -103.4  -122.6
-252.8  -276.0  1136.4  -648.8  -110.3  -10.0
-311.6  -203.6  1310.4  404.4  -31.9  26.6
-301.6  -238.0  1652.0  438.8  -120.0  -133.0
-326.0  -291.6  1640.8  -64.8  32.3  -65.5
-367.2  -357.2  1555.6  73.5  212.5  -87.0
-418.0  -321.6  1448.0  126.6  155.6  -9.0
-401.2  -326.8  1452.4  370.0  276.1  -189.7
-491.2  -306.4  1231.6  -269.7  57.1  17.0
-491.2  -365.2  1282.4  137.5  -34.2  -92.3
-560.8  -308.4  1201.6  -157.9  -21.9  29.7
-602.0  -400.8  1231.6  174.5  -147.1  -85.4
-554.8  -324.0  1245.6  -63.8  41.5  27.8
-537.2  -349.2  1314.0  126.2  -28.7  -44.6
-526.4  -336.8  1323.2  14.8  -23.8  -5.0
-521.6  -344.0  1368.8  18.8  -42.4  15.2
-565.6  -329.6  1345.6  -10.4  -69.3  -6.9
-539.2  -322.4  1383.6  11.9  -42.9  24.8
-550.8  -345.2  1342.4  -60.1  -29.1  -30.2
-529.2  -351.2  1324.8  33.9  -90.8  39.7
-538.0  -346.4  1322.0  -4.0  -4.4  -18.5
-518.0  -339.6  1352.8  -18.1  -70.2  -1.0
-542.4  -333.2  1320.8  -41.7  -26.7  -0.9
-529.2  -365.2  1354.8  -16.4  -58.7  19.9
-575.6  -371.6  1330.4  -12.1  -70.8  3.3
-559.2  -397.2  1345.2  -2.5  -53.0  17.2
-562.4  -383.6  1317.6  22.7  -52.3  -16.8
-544.8  -376.8  1354.8  18.6  -75.7  -21.9
-566.8  -383.2  1346.4  42.3  -32.6  1.7
-549.2  -379.6  1345.6  -11.1  -67.7  -14.5
-554.4  -366.0  1306.0  39.1  -51.0  -1.2
-556.4  -396.0  1327.2  36.9  -51.5  -5.6
-569.2  -369.2  1315.2  7.4  -65.3  18.9
-566.0  -383.6  1354.0  33.6  -32.0  -12.4
-561.6  -394.8  1313.6  10.5  -72.5  9.7
-566.4  -407.6  1349.6  38.7  -27.0  -24.6
-554.8  -394.0  1331.2  -12.8  -27.1  -1.4
-604.8  -392.4  1358.8  -47.2  -55.4  8.5
-621.6  -409.6  1352.0  -92.6  -67.3  -18.5
-563.6  -429.2  1190.0  -186.7  -77.9  -36.0
-600.8  -583.6  986.4  -334.3  -128.7  -12.4
-541.6  -366.4  239.2  -2248.9  -770.5  -137.4
-238.8  -513.6  -315.6  -31.0  -1554.9  -374.1
-1087.6  -464.0  3033.6  3276.7  114.1  411.7
-344.0  -324.4  2989.2  484.1  565.8  -595.8
44.8  -411.2  1954.4  -798.4  -80.6  -458.5
-142.0  -300.4  1413.2  -102.2  -32.7  242.4
-484.0  -249.6  1477.2  -7.1  -25.0  -24.9
-321.2  -354.8  1424.4  144.0  37.0  18.1
-400.8  -394.4  1505.2  238.5  20.3  -88.3
-389.6  -407.6  1583.2  227.6  233.1  41.5
-434.8  -379.6  1346.4  42.1  358.2  -180.8
-464.0  -346.0  1329.6  -21.0  448.2  32.3
-522.4  -363.6  1214.8  170.9  -92.4  -192.1
-549.6  -337.2  1278.4  -6.4  163.6  49.4
-579.2  -366.4  1284.0  165.1  -34.7  -75.6
-563.2  -338.4  1253.6  -28.6  65.6  21.6
-578.8  -356.4  1329.6  114.1  -9.2  -22.5
-558.8  -358.0  1318.4  -24.4  -28.8  -12.4
-584.4  -374.0  1342.8  68.7  -71.3  47.8
-608.8  -369.6  1360.0  -47.2  -51.2  53.2
-588.8  -354.8  1364.0  25.7  -137.4  51.0
-578.0  -367.2  1281.6  -10.1  -34.8  33.1
-569.2  -351.2  1283.6  55.4  -94.1  19.5
-560.8  -342.4  1284.8  45.0  -69.9  -12.4
-578.8  -354.0  1325.2  28.8  -63.6  25.6
-576.4  -343.2  1328.8  -0.4  -49.4  -0.3
-569.6  -352.8  1322.0  1.4  -72.2  2.0
-594.4  -354.8  1299.6  14.9  -62.7  -3.0
-576.0  -380.8  1342.0  28.9  -49.3  3.7
-563.6  -358.0  1352.4  24.0  -72.7  -6.7
-571.6  -348.8  1342.4  13.9  -58.1  12.1
-576.8  -363.2  1338.4  19.4  -63.4  6.2
-590.4  -367.6  1352.0  9.0  -71.7  10.9
-564.0  -367.2  1374.8  -15.9  -29.4  2.2
-570.4  -364.4  1348.0  -2.8  -84.9  1.2
-553.2  -357.2  1370.8  -15.7  -70.7  32.6
-576.4  -375.2  1346.0  -107.1  -132.9  13.2
-547.6  -387.6  1222.4  -192.6  -234.6  0.7
-468.8  -467.2  872.0  -293.3  -367.5  -32.4
-513.6  -518.0  -28.4  -1381.4  -888.4  19.8
-1378.4  -504.8  249.2  290.2  -2097.4  -346.0
-300.4  -1117.2  3272.0  1856.8  1389.7  664.8
215.6  -543.2  2127.2  -66.3  556.6  -488.9
126.0  -237.2  2130.0  -154.1  -166.7  115.2
-279.6  -136.8  1739.2  91.3  -95.8  -102.8
-344.8  -216.8  1467.2  18.6  -56.3  -58.1
-340.0  -298.0  1490.0  147.1  157.3  -30.2
-326.4  -351.2  1492.8  28.4  312.1  -118.0
-426.8  -384.4  1470.0  -258.9  249.3  75.6
-407.6  -376.0  1299.2  117.7  398.2  -152.2
-549.6  -328.8  1394.0  -156.2  546.3  68.8
-569.6  -290.8  1148.8  -31.9  215.7  -239.1
-549.2  -342.4  1296.8  -36.3  379.0  95.0
-679.2  -402.0  1076.8  -145.9  -135.8  57.9
-619.2  -446.0  1140.0  -46.3  -106.9  86.3
-602.0  -492.4  1257.6  67.7  -297.7  132.8
-572.0  -411.6  1405.6  129.1  -256.7  149.3
-561.6  -445.6  1426.4  -78.3  -86.2  157.5
-529.6  -422.8  1492.0  -115.5  -166.7  239.2
-484.0  -485.6  1370.0  -153.8  -115.7  347.1
-611.2  -398.0  1388.0  -166.6  -238.3  499.2
-540.8  -450.4  1352.0  -224.7  244.5  390.4
-618.4  -298.0  1156.0  125.2  -134.0  546.3
-676.0  -376.0  1312.8  -167.7  89.2  181.2
-662.0  -257.2  1121.2  -104.8  -324.7  449.6
-689.2  -359.6  1251.6  -9.3  -5.2  193.0
-648.8  -296.0  1160.4  -87.3  -383.2  531.7
-650.4  -356.0  1300.4  24.5  -129.8  220.1
-499.2  -326.8  1220.0  -10.4  -385.9  444.0
-679.6  -300.0  1479.6  -84.3  -460.5  246.2
-572.4  -235.6  1318.4  -159.1  -197.3  313.9
-556.4  -249.6  1397.6  -109.3  -255.0  293.4
-579.6  -256.0  1344.0  -174.1  -24.3  187.2
-530.4  -268.0  1299.6  -76.0  -155.5  184.0
-551.6  -272.4  1352.0  52.4  -146.4  -47.2
-549.6  -312.0  1336.8  126.6  -218.0  16.7
-507.2  -303.6  1407.2  39.2  -219.7  -90.2
-512.8  -307.6  1379.6  81.7  -199.7  -23.7
-497.2  -288.4  1446.4  42.1  -44.2  -99.5
-469.2  -305.6  1423.6  9.0  -4.3  2.1
-529.6  -299.6  1347.2  47.5  44.6  -63.8
-500.4  -305.6  1372.8  78.1  -38.7  -73.9
-495.6  -312.0  1367.2  62.8  -29.8  -123.8
-470.0  -354.0  1361.6  17.7  -41.8  -49.9
-462.0  -348.8  1399.6  14.5  -30.4  -40.6
-532.0  -325.2  1352.0  -0.7  -1.9  -22.1
-535.6  -333.2  1357.2  54.0  -63.4  -39.8
-507.6  -363.2  1365.6  29.0  -41.7  -31.6
-514.8  -336.4  1392.0  40.9  -46.4  -13.2
-507.6  -326.0  1369.6  41.2  -48.0  3.3
-535.6  -316.0  1366.0  52.8  -54.9  22.3
-521.2  -325.6  1355.2  70.5  -54.3  -5.8
-500.0  -316.8  1359.6  25.8  -48.3  -7.4
-517.2  -318.0  1386.0  55.3  -81.2  -11.9
-497.6  -320.4  1380.8  31.2  -58.7  -3.0
-521.6  -312.4  1383.2  36.0  -46.2  18.2
-524.0  -307.2  1353.6  15.5  -32.9  -7.1
-516.4  -308.4  1407.6  28.8  -58.0  5.1
-537.2  -322.4  1380.4  15.2  -49.7  2.7
-537.2  -294.8  1344.8  45.0  -61.2  0.9
-520.4  -320.8  1390.4  40.3  -40.0  -10.9
-482.4  -318.4  1332.4  40.8  -73.8  -17.0
-547.2  -316.8  1396.0  41.5  -45.6  -16.1
-529.2  -326.4  1322.4  42.1  -68.6  -11.1
-524.0  -317.2  1402.4  42.0  -61.7  -12.8
-504.0  -312.8  1349.6  43.7  -46.5  -10.3
