257.2  80.0  1512.8  41.5  -56.2  -15.0
280.4  59.6  1521.2  28.6  -61.9  -14.3
253.6  87.6  1516.0  34.1  -81.6  -7.0
272.0  82.0  1553.2  48.3  -68.8  -35.7
260.0  89.6  1465.2  -3.6  -94.6  -10.7
218.0  125.2  1507.2  30.6  -125.9  5.0
225.6  57.6  1480.0  48.1  -80.8  -5.2
236.0  69.6  1425.6  25.5  -48.6  -13.7
246.0  94.0  1490.8  2.0  -61.4  4.4
280.8  59.2  1542.4  -0.5  -110.5  -26.1
291.2  52.4  1487.6  39.2  -66.4  -8.8
260.8  60.0  1500.8  27.7  -71.0  11.5
273.2  73.6  1500.4  14.6  -54.3  19.7
259.6  62.4  1467.6  28.7  -60.8  9.6
286.4  73.2  1532.0  52.7  -43.9  23.0
241.2  83.6  1509.2  52.2  -45.3  -15.7
265.6  73.2  1471.2  38.7  -54.8  -9.0
231.6  91.2  1531.2  64.9  -65.5  -6.4
260.0  65.6  1503.2  41.2  -55.0  25.8
306.8  77.6  1510.8  50.7  -33.4  19.1
302.0  85.2  1517.2  82.6  -55.5  10.3
283.6  68.4  1492.8  57.9  -75.3  46.7
344.4  65.6  1438.4  -17.2  -47.2  141.0
892.4  -22.0  1526.0  2.1  -73.7  183.7
1298.8  -56.4  1411.2  -3.0  -18.3  -34.6
1479.6  0.4  1516.4  -87.5  -211.1  -566.4
196.0  57.2  1444.0  28.0  191.0  -1349.9
-609.6  96.0  1587.2  -478.1  -459.1  -957.2
-1117.6  -238.8  1896.8  -51.4  -194.6  -426.5
-605.6  34.4  1616.8  -88.8  -314.8  218.3
28.4  -58.0  1551.2  -7.3  -370.8  522.7
-32.0  -88.8  1504.4  114.6  -18.4  295.3
195.2  19.6  1536.4  163.2  70.6  278.4
106.4  14.8  1377.6  250.1  95.2  346.3
340.0  42.8  1316.0  -2.3  -122.1  570.8
446.8  22.8  1558.8  -33.4  -60.0  506.5
564.8  -34.8  1523.6  49.5  -22.3  451.7
734.4  -77.2  1366.4  181.2  224.5  135.6
462.4  34.4  1638.4  147.4  42.1  58.3
619.6  -50.4  1573.2  -30.6  -185.0  -0.2
440.4  57.2  1665.6  55.4  -96.2  -104.2
266.0  62.8  1497.2  50.2  -96.0  -76.2
296.4  92.8  1496.4  142.3  -137.8  -28.0
256.4  97.6  1510.8  75.5  -37.8  3.2
320.4  68.4  1456.4  104.2  -37.9  -8.8
286.4  74.4  1504.0  36.9  -101.6  49.3
357.6  34.4  1470.0  62.8  -52.0  1.1
313.2  45.2  1499.6  37.3  -50.1  -10.4
308.0  62.4  1515.6  61.9  -67.8  -32.0
349.2  73.6  1466.4  31.8  -34.5  -44.4
308.8  62.4  1474.0  75.0  -69.3  -45.5
305.6  92.0  1517.6  75.6  -83.0  -33.2
304.4  69.6  1509.6  34.8  -57.5  -18.2
329.6  94.4  1466.0  54.9  -70.6  3.0
317.6  84.4  1480.8  31.3  -61.6  31.4
314.4  68.0  1510.8  20.5  -56.8  3.1
296.0  81.2  1500.0  44.9  -74.6  0.7
326.4  84.8  1508.4  41.5  -54.4  -13.9
330.4  56.0  1491.2  0.0  -36.6  -42.3
300.8  104.4  1504.8  14.8  -85.7  16.8
321.2  72.0  1487.6  35.2  -73.0  9.3
308.0  69.6  1477.6  39.9  -68.0  -4.4
297.2  88.4  1482.8  32.1  -64.6  9.7
303.6  73.2  1503.2  14.6  -40.2  16.7
313.2  64.4  1492.4  49.0  -55.4  9.9
294.8  66.4  1500.0  38.1  -66.6  6.5
326.4  82.0  1480.4  25.0  -53.4  9.8
319.2  71.6  1495.6  28.1  -60.3  24.6
301.2  72.0  1486.0  36.9  -61.6  -10.1
294.4  79.6  1487.6  44.8  -58.7  5.8
321.6  64.4  1466.0  36.6  -65.9  12.9
311.2  64.4  1525.2  56.2  -59.3  0.8
323.2  59.6  1485.2  29.9  -61.9  3.5
307.6  61.6  1494.8  56.8  -68.7  5.2
327.2  101.2  1504.4  0.7  -59.7  24.6
293.2  100.8  1468.4  46.6  -58.0  9.4
302.0  74.4  1496.8  45.8  -44.9  6.6
310.4  86.4  1518.4  21.7  -57.3  24.3
298.4  70.4  1490.0  30.1  -38.2  2.4
319.2  52.0  1497.2  39.0  -55.8  5.3
287.2  81.2  1503.2  48.7  -66.3  19.4
288.0  67.6  1468.4  28.7  -36.0  29.2
282.8  71.6  1470.8  66.3  -16.3  53.5
254.0  60.8  1472.4  4.1  11.7  135.5
385.6  -14.8  1472.8  -63.6  43.4  229.0
791.2  -97.6  1460.8  49.4  133.3  128.4
1349.2  -110.8  1561.2  -53.3  192.9  -79.1
1252.8  -182.4  1469.2  61.6  348.4  -713.2
252.4  5.2  1564.4  180.1  -216.4  -1234.9
-713.2  149.6  1308.8  300.3  -26.7  -983.0
-1178.4  204.4  1833.6  -475.3  -571.7  -787.2
-977.2  128.0  1561.6  222.9  -158.5  -118.2
-117.2  -246.0  1097.2  650.7  -402.4  253.2
-62.0  -45.2  1277.2  -54.3  -375.2  171.5
114.8  35.6  1436.4  124.0  90.4  305.8
160.8  -79.6  1620.4  145.2  585.0  86.6
262.0  13.6  1218.8  218.8  271.5  337.5
376.0  94.8  1408.4  15.6  -48.0  379.0
530.4  96.0  1420.0  -30.0  -249.6  368.9
629.6  -5.2  1557.6  97.4  -18.6  131.8
609.6  55.2  1547.6  162.3  -142.0  51.5
517.2  56.0  1778.8  -79.5  -214.9  58.8
373.2  96.4  1486.8  93.0  -131.2  -37.0
316.4  102.8  1573.6  160.3  -84.6  -41.2
248.8  131.2  1462.0  42.4  -26.1  20.6
248.0  101.6  1420.0  88.3  -82.8  -6.3
216.4  132.8  1458.8  90.6  -55.6  -15.6
215.2  88.4  1508.8  4.8  -16.7  -24.4
292.8  68.8  1473.2  94.5  -46.0  -1.9
329.6  82.0  1477.2  76.4  -59.6  -15.8
306.0  120.8  1559.6  104.7  -42.0  -36.1
185.6  103.2  1460.8  116.8  25.3  -24.8
293.6  149.2  1487.6  221.1  -35.9  -39.0
312.4  202.4  1591.2  49.5  29.5  -2.3
200.8  186.4  1477.2  103.6  47.4  -48.8
181.2  172.0  1505.2  110.8  -12.6  10.0
257.2  155.6  1523.6  9.6  -73.1  41.2
211.2  164.8  1546.8  -282.3  -27.6  145.0
191.6  112.0  1501.2  12.1  -33.2  19.1
213.2  122.0  1542.8  -13.1  -8.3  16.2
235.6  115.6  1435.6  37.5  -91.9  -16.5
223.6  109.2  1486.8  28.0  -80.1  10.4
224.0  108.4  1509.6  12.2  -76.0  9.2
214.0  126.8  1508.4  18.5  -75.4  6.1
236.8  120.4  1486.4  1.0  -75.9  2.5
219.2  94.0  1542.8  -14.4  -84.0  21.8
230.8  80.0  1533.2  -4.5  -58.2  23.7
250.4  56.8  1489.2  26.3  -69.7  -7.3
227.6  82.8  1492.0  8.0  -93.1  -4.7
237.6  97.2  1520.4  -5.2  -102.3  19.1
247.6  88.0  1498.0  25.3  -36.7  -21.7
272.4  77.6  1530.0  39.5  -65.6  -19.8
228.4  60.0  1508.8  5.9  -75.8  -25.1
249.2  51.2  1496.8  23.2  -58.9  -8.0
244.4  77.2  1487.2  33.2  -81.1  -25.4
254.0  99.2  1506.4  19.4  -69.5  -10.1
249.2  70.8  1513.2  20.3  -54.5  5.7
236.4  68.8  1514.8  24.8  -61.6  0.1
261.2  98.0  1487.6  51.9  -64.9  -14.3
208.4  31.6  1508.8  1.5  -73.5  15.0
246.4  62.8  1493.2  42.8  -52.8  2.1
246.8  69.2  1512.0  23.3  -72.9  -2.7
237.6  60.0  1505.2  34.1  -64.5  -5.1
220.8  58.0  1504.4  25.8  -60.1  0.6
260.0  65.2  1516.4  0.3  -63.6  24.8
247.2  51.2  1489.6  5.3  -74.6  -11.8
241.6  71.6  1503.2  35.0  -51.8  -10.6
240.0  74.4  1510.0  16.4  -70.3  3.6
278.8  66.4  1495.6  32.3  -51.1  -19.0
219.6  50.4  1501.6  27.1  -74.8  10.9
247.2  43.2  1486.8  21.1  -62.0  -0.1
248.8  69.6  1507.6  35.9  -63.0  -2.8
243.2  50.0  1490.0  27.8  -71.3  2.1
267.2  53.6  1528.8  19.2  -58.8  -1.7
237.6  43.2  1490.4  47.4  -61.2  -6.7
241.6  70.4  1464.8  15.8  -46.6  11.1
280.0  31.6  1486.0  45.5  -75.6  46.3
405.2  10.4  1510.4  8.2  -59.2  117.1
986.8  -41.2  1574.0  91.7  -19.7  144.9
1140.4  -177.2  1570.0  110.1  260.9  -187.9
840.0  -74.0  1083.2  241.7  164.1  -439.8
542.8  -31.6  1645.2  -403.1  -571.7  -518.5
-584.4  236.8  1571.2  -334.1  -444.2  -1136.0
-609.6  68.8  2096.8  156.2  -388.2  -898.2
-851.2  -12.8  1540.8  146.9  -325.6  -42.5
-189.6  26.8  1493.2  50.3  -116.4  326.3
4.0  21.6  1329.6  -110.3  -455.4  475.3
138.8  -19.6  1397.6  70.8  174.2  375.6
304.8  63.6  1412.4  121.3  228.6  211.1
366.4  63.2  1446.4  128.7  251.8  294.5
403.2  9.2  1414.0  19.0  -86.3  384.6
569.6  51.2  1405.2  58.8  17.1  258.3
685.2  36.8  1548.0  291.3  296.3  153.9
690.0  0.4  1570.0  119.8  75.4  43.5
520.8  30.0  1495.6  47.4  -183.5  -13.0
402.0  78.0  1601.2  123.9  -177.4  -70.5
289.6  55.6  1570.4  52.4  -81.9  -46.4
278.0  100.4  1535.6  61.7  -159.5  -48.2
270.8  96.8  1512.4  50.0  -116.1  -31.4
237.6  83.6  1488.0  98.4  -73.1  -17.1
300.4  86.0  1453.6  35.8  -77.7  -11.7
242.4  80.4  1530.4  50.9  -60.8  19.2
305.2  101.2  1495.2  51.5  -69.0  16.0
277.2  108.4  1551.6  33.4  -48.7  22.1
277.6  80.0  1481.6  35.8  -78.4  15.9
298.8  76.8  1487.2  -12.1  -67.7  -16.2
266.8  100.4  1486.0  23.4  -64.9  -12.3
272.8  102.4  1460.8  22.6  -36.0  8.3
269.6  57.6  1459.6  -10.4  -27.9  37.5
302.4  79.2  1484.8  -4.1  -28.4  14.1
258.0  110.4  1530.4  0.0  -47.8  -2.2
258.8  90.4  1550.0  28.4  -40.6  10.7
306.8  55.2  1464.0  34.4  -43.4  -19.0
296.4  70.8  1490.0  21.4  -69.1  0.3
264.4  126.8  1510.0  36.8  -59.9  18.2
235.6  93.2  1544.0  6.5  -40.6  32.8
281.6  39.2  1510.8  31.0  -46.2  11.6
277.2  56.0  1472.4  58.3  -78.4  -13.9
228.0  74.8  1498.0  20.6  -55.6  -2.7
228.8  71.6  1482.4  18.2  -55.3  8.7
280.4  88.0  1490.0  42.9  -55.4  25.4
248.0  89.2  1550.0  22.8  -59.3  4.7
236.8  71.2  1480.0  73.4  -79.8  15.2
247.2  50.0  1530.0  19.1  -27.7  10.8
268.8  43.2  1466.0  20.6  -44.1  -3.7
269.2  93.2  1531.2  12.4  -36.4  -17.0
259.2  72.4  1525.6  28.0  -56.0  -8.3
276.0  65.2  1515.2  38.2  -67.4  -10.9
236.4  52.0  1488.0  65.3  -67.3  -8.5
216.0  97.2  1507.2  72.4  -57.2  21.1
230.4  72.8  1495.2  20.6  -63.4  34.5
258.8  55.2  1494.0  27.8  -54.7  40.7
249.2  74.4  1504.0  36.5  -69.2  13.9
236.8  57.6  1526.4  36.6  -63.8  14.2
271.6  60.0  1468.4  75.1  -54.7  2.9
253.2  95.2  1521.2  58.2  -74.7  -0.6
285.2  44.4  1460.0  67.0  -89.6  31.1
358.4  8.4  1483.2  2.8  -61.8  106.8
572.4  -11.6  1629.6  -62.4  -81.1  178.2
1130.8  60.0  1563.6  154.9  25.7  25.7
1099.2  -126.0  1166.8  277.2  320.2  -464.1
712.0  -25.6  1467.2  -376.0  -281.1  -647.7
-537.2  85.2  1391.6  -99.1  -396.8  -815.0
-606.0  4.8  1924.4  -62.4  -281.9  -968.5
-1034.4  97.2  2363.2  8.3  -205.0  -336.9
-803.6  15.6  1539.6  128.6  -237.1  270.8
-193.6  -74.8  1355.2  -17.7  -267.3  643.0
64.8  6.0  1459.6  -39.1  54.9  389.9
449.2  10.8  1386.8  -129.8  248.0  477.7
448.8  29.2  1412.8  64.5  270.5  431.5
535.6  -46.8  1346.0  134.4  -15.7  414.9
839.2  -69.2  1392.8  70.8  -95.3  192.9
604.8  7.6  1652.4  229.7  32.7  -28.6
532.8  -32.0  1446.0  201.6  -199.2  -5.4
454.0  17.6  1611.6  52.2  -78.3  -80.0
262.4  131.6  1584.4  53.1  -146.8  -63.8
287.6  81.2  1539.2  81.8  -117.8  28.2
251.6  94.0  1410.8  117.9  -23.0  -29.4
209.6  44.0  1413.2  108.8  -134.1  61.3
234.4  4.8  1472.4  -44.8  -40.0  73.2
296.8  61.6  1516.0  50.7  -32.8  14.0
306.4  30.0  1518.4  13.1  -51.1  1.7
323.6  71.6  1464.0  55.1  -62.9  -34.5
272.8  97.6  1490.4  84.7  -82.1  -7.2
311.6  65.2  1495.2  63.4  -70.0  5.6
267.2  71.6  1492.0  20.5  -61.4  -2.8
271.6  71.2  1534.4  50.2  -49.4  11.7
288.0  81.6  1522.4  34.4  -33.5  12.4
303.6  95.6  1486.4  14.8  -72.6  4.4
298.4  76.8  1473.2  56.1  -63.1  2.0
268.4  64.8  1484.8  28.7  -56.7  2.5
253.2  85.6  1493.6  16.9  -61.7  -6.9
290.4  76.4  1468.4  26.9  -57.8  -5.8
261.2  100.4  1525.6  45.1  -56.3  8.3
294.0  81.2  1485.2  34.2  -56.9  0.4
290.8  80.8  1477.2  13.5  -57.4  -5.5
244.4  56.8  1503.6  32.6  -56.8  19.5
274.0  72.0  1495.6  12.5  -61.8  3.7
299.2  60.0  1486.0  50.5  -62.5  1.7
278.4  86.8  1512.0  45.1  -73.0  -15.4
283.6  62.4  1490.0  22.4  -70.8  -23.7
289.2  70.8  1475.2  42.7  -66.4  -34.3
258.8  72.0  1491.6  52.8  -82.6  -4.8
271.2  68.8  1506.8  8.8  -61.1  -24.5
284.0  79.2  1482.8  32.8  -67.8  -13.1
282.8  106.8  1508.0  55.7  -56.3  -15.6
304.0  72.4  1482.0  30.4  -72.5  9.3
283.6  68.4  1494.0  25.0  -60.1  0.4
293.2  67.6  1513.2  52.8  -74.1  -1.6
287.2  70.4  1510.4  44.6  -71.5  -3.4
297.6  72.8  1488.4  25.9  -76.5  -6.3
313.2  51.6  1484.8  30.7  -53.4  -14.2
295.2  95.6  1479.2  46.8  -71.5  -6.9
260.4  98.8  1502.4  35.3  -58.1  -9.5
307.6  82.8  1506.0  34.5  -57.8  -0.2
268.8  72.0  1513.2  54.3  -67.4  -1.4
285.6  95.2  1492.8  29.8  -53.1  -3.6
298.4  81.6  1484.0  30.4  -53.1  3.8
307.6  93.6  1528.0  51.3  -60.9  9.8
276.4  76.8  1503.2  49.6  -53.6  -12.7
288.0  67.6  1493.2  20.0  -65.4  -6.1
291.6  84.8  1500.4  44.8  -54.5  -6.3
303.2  80.0  1512.0  44.9  -70.2  0.0
297.2  66.0  1482.0  3.6  -57.0  12.9
287.6  67.2  1509.2  44.3  -53.2  -25.5
316.4  90.4  1510.4  59.3  -64.7  -5.3
272.4  86.0  1526.0  27.9  -60.4  2.1
282.0  78.4  1487.2  41.6  -55.6  12.3
313.6  59.6  1474.4  55.5  -39.0  21.9
371.6  62.4  1458.8  78.6  -54.6  49.5
710.4  -20.4  1534.8  47.5  -23.7  135.5
1056.0  25.6  1609.2  59.5  -53.2  -26.9
1357.6  -110.0  1264.4  251.5  586.5  -487.0
768.8  -190.0  1230.0  -357.3  -368.0  -840.4
-568.4  244.0  1922.8  -286.2  -218.1  -1248.3
-968.4  4.8  2058.8  -360.1  -628.7  -777.7
-776.8  -70.8  1538.4  -16.7  -409.4  -146.3
-274.4  -85.2  1768.8  212.8  -227.6  168.9
-143.2  -71.6  1470.4  -125.6  -226.1  492.6
-2.0  -11.2  1378.8  192.2  173.1  347.6
169.2  39.2  1371.6  155.3  121.7  417.7
332.8  30.8  1359.6  11.2  93.7  498.3
733.6  9.2  1272.4  2.8  -106.3  575.4
732.4  -32.4  1484.4  99.7  -96.4  388.9
664.0  -16.8  1440.8  16.9  -73.2  91.6
600.8  24.8  1475.6  170.5  19.1  30.3
504.0  -7.2  1556.8  54.2  -108.0  11.5
461.6  112.0  1554.8  143.3  -123.7  -100.6
330.8  92.8  1546.4  139.8  -44.0  -59.7
354.4  74.8  1486.8  70.4  -78.9  -32.8
360.8  63.6  1452.4  116.6  -63.3  -41.3
276.0  74.4  1483.2  38.7  -61.7  -42.7
237.6  103.2  1488.0  47.8  -43.1  9.6
345.2  77.2  1463.2  33.6  -64.0  47.6
343.6  88.8  1511.2  70.1  -82.4  -13.2
280.4  102.4  1462.8  35.1  -28.3  -29.1
301.2  93.2  1585.6  81.8  -71.7  0.2
349.6  104.4  1488.0  20.5  -75.2  -20.7
303.2  116.0  1508.4  62.2  -89.6  -39.5
313.6  103.2  1458.4  39.5  -25.7  -28.9
352.4  95.2  1443.6  49.9  -66.3  -14.5
309.2  51.6  1479.6  14.0  -83.3  -19.4
287.6  128.0  1456.8  44.4  -49.5  -29.7
278.0  125.6  1498.8  22.9  -26.0  32.9
384.0  87.6  1461.6  68.1  -70.7  -7.7
343.6  93.6  1473.2  69.9  -73.6  -30.9
299.2  134.8  1544.4  51.2  -85.3  -6.5
380.4  113.2  1440.8  13.9  -79.9  12.0
329.2  146.0  1482.8  21.3  -94.7  14.4
284.4  144.0  1524.4  23.4  -49.7  22.6
341.2  109.2  1466.4  34.2  -43.5  45.0
333.2  114.4  1503.2  30.9  -60.5  36.2
341.6  125.2  1496.8  40.4  -44.3  16.4
320.4  107.2  1476.0  80.8  -59.0  17.4
349.2  91.2  1500.8  105.2  -66.9  -5.5
314.0  121.2  1517.6  61.0  -81.2  -41.0
314.0  160.8  1505.2  58.4  -72.0  -43.6
330.4  171.6  1500.8  49.9  -61.1  -11.0
327.6  138.0  1510.0  29.9  -66.2  -11.8
328.8  129.2  1472.8  61.4  -80.9  -4.3
340.4  124.8  1442.8  33.7  -46.8  -26.2
316.4  147.2  1438.0  63.2  -35.1  -51.5
310.4  176.4  1469.6  21.5  -18.6  -12.4
295.2  162.8  1526.4  40.3  -21.2  -8.3
324.8  153.6  1511.2  18.0  -53.1  19.3
321.2  122.8  1520.4  15.5  -82.0  21.8
308.8  130.0  1505.2  20.0  -90.4  22.6
299.2  101.6  1454.0  9.9  -85.6  21.4
336.8  115.6  1456.4  -1.8  -51.6  -4.3
303.2  133.2  1543.6  -4.9  -63.7  3.7
338.4  121.6  1496.4  50.7  -79.4  -33.3
343.6  103.6  1459.2  57.4  -84.9  -29.3
303.2  108.0  1453.2  5.4  -57.7  -26.0
322.0  144.8  1537.6  11.3  -43.4  8.7
328.0  124.8  1493.2  25.0  -70.2  3.0
336.0  126.0  1494.4  35.8  -67.2  -17.5
303.2  144.0  1529.2  28.9  -46.5  -7.3
327.6  145.2  1509.6  60.2  -31.9  5.0
356.4  122.0  1500.0  7.9  -42.8  34.0
320.8  109.2  1482.0  89.1  -57.9  9.7
354.4  98.4  1444.8  62.9  -32.1  -5.4
422.4  124.8  1442.0  58.3  -50.0  24.9
815.2  17.2  1451.2  151.0  -18.2  91.7
1128.0  109.2  1408.4  209.1  -146.0  1.0
1403.6  52.8  1078.4  224.1  229.9  -221.2
557.6  175.6  1313.2  -154.0  -32.3  -832.3
-625.2  369.2  2085.2  -146.3  -70.0  -1574.8
-1185.2  416.0  2465.6  -331.4  -421.8  -773.0
-954.4  54.8  1574.4  85.4  -233.1  67.8
-482.0  16.8  1569.6  -384.8  -131.4  521.8
-158.4  -237.2  1639.2  -289.6  -342.9  689.8
289.6  9.6  1573.6  19.6  35.7  453.7
448.4  34.0  1322.0  145.7  89.0  386.7
649.2  -19.2  1244.0  155.1  -31.8  372.2
645.2  143.6  1485.2  162.1  -65.7  278.1
683.2  -54.4  1126.4  64.5  -58.8  248.7
603.2  87.2  1568.4  137.8  159.4  -36.6
674.8  18.4  1498.8  121.1  -42.0  -2.8
557.2  30.4  1463.6  47.2  -226.7  -95.9
368.8  98.4  1734.8  84.8  -121.5  -92.9
378.0  97.2  1451.2  208.4  -152.5  -75.9
383.6  143.2  1441.2  75.5  -121.5  -46.2
218.0  163.2  1470.8  130.2  -132.8  -42.4
354.8  95.6  1401.2  -0.6  -36.3  55.5
368.4  138.8  1471.6  35.0  -53.5  27.9
358.0  130.8  1532.0  6.2  -28.5  -18.2
334.4  150.4  1518.8  66.4  -38.2  -34.9
304.0  134.0  1525.2  71.9  -44.7  7.3
393.2  122.8  1440.0  28.3  -63.6  3.3
345.2  149.2  1497.6  49.5  -67.5  -11.1
340.8  158.0  1528.8  53.2  -49.6  10.6
374.8  121.6  1458.4  34.2  -50.7  7.9
342.8  132.4  1503.6  45.9  -69.5  -4.7
346.0  142.0  1460.8  41.1  -48.6  -25.4
336.8  141.2  1490.8  29.3  -65.0  18.5
356.0  140.8  1509.2  55.1  -51.2  1.9
373.2  146.0  1503.2  54.1  -55.9  -2.7
354.0  138.0  1480.0  45.8  -73.6  -18.9
334.4  129.6  1478.4  66.6  -83.9  4.5
363.6  114.0  1460.4  10.7  -62.8  10.4
353.2  162.4  1472.8  36.2  -64.0  -25.5
332.0  167.2  1459.6  18.3  -60.1  9.3
362.4  150.0  1495.6  47.5  -56.6  29.9
361.6  130.4  1482.4  15.8  -40.7  24.5
364.0  113.2  1489.2  5.8  -56.0  -4.0
351.2  143.2  1526.4  29.8  -64.7  0.6
371.2  117.6  1438.4  32.2  -55.9  9.0
318.4  147.6  1485.6  40.1  -57.6  3.3
357.6  122.0  1483.6  49.2  -54.4  -7.7
335.6  136.4  1477.2  23.7  -46.5  -1.9
367.2  134.0  1505.6  27.5  -64.2  4.9
382.8  152.4  1488.4  33.1  -67.8  -24.8
329.2  124.4  1476.8  51.6  -70.4  -1.6
364.0  123.2  1470.8  3.7  -60.3  -3.6
343.2  152.0  1509.2  34.6  -66.8  -3.8
353.6  129.6  1490.4  42.2  -70.8  1.8
330.8  124.8  1462.8  23.8  -55.5  -17.0
376.0  142.8  1462.8  21.2  -47.8  -3.3
346.0  146.8  1495.6  37.6  -59.5  4.0
366.0  105.2  1494.4  29.3  -58.1  -4.1
345.6  122.0  1494.0  27.5  -64.6  -12.2
356.0  138.0  1468.8  40.4  -70.8  -12.0
345.2  143.2  1479.6  40.7  -76.7  -5.9
339.2  152.4  1504.0  18.9  -45.4  0.1
372.8  126.0  1488.8  36.7  -59.6  -1.5
348.8  137.6  1502.4  45.6  -55.5  -3.1
350.8  144.8  1502.8  54.9  -52.7  3.4
354.0  127.6  1484.0  38.2  -67.3  -1.5
342.8  138.8  1468.4  37.7  -58.0  10.3
378.0  122.8  1480.4  57.8  -37.8  36.8
714.8  48.4  1511.2  55.1  -44.7  175.8
1126.4  -12.0  1446.4  223.1  80.8  14.9
1279.2  -3.2  1202.0  389.3  270.0  -217.5
936.4  78.0  1210.4  -84.1  9.9  -724.6
-353.2  158.4  1602.0  -380.9  -454.8  -828.5
-652.8  244.4  2015.2  -127.9  -398.7  -1011.5
-866.4  114.0  1869.2  -361.0  -352.2  -406.5
-506.4  60.4  1734.0  -67.9  -325.6  383.8
-208.8  -36.8  1530.4  -43.9  -8.0  390.9
-13.2  -86.4  1386.4  316.1  174.5  511.0
46.4  -287.6  1351.6  179.1  349.7  227.0
432.8  -36.0  1449.2  183.4  143.7  316.2
712.0  33.6  1262.4  303.0  279.9  241.6
832.4  107.2  1511.6  145.1  -94.2  206.0
621.6  80.0  1331.2  151.4  6.8  15.1
601.2  117.2  1440.0  62.8  -171.5  35.0
532.4  184.0  1584.4  106.8  -32.2  -108.5
293.2  198.8  1589.6  62.8  -151.7  -45.5
318.4  144.8  1439.2  121.7  -219.5  16.0
338.0  155.6  1491.2  78.3  -140.4  2.6
372.0  181.2  1518.0  69.5  -111.0  -0.8
298.8  184.4  1474.4  95.9  -65.1  9.5
282.0  162.8  1492.4  47.3  -56.4  35.2
332.8  148.4  1490.4  9.3  -71.2  34.8
292.8  162.8  1474.4  24.3  -63.3  -1.2
316.0  146.4  1483.2  21.7  -79.2  5.1
338.0  201.6  1462.8  51.1  -55.3  -9.6
381.6  183.2  1480.8  3.9  -55.2  -4.1
347.6  185.2  1466.4  53.8  -64.3  -0.2
340.4  180.0  1474.0  28.1  -56.0  15.2
357.2  172.0  1486.4  40.6  -72.5  40.0
318.0  160.0  1462.4  -3.8  -53.3  42.8
330.8  159.2  1470.0  -3.9  -38.6  37.6
343.6  166.0  1507.2  25.2  -63.4  25.8
351.2  141.6  1462.4  43.9  -52.1  1.7
324.0  135.2  1485.6  44.9  -65.9  8.0
317.6  142.8  1515.6  2.5  -63.1  0.0
316.0  162.4  1468.0  48.3  -61.5  -25.2
321.2  157.6  1510.0  21.3  -73.2  12.1
334.8  176.4  1510.0  19.5  -53.7  12.8
314.4  144.0  1505.2  32.1  -62.7  6.9
343.6  150.4  1503.6  26.9  -47.2  -16.1
334.0  132.0  1474.0  38.8  -59.8  -8.6
324.4  144.0  1456.4  38.0  -67.0  -0.7
337.6  128.0  1492.8  37.5  -58.6  -7.1
339.2  147.6  1491.2  51.0  -68.6  -2.3
284.8  156.0  1491.6  30.8  -58.6  -8.3
342.8  140.8  1497.6  30.9  -52.4  7.0
353.2  148.0  1494.4  21.5  -59.0  -3.8
345.2  144.0  1470.8  27.9  -58.9  -8.0
323.6  151.2  1473.2  44.0  -66.4  6.5
320.8  135.6  1472.8  9.4  -61.0  9.7
326.0  147.6  1532.8  28.2  -48.0  18.4
359.2  147.6  1476.0  42.5  -52.5  -2.6
328.8  135.2  1463.2  35.1  -53.9  -7.0
335.2  153.2  1512.8  36.5  -48.9  11.5
341.6  158.4  1492.8  16.3  -48.3  -7.6
318.4  157.6  1480.0  33.7  -67.1  -22.9
299.2  172.4  1480.8  69.5  -64.2  -13.0
348.0  209.6  1500.4  70.1  -13.8  33.5
509.6  127.6  1472.4  48.8  -15.4  101.6
820.8  54.0  1542.4  34.8  47.9  87.9
960.0  27.6  1361.6  13.9  -66.5  89.9
957.6  -37.6  972.8  -25.3  -366.1  -78.9
753.6  2.0  1448.8  151.5  -43.3  -428.5
-102.0  146.8  1614.8  59.2  -101.3  -1349.6
-860.0  442.8  2207.6  -333.8  -534.9  -899.9
-782.0  127.2  1815.6  9.2  -30.3  -368.2
-477.6  45.2  1500.8  -24.5  -270.8  439.8
-64.0  68.4  1580.4  -131.3  -11.4  573.5
-13.2  28.0  1388.4  153.4  270.5  418.7
158.4  32.0  1129.2  -45.5  206.4  546.5
628.0  46.8  1360.4  10.9  189.3  543.4
625.2  136.4  1046.0  49.3  -29.9  298.0
999.2  53.2  1684.0  -89.1  -125.8  235.8
942.8  -68.0  1514.0  209.6  -212.7  -14.5
670.0  44.4  1736.8  235.7  -72.3  -302.8
360.0  123.6  1628.8  190.1  -169.8  -81.6
405.6  148.4  1637.6  74.9  -205.6  -38.7
349.6  168.8  1439.2  45.9  -135.4  -95.9
346.4  179.6  1439.6  95.3  -99.0  -91.9
262.8  199.2  1450.8  106.2  -99.2  -18.2
322.4  100.4  1461.2  94.1  -5.9  -16.0
391.2  140.4  1454.4  88.2  17.1  -55.2
312.4  154.0  1504.8  110.0  -27.5  -26.5
355.6  158.4  1503.6  -9.2  -14.4  -37.0
355.6  178.4  1467.2  79.5  -93.9  -37.4
334.4  175.6  1482.8  36.7  -46.3  -34.3
336.0  194.4  1471.6  1.8  -74.9  -18.3
314.0  158.4  1488.4  43.7  -58.9  3.9
363.6  169.2  1494.4  33.1  -9.0  13.2
402.4  158.0  1466.4  -17.4  -18.1  6.1
322.8  188.8  1528.8  -11.1  -72.1  17.5
296.8  166.8  1486.4  40.0  -71.0  -10.2
300.0  141.2  1446.0  87.7  -64.1  -24.4
314.4  177.2  1466.0  59.7  -70.5  -11.4
300.8  170.4  1475.6  65.2  -75.5  17.7
314.4  162.8  1509.2  44.6  -34.8  4.1
352.4  144.4  1452.4  9.6  -46.5  -9.1
329.6  185.6  1498.8  43.1  -61.5  -15.0
332.0  182.8  1490.4  56.7  -65.9  -10.1
345.6  163.2  1459.6  65.0  -74.1  -1.6
332.4  166.0  1509.6  33.4  -60.4  7.4
329.6  180.4  1496.0  46.9  -54.3  -13.3
345.6  186.8  1485.2  51.0  -67.1  -19.2
318.8  170.0  1447.2  42.7  -72.3  -4.0
318.8  170.8  1476.0  24.5  -63.9  8.5
313.6  178.4  1475.2  32.1  -55.5  3.6
363.6  163.2  1474.8  34.5  -61.6  -15.8
331.6  200.0  1509.6  38.3  -63.3  -31.1
338.0  182.4  1509.6  24.2  -66.7  -14.9
326.0  170.8  1480.4  60.0  -69.2  -27.0
343.2  157.6  1457.6  39.3  -89.5  -14.0
311.6  180.0  1494.0  44.1  -67.5  -5.5
324.0  195.6  1475.6  49.9  -63.8  -6.7
338.4  178.4  1473.2  28.0  -70.7  12.5
335.2  167.2  1465.2  15.9  -38.4  2.0
356.8  171.6  1492.4  31.4  -63.5  11.8
332.0  182.0  1520.0  19.4  -63.3  1.6
370.8  173.2  1454.0  76.0  -57.1  17.7
374.8  182.0  1500.4  52.3  -40.5  23.3
344.8  183.2  1493.6  67.1  -12.9  44.8
566.0  233.2  1515.2  117.6  -31.5  221.5
1183.6  -48.4  1471.2  111.6  119.7  69.3
1308.8  50.0  1276.4  319.7  365.2  -526.8
970.4  6.0  1058.4  9.0  309.2  -737.4
-74.8  310.0  1377.6  -428.9  -327.5  -1181.2
-580.0  85.6  1860.8  -556.6  -728.5  -1101.1
-1096.4  149.6  1801.2  -70.2  -436.6  -540.9
-922.0  -202.8  1764.4  -9.4  -167.0  249.6
-150.4  92.8  1796.0  148.7  9.9  620.5
-136.0  14.4  1536.8  29.7  193.6  627.2
171.6  50.4  1387.2  144.6  155.6  656.1
236.4  187.6  1470.8  328.7  276.5  558.5
597.2  98.8  1273.6  -115.4  -48.1  503.5
868.8  15.2  1226.8  279.5  190.3  180.6
557.2  126.8  1636.4  275.9  101.6  92.4
726.4  118.8  1554.0  132.3  -92.6  -51.4
481.6  241.2  1728.8  165.6  -168.8  -165.8
247.2  232.8  1563.2  -19.9  -201.3  -92.3
255.6  255.2  1502.0  86.6  -208.7  7.9
233.2  232.0  1526.0  111.7  -86.7  6.4
284.0  184.0  1379.2  31.3  -20.9  -26.8
213.6  196.8  1439.2  -37.5  -69.5  26.1
246.0  247.6  1525.2  -0.1  -9.9  42.6
320.4  200.8  1526.0  -16.5  -29.9  16.6
266.8  152.8  1524.0  10.5  -44.5  29.9
224.8  159.6  1522.8  15.0  -75.8  31.0
246.0  187.6  1525.2  8.0  -27.8  20.5
278.8  185.2  1478.4  27.4  -71.9  -9.7
291.2  200.0  1467.6  36.2  -57.5  -24.1
296.4  159.2  1464.4  28.7  -63.2  -40.5
222.4  204.0  1486.8  37.7  -60.8  -6.2
258.8  208.0  1502.0  45.3  -55.0  5.2
252.0  182.8  1504.8  55.6  -67.7  35.6
260.0  187.2  1511.6  37.4  -26.3  21.4
252.4  174.0  1498.4  55.6  -50.9  21.9
266.8  170.4  1511.2  28.4  -55.1  15.8
268.4  166.8  1516.0  36.6  -63.4  8.5
224.8  148.8  1504.8  53.3  -61.5  22.1
266.0  156.4  1488.4  47.2  -40.4  -28.4
236.8  198.4  1444.4  -9.1  -63.5  -2.8
232.8  198.0  1517.6  12.1  -46.7  22.2
283.6  183.2  1460.4  37.6  -53.1  10.2
268.8  178.8  1437.6  51.0  -83.9  3.4
248.4  173.2  1505.6  18.8  -74.0  16.3
264.4  161.6  1474.0  24.5  -44.1  11.6
275.2  166.0  1491.2  21.5  -57.0  9.4
210.8  173.2  1535.2  53.3  -61.6  9.2
275.2  144.0  1473.2  23.0  -59.9  1.8
253.2  140.8  1493.2  37.9  -83.0  5.0
263.6  153.2  1499.2  20.6  -59.4  -5.8
246.8  158.8  1464.8  43.2  -69.7  -11.9
273.2  180.8  1496.4  33.4  -67.2  1.8
252.4  173.2  1503.6  49.7  -69.9  -1.4
240.4  156.0  1492.4  26.3  -69.2  5.4
282.8  157.2  1487.2  22.1  -55.5  4.0
280.8  176.8  1486.0  53.4  -65.4  -10.5
244.4  166.8  1533.6  37.3  -72.1  -8.4
256.8  164.8  1492.4  37.5  -73.0  3.2
282.4  138.4  1459.2  46.2  -59.9  -23.3
251.6  174.0  1495.6  21.6  -80.1  3.7
268.8  164.0  1488.0  46.7  -49.4  -6.7
270.0  178.4  1495.6  62.9  -60.8  -9.6
246.0  170.8  1496.8  13.4  -64.4  0.2
282.0  155.6  1475.6  37.7  -53.1  -5.0
280.0  176.8  1510.4  35.0  -57.1  -7.6
264.0  152.0  1476.4  17.2  -75.4  -2.2
269.2  180.0  1509.6  43.4  -69.3  -14.6
268.0  161.6  1466.0  51.9  -70.0  -22.2
303.6  174.0  1469.2  45.3  -66.3  5.2
337.2  145.6  1445.2  45.7  -57.2  34.2
682.8  109.6  1559.2  45.7  -51.2  155.1
1180.4  105.2  1351.6  258.4  7.8  82.0
1190.8  -63.6  1168.0  139.2  0.8  -138.3
769.6  -6.4  1427.2  -736.0  -269.0  -852.6
-468.8  326.8  1726.0  -318.6  -430.0  -1244.9
-344.4  135.6  2073.2  -21.1  -550.6  -1057.7
-668.8  6.8  1766.4  -167.6  -315.5  -344.0
-579.2  198.4  1878.4  153.1  -227.2  -4.6
-260.0  43.6  1374.4  -25.0  -35.9  488.8
19.6  82.4  1578.4  -163.2  91.2  541.7
171.6  40.4  1456.8  240.5  346.5  346.6
401.2  4.8  1127.2  170.1  229.3  521.6
579.2  110.0  1418.0  66.9  82.5  526.3
606.0  56.4  1192.0  51.3  125.0  377.2
753.6  7.2  1424.4  50.0  146.1  216.2
648.0  64.0  1527.6  297.3  74.3  14.0
562.4  74.4  1611.6  166.8  -269.5  -7.5
458.0  92.4  1558.0  86.3  -120.7  -96.3
241.6  174.8  1558.8  131.9  -153.5  -87.0
223.2  222.0  1558.0  94.4  -62.7  -31.6
266.8  218.8  1471.2  61.5  -116.1  11.2
244.4  144.8  1474.8  49.7  -91.9  18.5
198.0  158.8  1524.8  60.5  -70.8  13.7
241.6  164.4  1463.2  41.3  -42.0  9.3
263.2  158.0  1509.2  2.1  -59.2  -20.0
299.2  178.4  1519.2  49.5  -64.9  -35.7
270.8  160.0  1532.8  22.6  -70.3  -47.1
290.0  204.8  1460.4  48.6  -87.2  -34.1
291.2  186.8  1479.6  51.6  -69.2  -22.9
291.6  170.0  1450.8  11.7  -69.0  0.7
264.8  184.0  1492.0  22.3  -60.6  26.7
319.6  201.6  1461.6  22.1  -43.4  13.0
314.0  157.6  1489.6  28.9  -67.5  43.4
273.2  170.0  1546.8  -2.3  -74.7  0.1
282.0  162.8  1479.2  10.4  -84.6  4.4
274.0  162.0  1488.8  49.7  -95.5  4.4
266.4  161.2  1465.6  23.0  -65.2  4.1
304.0  178.4  1498.4  42.4  -76.5  -4.1
284.8  156.4  1506.4  42.7  -54.8  -2.1
264.0  160.4  1483.2  41.4  -44.6  -5.6
296.0  162.0  1490.8  44.2  -55.9  0.7
294.4  170.8  1504.4  31.0  -68.6  5.0
258.0  161.2  1480.8  41.8  -75.5  4.6
281.2  200.4  1524.8  43.1  -47.4  8.6
281.2  169.6  1517.2  45.7  -54.9  0.7
299.6  162.0  1472.4  27.4  -59.7  -1.8
260.8  167.2  1495.2  52.8  -66.4  4.5
290.4  157.2  1473.6  39.1  -60.0  -10.2
280.8  176.4  1489.2  21.4  -52.8  -7.2
260.0  179.2  1486.4  54.9  -47.9  -6.9
292.0  179.6  1520.0  45.4  -69.8  0.5
278.8  169.6  1479.6  23.9  -67.4  1.3
294.8  160.4  1465.2  53.2  -61.4  -10.0
270.4  189.6  1487.2  40.1  -62.2  11.4
273.6  155.6  1478.8  34.4  -40.1  -4.4
270.0  188.4  1492.4  42.6  -47.6  6.4
280.0  171.2  1493.2  33.4  -53.1  19.6
302.0  176.4  1494.4  31.6  -46.3  14.7
260.4  176.8  1503.2  37.7  -59.4  8.8
266.0  164.0  1474.4  37.3  -45.0  7.7
274.4  163.2  1496.8  48.3  -52.6  17.6
290.8  145.2  1469.6  25.3  -48.0  22.3
339.2  144.4  1452.0  22.5  -4.8  63.0
632.8  108.4  1480.8  34.5  57.6  234.3
1390.4  29.2  1525.6  278.5  164.0  18.4
1017.6  -45.2  1071.6  193.4  84.5  -354.5
598.0  76.4  1621.2  -763.7  -145.9  -878.8
-590.4  290.4  1550.4  -402.9  -339.3  -1191.4
-683.6  374.4  2035.2  60.4  -292.1  -1261.1
-1038.8  144.4  1782.0  -215.1  -368.1  -281.7
-616.4  72.4  1702.0  64.0  -209.3  411.2
-160.0  -45.6  1735.2  -21.3  11.6  550.0
-22.0  -94.8  1286.4  118.8  33.0  599.2
162.4  21.6  1567.6  239.1  295.8  359.7
371.2  36.0  1281.6  353.3  175.3  258.6
444.0  148.4  1284.4  298.5  -68.7  342.4
732.8  151.2  1382.4  -193.2  -73.2  349.3
661.2  97.2  1451.6  -12.1  37.3  129.0
590.8  143.6  1682.8  261.4  70.6  -32.2
559.6  106.8  1525.6  122.5  -120.1  -50.3
466.0  176.4  1663.6  77.4  -176.7  -87.2
284.8  220.4  1618.8  90.6  -158.6  -61.5
237.6  235.2  1550.0  52.6  -132.8  4.4
290.0  178.4  1448.4  47.6  -141.5  32.0
326.4  87.2  1320.8  88.1  -41.1  13.6
241.6  151.6  1443.6  11.9  -37.2  30.1
234.4  161.6  1511.2  10.8  -22.2  57.2
308.8  128.0  1507.6  -8.3  -11.9  24.2
287.6  157.2  1495.2  43.6  -59.7  -26.1
266.0  188.8  1492.4  46.7  -102.4  -16.3
307.6  186.4  1462.0  97.6  -88.5  -5.5
281.6  188.4  1500.8  95.2  -75.3  43.7
231.2  157.2  1523.6  3.1  -48.3  2.0
300.4  198.0  1494.4  92.0  -90.3  18.8
232.8  170.8  1442.0  35.4  -74.0  36.8
299.2  145.2  1441.2  -18.5  -48.1  19.1
254.8  187.2  1508.8  0.0  -44.6  33.5
286.0  158.0  1488.4  23.7  -50.9  4.2
289.2  174.4  1488.0  34.0  -55.9  -7.8
252.8  179.2  1480.8  57.3  -75.1  2.7
264.0  158.0  1491.6  34.6  -50.7  -3.4
298.8  191.2  1523.2  41.0  -49.4  -4.0
266.0  164.4  1482.0  25.9  -68.8  -25.0
273.6  188.8  1502.0  36.7  -58.4  -6.2
267.2  168.4  1489.2  46.3  -59.9  -11.0
249.6  172.0  1499.2  19.8  -75.1  -1.0
289.6  161.6  1453.6  25.3  -45.9  -20.8
249.2  198.0  1520.4  49.8  -66.2  -25.1
252.4  182.4  1507.6  55.7  -60.8  15.3
284.4  156.0  1469.2  19.8  -43.0  1.4
247.2  187.2  1476.8  46.6  -63.2  -10.4
291.6  161.2  1510.0  34.8  -67.5  16.0
284.4  172.4  1506.0  37.4  -62.2  -5.7
252.4  184.4  1465.6  43.1  -64.2  -2.2
259.2  176.4  1481.6  31.6  -49.1  3.6
260.8  174.0  1494.4  49.1  -61.7  13.8
283.6  156.8  1466.4  32.2  -54.0  -7.3
284.8  157.2  1494.0  28.6  -43.7  3.0
328.4  155.6  1508.0  51.1  -76.6  15.0
570.4  104.4  1567.6  56.0  16.9  64.0
890.0  104.8  1415.6  99.9  42.8  25.7
1411.6  131.2  1451.2  148.5  259.9  -135.1
817.6  54.4  1160.4  292.1  5.5  -587.2
150.8  202.0  1546.4  -307.4  -259.0  -1142.2
-851.2  125.2  1553.6  -430.1  -671.7  -1177.1
-863.6  124.0  1812.8  -467.5  -618.1  -695.0
-290.4  -136.4  1170.4  63.4  -614.0  -65.8
-387.6  32.4  1612.0  61.9  -80.5  566.7
-104.8  -39.6  1496.4  253.4  70.0  606.4
4.0  229.2  1501.6  51.9  53.9  699.2
221.2  96.8  1414.0  523.5  140.5  636.1
449.6  35.2  1163.2  238.5  153.8  541.0
586.4  124.4  1316.4  62.5  89.8  443.9
621.2  126.0  1532.4  170.1  139.1  351.2
651.6  120.0  1633.6  147.2  121.5  209.3
731.2  149.6  1662.8  150.4  7.6  34.0
466.0  148.4  1570.4  -29.1  -123.6  -128.7
384.0  131.2  1502.4  177.0  -168.9  -85.1
316.8  216.4  1460.0  102.8  -203.5  -15.1
250.0  257.6  1491.6  113.8  -39.9  -9.0
284.0  202.0  1432.8  -7.8  -39.0  51.1
327.2  164.0  1475.2  72.3  -79.5  59.3
252.4  139.2  1549.6  37.6  -60.2  47.0
230.0  128.4  1551.2  17.1  -59.3  23.1
283.6  216.8  1530.0  28.3  -83.0  20.9
316.8  202.0  1492.8  59.2  -94.0  10.8
296.0  156.4  1480.4  52.7  -92.4  4.7
323.6  165.6  1467.2  17.4  -75.2  7.7
257.2  228.4  1514.8  4.4  -56.4  10.1
302.8  179.6  1476.0  25.0  -37.9  14.2
332.0  186.0  1467.6  49.1  -28.6  5.1
280.8  190.0  1513.2  49.3  -69.4  25.7
296.0  157.2  1501.6  41.8  -50.3  1.2
313.6  151.2  1482.4  21.1  -42.8  -11.8
293.6  190.0  1536.8  60.4  -74.1  -24.9
291.6  200.0  1494.4  49.2  -59.8  -20.1
291.6  180.4  1474.0  36.8  -53.9  -18.3
258.8  176.0  1496.8  47.3  -64.1  -1.0
286.4  179.2  1501.6  60.1  -61.8  11.6
300.0  192.8  1455.6  19.7  -42.6  -22.6
272.8  201.6  1522.0  46.3  -56.9  12.5
308.0  177.2  1518.8  44.0  -60.2  -6.8
272.8  200.8  1479.6  30.4  -74.9  -3.2
294.8  206.0  1485.6  43.1  -64.8  3.4
273.6  200.0  1498.0  19.6  -61.1  -9.1
304.8  192.4  1478.8  26.4  -50.4  -9.4
275.2  229.2  1501.6  36.3  -46.8  -13.0
287.6  190.0  1474.4  44.1  -64.6  9.0
291.2  174.0  1504.0  16.9  -53.4  7.7
273.2  191.6  1501.2  31.9  -42.8  -11.0
302.4  180.8  1474.0  56.8  -59.4  -7.0
296.8  201.6  1480.0  33.3  -69.5  7.0
326.8  162.4  1463.2  17.7  -49.0  -13.6
600.8  190.4  1512.0  49.3  23.0  79.0
1016.8  153.6  1590.4  20.8  101.3  57.3
1075.6  58.4  1268.0  224.1  252.8  -237.7
1084.8  67.6  1204.0  -179.2  -63.8  -484.4
115.6  168.4  1219.2  -107.4  -450.2  -978.4
-448.4  261.2  1968.0  -524.3  -821.9  -862.3
-820.0  107.2  2051.2  -220.9  -433.8  -769.6
-549.6  -37.2  1687.6  36.2  -454.9  26.9
-217.2  -49.6  1562.4  -36.4  -175.4  416.0
-26.0  36.8  1382.4  51.9  105.3  383.0
-79.2  66.0  1468.0  92.8  351.7  430.3
204.4  -25.2  1288.0  232.3  160.1  467.5
392.0  68.0  1252.0  -41.9  157.5  480.5
450.0  132.4  1432.0  26.2  146.9  403.7
445.2  51.2  1463.6  34.0  171.1  329.7
593.2  -10.4  1640.8  -30.1  85.2  127.6
611.2  58.8  1547.6  218.2  7.1  -27.4
411.2  136.4  1500.0  150.8  -160.7  -103.8
424.4  78.4  1512.4  72.5  -125.8  -44.1
337.6  125.6  1489.2  74.4  -66.8  -91.1
269.6  176.4  1569.6  62.0  -124.0  -40.0
211.2  157.6  1529.6  130.4  -131.0  -13.7
251.6  147.6  1409.6  75.4  -37.7  -45.2
228.4  105.2  1430.0  73.7  -36.9  -15.4
172.0  106.0  1584.8  1.0  -91.7  0.6
221.6  174.8  1548.4  93.8  -48.5  -24.4
242.0  136.4  1504.0  65.7  -60.6  -14.3
264.8  157.2  1474.4  29.2  -97.3  -3.6
252.8  166.4  1496.4  71.2  -70.6  -11.3
197.2  170.0  1497.2  23.5  -77.6  -13.1
263.2  170.0  1477.2  20.1  -74.0  -12.5
224.0  202.8  1501.6  47.0  -57.3  -14.0
212.4  139.2  1550.8  28.3  -65.9  0.9
256.4  140.8  1498.8  13.2  -56.0  -27.5
233.6  183.6  1512.4  56.8  -79.2  -33.4
205.2  203.2  1503.6  61.3  -81.0  13.0
238.8  140.4  1500.8  26.4  -68.2  15.6
270.4  162.8  1485.6  10.7  -66.8  5.4
262.0  154.4  1496.8  50.6  -59.1  10.9
236.4  194.8  1531.6  17.6  -63.5  7.5
272.8  142.4  1483.2  34.5  -48.0  11.0
246.8  158.8  1500.4  0.9  -73.1  7.5
262.8  174.8  1488.4  32.6  -68.2  1.8
246.4  157.2  1493.6  36.5  -42.3  1.1
257.2  157.6  1480.8  19.9  -69.3  11.5
274.4  140.4  1486.8  22.8  -67.4  25.5
242.4  196.8  1526.8  50.1  -64.2  5.6
257.6  153.2  1498.8  39.9  -62.0  -1.2
220.8  162.8  1482.8  20.0  -64.9  7.0
244.4  169.6  1489.2  47.3  -56.5  4.0
249.6  159.6  1501.6  23.4  -53.9  -2.2
240.0  157.2  1510.0  38.3  -69.9  1.0
269.6  166.0  1497.6  37.9  -55.7  9.4
241.2  148.8  1504.4  33.3  -57.7  2.7
250.8  137.6  1472.8  42.2  -62.6  -4.6
384.0  120.4  1497.6  -3.6  -31.8  92.0
913.2  96.4  1697.2  17.0  -54.8  83.8
1102.4  74.8  1397.6  306.1  135.4  -101.2
1000.8  52.0  1179.2  45.1  -195.6  -234.3
513.2  157.6  1364.0  -127.5  -332.1  -765.7
-321.2  137.6  1779.6  -500.9  -673.8  -950.8
-734.4  102.0  1921.2  -562.0  -583.2  -999.4
-686.4  100.8  1764.4  -131.5  -482.8  -232.6
-511.6  28.8  1607.2  168.9  -100.7  286.3
3.2  44.4  1443.6  -104.5  -178.2  794.5
-58.8  58.4  1682.4  349.8  330.7  358.4
242.0  14.8  1362.0  220.9  339.7  544.3
313.6  62.0  1394.4  137.7  292.4  337.7
431.2  59.6  1330.4  75.4  -23.5  365.0
710.0  74.8  1331.6  17.7  18.9  454.3
655.2  164.8  1323.6  -71.1  234.5  119.3
641.6  48.0  1576.8  100.4  66.6  232.9
738.8  -40.8  1727.6  97.5  -27.7  16.3
487.2  -2.8  1646.4  214.7  -190.2  -128.5
253.6  150.0  1626.8  113.3  -232.4  -168.5
242.8  175.6  1449.2  114.3  -195.3  -86.9
218.0  191.2  1464.0  63.7  -111.9  -18.7
256.0  170.0  1437.6  67.4  -68.6  -16.2
235.6  120.4  1458.8  105.0  -87.4  8.8
266.4  140.8  1438.0  64.8  -20.5  -14.0
298.0  170.0  1581.6  67.3  -67.0  27.9
346.0  139.2  1501.2  33.0  -75.5  -24.3
312.0  198.8  1496.0  61.6  -63.5  -55.2
272.0  201.6  1458.0  68.9  -77.4  -3.1
268.4  174.8  1463.2  15.0  -43.7  5.0
264.8  165.6  1535.6  37.4  -57.0  39.8
296.8  173.2  1536.4  2.7  -46.3  12.7
283.6  192.8  1478.8  58.3  -71.8  4.1
259.2  142.0  1464.8  20.1  -61.0  17.9
296.4  178.0  1480.8  17.1  -38.5  14.2
296.0  177.2  1482.0  31.1  -67.8  13.0
272.4  183.2  1506.4  24.1  -71.1  34.7
282.8  166.0  1528.8  39.6  -47.2  21.9
288.0  169.6  1464.8  25.5  -56.3  4.8
287.6  150.0  1482.8  14.3  -74.7  32.7
264.8  151.2  1478.0  44.0  -44.6  24.3
300.0  145.6  1470.0  -2.1  -44.4  21.1
260.4  176.4  1523.6  32.9  -70.0  14.1
272.8  178.8  1485.2  74.4  -71.2  -1.9
254.0  152.0  1475.6  53.6  -55.0  -16.0
302.4  143.6  1473.6  -6.5  -47.1  -16.1
258.8  163.2  1496.4  46.1  -46.4  -35.5
264.4  165.2  1481.2  70.6  -64.1  -8.8
286.4  148.8  1444.0  63.7  -26.1  -9.5
274.0  180.8  1490.4  24.5  -59.1  7.9
284.0  168.0  1492.4  65.3  -38.7  -15.3
426.0  154.0  1462.0  100.2  -14.8  -25.9
928.0  50.8  1525.6  135.9  1.7  107.6
1325.6  100.8  1574.8  140.0  89.7  -107.8
994.8  57.6  1025.6  237.4  -211.4  -191.9
443.6  172.0  1381.2  -37.5  -311.7  -822.6
-464.0  412.8  1807.2  -467.6  -663.5  -1116.8
-850.4  364.8  1909.2  134.0  -464.6  -978.4
-572.4  -70.4  1560.4  -113.4  -266.8  -83.5
-328.0  91.2  1697.2  -150.5  -392.4  469.8
-288.4  50.4  1552.0  -177.1  -57.3  567.0
-71.2  42.8  1470.8  -187.0  381.1  611.0
184.8  58.0  1436.8  140.7  385.1  453.1
206.8  57.6  1357.2  214.7  400.4  501.4
672.8  34.8  1446.8  26.1  128.5  351.4
716.4  21.6  1291.2  346.9  233.1  100.0
662.0  122.4  1431.6  129.9  88.7  151.9
600.8  105.6  1601.2  126.0  -157.7  24.3
587.6  70.8  1628.0  68.9  -209.2  -79.7
437.2  56.8  1461.6  133.0  -174.7  -175.2
144.0  145.6  1570.4  100.1  -140.2  -108.0
218.8  214.0  1483.6  56.8  -137.8  -31.3
214.8  194.8  1448.0  45.7  -68.8  20.6
187.2  169.6  1506.4  71.1  -52.1  59.8
246.0  175.2  1504.8  40.8  -31.0  52.4
269.2  141.2  1479.2  10.4  -20.0  15.7
274.4  149.6  1482.0  59.2  -100.4  -13.6
162.8  137.2  1582.0  50.0  -80.7  -4.0
269.2  156.0  1494.4  66.0  -58.0  -29.8
218.8  193.6  1536.8  65.9  -62.1  -48.4
259.2  183.6  1493.6  43.4  -68.0  -14.9
256.4  156.4  1484.4  47.4  -54.3  -20.5
205.2  204.4  1513.2  26.0  -56.6  4.3
232.4  162.4  1490.4  37.1  -64.1  11.5
220.0  154.4  1506.4  8.4  -54.0  1.7
262.8  136.8  1487.2  52.9  -54.7  -13.9
245.2  190.8  1524.8  43.4  -67.1  -7.7
216.8  174.0  1506.4  16.5  -78.9  -9.7
267.6  192.0  1514.8  55.8  -74.0  3.7
241.2  158.8  1490.8  56.5  -60.6  -3.9
260.8  204.0  1481.2  38.6  -90.4  13.9
254.8  224.0  1500.0  34.8  -65.1  23.1
224.4  178.4  1478.8  24.4  -55.5  18.4
253.2  186.0  1485.6  49.2  -52.6  7.9
263.6  176.0  1497.2  19.0  -34.2  12.5
254.8  156.4  1459.2  35.0  -63.4  -8.2
204.8  198.8  1528.0  40.8  -64.6  14.6
258.0  167.6  1475.6  15.0  -35.0  -5.0
248.8  170.0  1484.0  43.6  -43.5  -19.5
211.6  188.4  1516.0  35.2  -59.1  12.2
254.0  184.4  1496.4  32.5  -41.3  -5.9
246.0  173.6  1474.4  73.0  -56.6  -18.9
222.4  186.4  1491.6  38.6  -85.2  8.7
224.4  190.0  1487.6  8.0  -40.8  3.7
243.6  185.6  1505.6  69.9  -55.9  20.9
256.4  170.0  1507.2  17.6  -40.3  7.5
333.6  158.8  1468.0  62.1  -58.1  12.6
642.4  111.2  1558.4  29.4  -19.2  156.2
1167.2  127.6  1441.6  139.0  -25.8  91.6
1244.4  99.6  1209.2  166.1  191.5  -387.3
559.2  210.4  1175.6  -248.8  -544.4  -341.2
-67.6  268.8  1414.8  -184.8  -207.9  -1000.3
-434.8  128.0  1974.0  -708.2  -761.8  -745.3
-915.2  45.2  1956.8  -129.8  -207.6  -714.9
-669.6  -59.2  1831.6  -17.5  8.4  65.7
-352.0  -161.6  1458.8  -97.2  25.8  590.9
-43.2  -66.0  1524.4  163.4  27.3  578.4
-72.4  -31.2  1620.4  218.2  328.8  372.3
265.2  3.6  1243.2  190.6  52.0  502.4
326.8  140.0  1471.2  43.0  286.8  445.1
525.6  36.4  1267.6  -72.6  268.8  360.1
688.4  -12.0  1418.8  186.4  275.3  198.0
730.4  123.2  1516.8  286.6  248.7  187.1
667.2  32.8  1654.0  -161.7  -281.5  63.5
499.6  61.2  1678.4  112.2  -109.5  -136.0
335.6  116.0  1543.6  155.9  -129.4  -171.1
142.4  161.2  1554.4  130.8  -180.6  -123.3
167.2  146.8  1583.2  81.1  -85.3  -48.9
244.4  189.6  1495.6  94.0  -74.2  -42.2
226.8  96.0  1428.0  89.3  -96.6  -20.0
119.6  88.0  1477.2  -8.0  -79.6  -13.4
223.6  127.2  1498.8  43.1  -62.5  33.3
239.2  114.4  1466.8  153.3  -64.2  22.8
257.6  137.2  1538.4  32.0  -69.3  -17.4
234.0  167.2  1521.6  30.0  -92.9  -25.2
217.6  173.6  1510.4  67.0  -75.5  -29.1
278.4  136.8  1463.6  61.4  -76.8  -13.6
205.2  162.8  1489.2  17.8  -78.1  2.0
199.2  198.0  1574.0  26.6  -63.6  36.2
243.2  168.4  1534.0  78.4  -29.7  21.3
216.4  123.6  1485.6  20.6  -68.8  -20.8
259.2  176.4  1473.6  34.0  -87.0  -4.0
247.2  128.8  1528.8  53.6  -74.2  -5.5
214.0  191.6  1506.0  32.3  -77.2  -8.5
234.8  181.6  1500.4  65.4  -90.0  4.7
271.6  156.8  1468.8  66.1  -84.2  19.2
241.6  178.0  1480.8  3.9  -47.0  -7.1
222.8  155.2  1494.8  29.3  -48.9  14.9
256.0  167.6  1512.0  36.4  -60.3  -6.0
251.6  156.4  1495.2  26.3  -70.9  -15.0
230.0  148.8  1484.0  57.5  -72.8  -25.3
236.0  180.0  1502.0  37.7  -66.7  -20.8
232.8  162.8  1466.8  28.9  -61.9  -11.6
238.4  170.8  1483.2  56.4  -63.6  -14.2
241.2  158.8  1500.0  44.5  -56.4  4.2
217.2  178.8  1527.2  37.2  -52.4  5.7
269.6  156.8  1470.0  30.7  -37.0  -3.0
233.2  178.0  1499.6  37.6  -45.9  -4.7
206.0  169.6  1503.2  16.4  -49.0  11.3
238.0  176.8  1505.6  29.7  -32.2  11.7
270.0  154.4  1491.6  57.1  -41.8  7.2
248.4  146.0  1498.0  24.9  -52.3  1.1
262.8  146.0  1459.6  64.2  -55.8  13.6
263.2  137.2  1525.2  56.7  -4.9  69.9
524.4  132.4  1518.8  97.3  65.6  131.0
837.6  117.6  1387.6  241.2  236.0  221.2
1180.4  225.6  1585.6  114.8  237.3  -146.8
721.2  -18.4  1073.6  246.1  -105.6  -545.4
28.0  156.8  1780.0  -285.4  -454.9  -1099.1
-801.6  -33.6  1510.8  -152.0  -788.8  -1102.7
-997.6  140.8  1980.4  -95.2  -394.1  -917.0
-934.4  18.8  1649.2  31.0  4.0  32.6
-212.8  -30.0  1534.4  -7.8  -111.9  600.2
-338.0  45.6  1621.2  -56.6  65.0  747.0
10.4  125.2  1515.2  155.0  254.8  392.4
272.4  98.8  1161.6  171.9  341.8  487.4
571.2  102.0  1500.8  60.1  319.0  439.2
672.0  15.2  1286.0  246.3  233.7  154.6
528.4  206.4  1449.2  209.2  84.0  -31.7
476.0  173.6  1615.2  125.2  -315.6  -132.8
405.2  197.6  1717.6  211.1  -106.9  -184.8
153.2  245.2  1542.0  99.7  -207.5  -78.2
221.2  234.4  1524.4  50.1  -135.6  -58.7
156.8  285.2  1479.2  95.8  -134.4  -16.5
158.0  273.6  1440.0  75.9  -74.2  16.6
170.4  252.8  1444.0  57.6  -153.3  81.2
193.2  188.0  1444.4  28.9  -84.8  79.7
138.4  164.0  1524.0  -25.3  -26.8  50.1
194.4  186.4  1514.8  2.7  -37.7  -5.6
204.4  219.2  1471.6  50.6  -91.2  -15.1
144.4  231.6  1560.4  55.5  -90.6  -27.1
182.0  228.8  1472.8  81.4  -93.4  -32.5
181.2  252.4  1484.0  74.8  -69.6  -22.3
204.4  244.0  1476.4  24.5  -58.5  -18.0
186.0  306.8  1532.0  33.6  -51.3  14.1
167.2  240.0  1510.0  22.4  -52.6  32.7
185.2  238.0  1492.8  24.3  -61.9  36.0
224.0  237.6  1545.2  26.9  -55.1  8.1
195.2  237.6  1487.2  28.0  -55.6  2.2
209.2  219.2  1446.4  11.7  -80.9  -16.1
180.8  244.8  1483.6  29.8  -74.9  4.5
186.8  234.8  1486.8  28.0  -76.2  -6.1
160.4  237.2  1510.0  11.7  -60.0  6.2
193.2  227.6  1493.2  49.5  -64.9  2.7
192.4  232.4  1457.6  21.6  -63.6  4.2
192.4  231.2  1492.4  16.0  -63.4  9.2
196.8  208.0  1492.0  14.2  -76.6  12.2
182.0  224.4  1506.8  22.0  -67.6  3.8
188.4  219.2  1492.4  7.4  -71.1  18.3
192.8  230.8  1520.4  6.3  -46.1  10.5
211.6  209.2  1490.8  -1.2  -59.8  2.6
189.6  218.0  1479.6  5.7  -73.8  3.2
181.6  216.0  1498.8  30.6  -48.6  -4.9
188.4  213.2  1490.8  5.6  -67.2  11.1
191.2  207.2  1494.0  14.2  -68.0  10.1
202.0  221.2  1498.4  9.8  -52.2  24.8
191.6  214.4  1491.2  9.4  -59.2  11.0
179.6  211.6  1525.6  23.6  -57.6  10.7
227.2  195.2  1494.4  12.3  -43.8  -3.7
198.0  202.4  1521.6  29.2  -48.8  15.2
202.8  192.0  1518.8  40.8  -63.3  15.7
221.6  200.0  1500.4  21.2  -60.5  -5.1
320.4  173.2  1522.4  34.7  -37.2  49.3
728.8  111.6  1612.4  -14.7  -54.6  136.6
1184.4  152.4  1548.0  59.9  -98.1  -190.3
775.6  142.0  1061.6  -10.0  139.4  -297.7
369.6  44.0  1423.6  -298.8  -233.8  -531.8
37.2  -34.0  1702.4  -735.7  -421.7  -801.7
-626.8  68.0  2090.0  -21.2  -774.0  -1070.9
-1329.6  56.4  1954.0  344.9  -337.5  -563.0
-569.2  127.2  1448.8  -37.0  -141.0  419.7
-158.0  -42.8  1629.6  77.5  20.9  594.4
-52.8  60.8  1490.4  -110.1  600.9  115.9
-97.6  41.6  1350.4  373.0  918.8  230.7
40.4  176.8  1313.6  44.0  489.1  574.9
378.8  110.4  1281.2  124.9  165.9  531.6
516.0  152.4  1403.2  164.5  -44.5  492.2
621.2  157.6  1479.6  -167.1  -211.2  230.6
545.6  76.4  1589.6  -129.5  -478.9  240.0
496.4  75.6  1728.4  146.6  -109.3  -25.7
396.8  108.8  1658.4  147.6  -218.4  -148.5
216.4  167.2  1471.6  149.5  -213.2  -162.6
153.6  186.0  1444.4  85.4  -144.1  -63.5
138.8  182.0  1500.4  44.2  -144.6  24.1
120.0  258.0  1595.2  14.7  -47.7  48.4
121.2  203.6  1508.8  -36.0  -58.1  46.4
272.4  117.2  1433.6  -108.6  -10.0  -55.9
124.4  138.8  1584.8  23.7  -69.2  -3.5
182.4  151.6  1529.6  40.1  -60.0  -44.2
199.2  138.0  1495.2  95.2  -69.3  -35.2
231.6  166.8  1498.0  24.5  -88.7  -32.8
242.0  157.2  1500.4  56.7  -79.7  -33.3
185.6  193.2  1505.6  29.9  -67.4  -23.9
198.4  166.0  1504.4  65.7  -68.0  6.4
183.6  113.2  1518.8  40.0  -75.7  7.8
161.2  115.2  1474.4  17.5  -67.5  -7.1
226.0  166.0  1499.6  67.4  -56.6  -0.8
231.2  176.8  1478.8  28.7  -80.2  -7.0
205.2  206.4  1506.4  45.8  -99.4  8.1
188.8  152.0  1487.2  23.5  -71.6  -25.2
184.8  182.4  1481.2  29.5  -47.0  5.7
160.0  146.8  1512.0  15.8  -54.3  0.2
240.4  158.8  1522.8  13.9  -64.7  11.7
208.4  130.8  1490.8  16.9  -75.8  9.6
208.4  182.0  1539.2  7.8  -67.0  0.8
240.8  152.8  1491.6  42.1  -53.8  -3.4
227.6  138.0  1509.6  29.1  -73.7  5.2
208.8  161.2  1522.8  31.3  -68.8  13.8
213.6  142.0  1500.4  51.6  -63.1  7.5
215.6  192.4  1490.4  42.0  -65.4  24.0
215.2  135.2  1509.2  11.3  -52.7  17.9
217.6  128.8  1509.6  34.0  -54.6  0.6
216.4  150.0  1496.0  32.5  -66.5  -1.0
199.2  157.2  1526.8  26.7  -57.4  6.4
210.8  160.0  1487.2  29.4  -35.3  -1.6
204.0  162.4  1512.0  45.8  -53.9  4.6
254.0  122.0  1500.0  50.1  -81.3  6.5
188.4  134.0  1524.0  40.6  -93.8  25.3
218.0  108.0  1470.0  62.0  -99.6  -26.4
183.2  142.8  1512.8  22.9  -109.4  -35.7
188.4  156.4  1484.0  39.4  -108.5  -7.8
259.6  156.0  1431.6  88.9  -65.5  0.8
289.2  180.8  1516.4  58.8  -17.0  40.6
621.2  141.2  1576.0  73.6  -46.6  107.8
975.6  146.4  1582.8  104.9  -85.0  16.6
806.8  248.4  1425.2  102.7  -41.5  -117.8
799.2  33.2  1288.0  144.8  -241.6  -281.7
322.0  99.6  1411.2  140.9  -131.8  -978.5
-270.0  87.2  1598.8  -697.3  -829.5  -692.6
-695.2  204.4  1883.2  -68.2  -365.2  -983.7
-586.8  36.4  1764.8  24.6  -464.0  -185.8
-310.0  -67.2  1632.4  268.6  -9.0  245.3
-187.6  36.0  1565.6  167.1  163.5  497.8
-121.6  47.2  1439.2  291.1  226.2  496.5
149.6  172.4  1337.2  306.9  300.8  545.6
320.0  175.2  1274.0  17.6  261.3  510.6
480.8  210.4  1440.0  23.3  241.9  455.6
701.6  140.0  1409.6  114.1  307.5  364.4
818.0  286.0  1365.2  35.8  175.5  218.3
670.8  128.4  1515.6  -55.6  -155.9  47.8
542.0  203.2  1672.0  4.1  -196.1  -115.3
316.4  212.4  1477.6  166.7  -125.3  -221.9
156.8  272.8  1490.8  106.1  -179.5  -90.1
205.2  300.4  1468.0  46.4  -117.6  -44.8
224.4  265.2  1480.4  58.6  -103.8  41.5
243.6  226.4  1431.6  27.2  -57.5  19.7
216.4  219.6  1489.6  55.6  -45.5  50.1
234.4  199.6  1472.8  16.2  -51.9  11.7
228.8  218.8  1489.2  19.9  -34.4  16.9
219.2  218.8  1526.0  18.8  -42.4  3.5
247.2  239.2  1503.2  38.6  -25.9  -35.9
220.0  200.8  1514.4  49.9  -72.9  -15.6
222.0  233.2  1494.0  34.2  -36.2  -50.6
183.6  179.2  1510.0  15.9  -59.2  -45.9
213.6  244.0  1488.4  101.3  -62.5  -22.8
214.0  250.4  1500.0  35.8  -70.0  -17.2
240.8  195.6  1474.4  24.1  -83.4  -11.7
215.2  215.2  1510.0  12.1  -76.7  -50.7
169.6  243.2  1540.4  63.1  -92.9  -5.2
277.6  236.0  1425.2  58.3  -56.6  -2.3
257.2  266.8  1482.4  -12.1  -58.5  2.5
242.4  225.2  1468.4  35.5  -69.0  -10.4
230.0  204.4  1537.6  54.7  -56.0  -50.4
224.4  217.6  1522.8  10.2  -56.7  -28.6
234.0  217.6  1506.4  34.7  -74.6  -23.9
263.6  238.8  1462.8  38.9  -67.0  -36.3
199.2  281.2  1526.0  32.2  -105.6  -6.7
223.6  231.6  1507.6  42.3  -60.0  -15.6
238.0  233.2  1461.6  66.8  -101.6  12.3
217.2  216.0  1505.6  8.5  -53.0  56.5
284.4  182.4  1453.6  -7.8  -24.4  21.6
235.2  237.2  1472.4  32.2  -58.8  -4.9
211.2  251.2  1533.6  44.3  -87.4  -6.5
239.6  200.4  1431.6  65.3  -78.8  -35.5
254.0  218.8  1477.2  49.1  -62.1  -9.7
237.2  255.6  1486.4  26.7  -39.6  14.2
230.4  240.8  1482.4  50.5  -48.0  46.4
216.4  228.0  1515.2  49.1  -34.6  41.6
250.4  211.6  1481.6  62.4  -6.2  6.8
231.6  219.6  1487.2  61.9  -51.2  17.0
263.6  223.2  1461.6  13.3  -16.3  50.0
466.0  227.6  1478.4  77.0  -30.2  99.1
980.8  232.0  1545.6  61.5  -92.3  118.9
1067.2  400.4  1432.4  244.4  57.0  -89.8
1136.0  172.4  1185.2  50.8  -199.1  -206.2
292.0  175.2  1355.6  -11.8  -524.6  -892.6
-696.0  234.4  2044.8  -217.8  -1098.2  -1194.9
-1274.8  243.6  2100.4  -73.7  -578.3  -886.2
-678.4  22.8  1742.4  -39.3  -110.3  184.3
-84.8  9.6  1783.6  -115.0  -166.3  641.7
-124.0  209.2  1698.8  -13.5  402.5  498.1
-30.4  242.4  1358.0  -26.9  308.7  332.9
224.8  148.8  1391.6  48.4  392.0  566.2
355.6  108.4  1364.4  -223.7  506.8  460.1
522.8  43.2  1305.2  240.9  342.8  289.1
868.0  114.0  1489.6  126.2  308.5  138.1
650.4  166.0  1454.8  226.7  81.2  -18.2
583.2  151.6  1717.6  -44.7  -203.7  -40.4
381.6  149.6  1713.2  134.3  -127.7  -154.2
244.0  178.8  1538.4  173.7  -208.3  -128.0
211.6  206.8  1497.6  82.2  -233.4  -67.2
98.4  259.6  1501.2  122.7  -147.4  -24.8
188.8  234.8  1428.8  109.6  -108.8  29.8
164.4  171.2  1435.6  30.6  -89.0  42.0
213.6  212.4  1472.8  12.4  -37.2  39.3
198.0  221.2  1529.6  18.8  -38.1  -4.9
224.8  194.4  1498.4  52.7  -21.0  -16.2
217.6  226.4  1576.8  2.4  -54.2  3.1
280.4  223.6  1522.4  42.3  -74.2  -49.2
222.8  186.4  1480.0  63.1  -98.4  -17.7
213.6  212.8  1511.2  63.3  -74.5  -28.3
196.8  187.6  1449.2  14.7  -85.5  -3.7
242.0  226.0  1520.0  53.5  -63.4  11.9
202.8  183.2  1507.2  34.6  -48.0  -0.8
240.8  188.8  1455.2  47.7  -57.7  -14.9
184.8  226.0  1511.2  35.8  -57.0  -13.3
240.8  205.6  1488.0  27.0  -49.1  3.0
230.0  183.6  1486.0  41.9  -41.1  -6.3
241.6  200.0  1503.2  23.2  -41.0  -17.0
193.2  211.6  1514.4  45.3  -67.4  2.9
279.2  190.8  1480.8  59.2  -55.4  -17.2
186.0  227.6  1492.0  39.0  -66.0  2.2
228.4  228.8  1485.6  41.8  -74.5  -5.7
213.2  215.6  1503.6  51.9  -59.5  -8.5
210.8  203.2  1504.4  34.2  -79.3  3.1
215.2  231.2  1514.4  47.6  -62.1  4.1
196.0  220.4  1520.8  41.5  -66.3  1.9
184.4  240.0  1515.6  82.6  -43.2  -24.2
273.6  241.2  1479.2  74.3  -42.5  16.6
245.6  235.6  1454.0  42.8  -21.3  -6.4
185.6  219.2  1505.6  22.3  -51.3  24.3
194.8  232.8  1497.2  38.6  -52.8  -7.9
185.6  179.6  1469.6  14.0  -40.8  -3.7
220.4  205.6  1506.8  14.5  -42.0  21.4
230.4  235.2  1512.8  9.9  -45.1  25.4
189.2  216.8  1473.2  18.6  -65.1  -9.5
176.4  240.8  1515.2  26.1  -44.9  14.9
206.8  193.6  1486.8  19.6  -39.8  7.9
192.4  228.0  1482.4  49.3  -49.6  16.2
260.0  206.0  1500.4  44.6  -26.3  -5.7
356.8  244.8  1475.6  72.6  -62.0  41.5
708.0  174.8  1545.2  26.5  20.9  122.1
875.6  305.6  1440.4  75.0  -5.0  94.9
1174.4  236.8  1661.2  21.4  160.2  -67.2
590.0  115.2  1292.8  -147.9  -78.9  -552.2
-211.6  231.2  1543.6  -268.7  -446.5  -794.9
-695.2  113.6  1851.6  -316.7  -721.4  -905.7
-764.4  114.0  1646.0  -247.2  -386.3  -388.7
-410.0  5.2  1539.6  -292.7  -406.1  135.3
-340.4  -112.4  1531.6  175.0  -148.3  172.3
-384.0  19.2  1476.4  151.8  205.5  366.8
8.4  26.0  1379.2  261.8  171.8  456.4
124.4  86.0  1264.0  234.3  197.8  399.0
474.0  192.4  1347.2  289.2  208.2  325.3
361.2  104.4  1384.8  189.0  397.0  234.3
722.8  175.2  1480.0  -35.7  129.5  320.3
510.0  164.8  1661.6  -9.0  134.4  122.2
600.0  92.4  1622.8  -8.8  -376.3  -0.6
382.0  177.2  1515.6  263.2  -186.7  -118.8
220.8  250.4  1558.8  82.1  -163.3  -75.2
210.4  196.4  1458.8  9.7  -105.6  -8.7
188.0  228.4  1454.4  61.9  -96.6  10.2
152.8  178.0  1534.0  77.8  -54.4  31.6
101.6  164.4  1508.0  33.5  -52.3  26.6
186.0  165.6  1511.2  36.7  -87.5  61.4
183.6  191.2  1486.8  27.6  -83.7  43.4
253.6  175.2  1457.2  8.6  -33.6  7.1
231.6  192.0  1539.6  53.5  -67.1  33.8
207.2  150.8  1520.4  21.7  -73.9  50.5
222.8  180.4  1530.4  3.4  -39.6  1.5
196.0  205.6  1514.0  22.9  -77.2  -13.4
150.4  172.4  1507.6  46.5  -78.2  39.7
240.0  144.0  1464.0  15.1  -76.1  -7.3
165.2  128.8  1468.8  46.0  -86.2  -8.9
208.0  160.4  1466.0  68.8  -68.8  -8.3
200.4  206.8  1521.2  30.1  -38.5  8.6
215.2  184.4  1528.8  37.7  -57.0  7.5
185.6  168.4  1494.0  39.3  -72.8  25.5
170.0  146.0  1520.4  41.4  -74.0  36.5
209.2  156.4  1452.8  39.7  -58.0  30.4
194.8  180.8  1530.8  3.0  -79.9  23.2
182.4  166.4  1533.2  38.6  -76.7  -2.3
211.2  185.6  1496.8  79.9  -85.0  51.0
228.0  202.0  1535.2  19.0  -55.7  16.8
212.8  181.6  1497.2  25.5  -59.1  -0.1
200.8  173.6  1509.6  33.7  -60.7  8.7
212.8  180.4  1482.4  29.4  -60.6  24.2
197.2  169.2  1477.6  36.5  -66.6  5.8
219.2  154.8  1514.4  56.2  -47.3  1.2
224.0  159.2  1506.8  41.1  -43.5  -5.4
184.0  172.0  1520.4  24.6  -52.4  3.3
214.8  172.4  1536.0  22.2  -33.3  -0.8
235.2  193.2  1516.4  47.7  -33.6  2.6
220.4  188.8  1508.0  24.3  -53.3  17.0
215.6  169.6  1527.6  45.7  -51.0  30.4
326.0  145.2  1499.6  52.1  -22.6  41.4
731.2  68.0  1600.8  58.9  -77.8  176.4
949.2  113.2  1490.8  164.6  -51.5  33.3
868.4  263.2  1446.4  295.6  179.3  -418.8
550.0  186.4  1235.6  254.4  -303.2  -393.5
-9.6  83.6  1329.2  -67.6  -471.4  -668.0
-376.0  301.2  1822.8  -701.8  -672.8  -761.2
-837.6  288.4  2016.4  -45.3  -493.3  -609.9
-531.6  42.8  1734.8  -33.9  -280.8  143.0
-202.8  41.6  1612.0  36.6  -267.2  520.8
-160.4  165.2  1578.4  316.6  25.2  426.3
59.2  150.4  1400.0  210.0  250.6  503.1
227.2  65.2  1301.6  220.3  394.2  345.4
356.0  118.0  1326.8  -12.4  326.8  285.1
416.8  197.2  1438.4  92.6  428.4  249.2
549.6  103.2  1394.0  260.3  204.2  217.2
620.4  118.0  1686.4  22.9  -176.6  236.8
625.6  123.2  1420.4  146.5  -91.8  -67.2
494.4  179.2  1583.6  126.0  -139.7  -95.9
314.8  235.2  1567.2  165.0  -113.6  -193.1
212.0  329.6  1479.6  36.4  -108.1  -181.4
188.8  341.6  1468.8  119.4  -166.0  -41.3
145.6  288.4  1491.2  -16.1  -0.6  0.2
162.0  276.8  1504.8  -23.9  -19.7  32.5
203.6  226.4  1434.8  -28.1  -45.8  56.4
212.4  215.6  1477.2  -40.0  -54.8  43.8
200.8  249.2  1493.6  24.9  -42.7  19.5
185.2  210.4  1520.8  5.9  -54.6  21.6
220.8  225.6  1493.2  19.7  -67.7  1.4
217.6  229.6  1513.2  31.0  -89.3  -1.3
221.6  227.2  1504.8  48.9  -71.4  -9.8
171.6  249.6  1518.4  -3.8  -99.9  16.3
184.4  204.0  1465.2  -77.7  -93.7  19.6
273.6  183.6  1389.6  -23.0  -83.1  -4.3
197.6  203.2  1484.8  -15.0  -54.2  12.3
281.2  192.8  1434.8  -17.6  -4.0  -54.7
189.2  232.8  1530.4  54.8  -48.4  -20.3
183.2  208.8  1514.8  24.6  -47.5  19.7
198.4  186.4  1553.6  -13.5  -60.7  37.3
212.4  166.4  1505.2  -12.8  -75.8  51.1
221.2  164.8  1504.8  20.0  -41.4  10.0
236.8  137.2  1475.6  2.3  -61.8  -6.1
184.4  179.6  1508.0  8.6  -74.6  6.9
186.8  179.6  1498.0  5.8  -52.7  0.3
204.8  168.0  1500.0  31.2  -72.8  6.1
231.2  178.0  1473.2  72.7  -68.0  6.3
168.8  166.0  1500.0  2.5  -62.2  7.8
214.4  174.8  1509.6  42.7  -66.0  14.7
196.8  145.2  1515.6  39.2  -62.5  -4.4
180.8  164.8  1530.4  44.6  -77.7  -24.6
189.6  156.8  1518.4  23.5  -68.9  5.0
224.8  160.4  1461.6  35.4  -57.4  10.5
222.8  178.4  1536.0  44.9  -45.8  25.3
234.0  178.4  1510.0  50.5  -34.6  19.2
329.2  200.8  1494.4  100.3  -50.5  26.0
659.2  108.4  1417.6  76.3  31.6  167.5
924.0  157.6  1376.4  -67.6  135.2  210.3
1049.2  86.0  1468.4  303.7  412.9  -327.3
442.4  67.6  1272.0  -294.4  -170.6  -679.5
-466.8  40.0  1353.2  -149.0  -426.7  -1028.4
-728.8  374.0  1939.6  -373.2  -402.9  -887.5
-234.0  -178.8  1613.6  71.6  -194.6  -508.0
-686.8  6.0  1791.2  181.5  -181.0  80.8
-580.0  -109.6  1395.6  -253.5  -136.6  736.5
-204.0  -60.8  1604.0  46.1  -176.3  850.1
36.8  -13.2  1487.2  239.7  3.0  649.0
320.8  -17.2  1349.2  162.5  137.0  411.2
476.0  170.4  1379.2  564.2  187.4  337.5
670.0  -49.6  1305.2  -58.9  71.7  190.4
580.8  -41.6  1414.0  -39.3  -196.6  154.1
485.6  80.4  1619.2  -130.7  -87.6  -76.9
348.8  125.2  1512.0  85.9  -202.9  -73.6
316.0  148.8  1580.0  94.9  -152.6  -38.3
296.8  83.2  1471.2  9.0  -132.0  -110.8
205.6  158.0  1492.0  -12.8  -159.1  -35.7
222.8  125.6  1450.8  76.3  -146.8  -1.6
213.2  104.4  1435.6  102.0  -83.5  -4.4
200.0  92.0  1480.4  29.3  -44.1  -3.4
190.0  134.8  1517.2  26.7  -34.8  10.7
256.8  113.6  1509.2  34.1  5.3  -48.1
176.4  123.2  1585.6  38.9  -46.1  -7.2
269.2  146.8  1502.8  67.8  -101.1  -9.0
264.0  66.4  1487.2  87.3  -69.8  -20.8
208.4  132.8  1529.2  46.4  -107.9  29.5
240.0  78.0  1488.4  16.2  -66.0  -24.1
226.0  132.8  1505.2  75.0  -80.5  5.8
268.8  150.4  1472.4  57.6  -76.1  11.8
196.0  137.2  1494.4  35.5  -68.8  31.4
237.6  137.2  1516.4  43.8  -27.2  33.8
221.6  121.6  1529.2  19.6  -52.4  36.8
245.2  125.6  1497.2  20.2  -53.9  -3.4
215.6  142.8  1525.2  33.9  -59.7  5.3
242.0  129.2  1502.0  26.2  -42.1  -10.4
228.8  114.4  1530.8  53.7  -58.7  -1.7
211.6  104.4  1505.2  37.8  -68.0  4.0
229.6  116.8  1494.0  12.0  -61.5  -13.1
220.8  136.0  1509.6  15.0  -62.4  1.6
232.0  113.2  1493.2  57.8  -47.3  4.8
234.4  118.4  1480.8  16.4  -63.1  9.6
202.4  110.8  1517.2  15.3  -66.5  21.7
252.8  93.6  1523.2  10.9  -44.0  12.6
248.0  123.2  1464.0  20.1  -53.8  -1.6
221.6  120.4  1549.2  37.2  -60.1  30.3
259.6  105.2  1493.6  31.1  -34.4  39.2
388.4  36.4  1494.0  91.6  -26.8  88.0
842.0  -18.0  1548.0  45.3  -49.0  143.7
894.0  39.6  1468.0  73.6  39.9  -0.3
800.4  171.6  1356.4  202.3  63.8  -378.9
454.4  -0.4  1100.8  23.9  -274.4  -473.3
-10.8  225.2  1482.0  -145.0  -237.1  -896.5
-481.6  182.4  1659.2  -251.2  -484.7  -893.3
-805.2  194.8  1833.2  3.8  -280.6  -613.6
-708.4  43.6  1704.4  97.6  -161.7  294.9
-403.2  -20.0  1746.0  3.4  -137.3  560.1
-93.2  71.2  1370.8  137.6  -32.5  561.8
138.0  28.0  1419.2  21.6  162.0  452.2
532.8  70.4  1338.8  212.5  224.8  230.6
533.6  89.6  1387.2  157.8  518.8  151.9
591.6  132.8  1467.6  176.7  243.1  140.5
458.0  29.6  1385.6  60.4  74.9  138.6
542.0  74.4  1659.6  55.8  -116.7  81.2
332.4  87.2  1650.4  23.5  -159.5  -31.2
297.2  130.0  1472.8  143.5  -123.6  -67.6
197.2  193.2  1498.8  76.5  -207.5  -12.6
137.6  131.2  1479.6  -22.2  -166.0  -3.2
133.2  153.2  1482.8  135.9  -143.4  42.6
164.8  93.2  1446.0  11.0  -50.3  -25.6
174.0  142.4  1464.8  2.4  -84.1  44.4
156.0  120.4  1508.4  -1.7  -106.0  61.8
174.4  125.6  1577.6  13.9  -91.4  -3.4
226.0  139.2  1497.2  17.0  -53.2  -78.4
153.2  159.2  1573.2  28.2  -118.6  -9.2
202.4  119.6  1472.8  85.5  -142.0  -19.9
203.2  130.8  1462.4  93.2  -77.9  -47.4
158.4  148.8  1554.0  -15.5  -62.9  1.5
188.0  176.8  1438.0  71.6  -71.0  -7.9
212.0  148.4  1524.0  -50.9  -32.6  21.7
175.6  144.8  1561.2  -16.7  -59.3  45.8
243.2  112.0  1466.4  70.0  -62.9  -18.6
204.0  131.6  1515.6  33.3  -45.2  -8.1
187.6  104.8  1510.8  3.7  -64.8  -8.7
221.2  140.4  1511.2  33.3  -63.7  -7.6
198.4  158.0  1534.4  39.9  -65.2  -6.3
190.4  145.2  1528.4  43.9  -68.3  15.7
222.8  127.2  1474.0  31.0  -69.7  1.7
198.4  118.8  1494.8  39.6  -62.5  9.6
174.8  134.0  1504.8  35.1  -49.5  -4.0
222.8  144.0  1519.6  13.5  -48.1  29.0
215.6  117.2  1485.2  39.6  -26.6  6.3
207.2  102.8  1493.2  24.4  -68.8  6.4
170.8  108.0  1532.0  3.0  -46.6  5.1
214.4  116.0  1508.8  45.8  -31.6  16.1
218.4  118.4  1532.4  53.7  -30.9  -3.0
216.4  153.2  1493.2  82.5  -43.3  8.2
282.8  122.8  1489.6  37.1  1.5  53.2
739.2  67.2  1543.2  156.8  -41.5  172.0
973.2  101.6  1514.4  95.0  111.3  -265.9
752.8  16.4  998.8  187.7  -20.6  -324.0
592.0  37.6  1410.8  -17.9  -293.9  -468.4
-192.8  209.2  1640.8  -556.1  -504.9  -956.7
-777.2  392.8  2204.0  -25.7  -462.7  -1098.7
-807.2  96.8  1881.6  234.5  -112.3  -489.8
-556.8  -38.0  1594.8  -13.7  -165.8  257.3
-209.6  -3.6  1540.4  36.2  -15.8  523.2
-250.8  -2.4  1562.4  -68.5  251.6  450.2
67.6  -8.0  1456.8  280.2  252.4  352.2
260.8  -41.2  1235.6  271.0  441.8  203.7
389.2  195.6  1473.2  348.7  275.5  252.0
569.6  206.8  1300.4  129.2  20.5  129.5
478.8  264.8  1462.0  -48.0  -255.8  241.8
494.8  276.4  1697.2  38.7  -139.6  21.0
388.8  220.0  1574.4  73.7  -63.6  -51.9
304.4  230.0  1513.6  83.0  -134.7  -32.5
264.0  221.6  1444.4  -34.1  -117.4  -37.6
144.0  264.0  1520.8  31.4  -148.9  17.4
172.0  209.2  1513.6  60.7  -84.9  29.8
155.6  167.2  1449.2  -11.0  -71.1  -12.2
154.8  190.8  1420.8  -3.2  -67.6  22.1
90.8  214.0  1500.4  -50.7  -70.4  60.9
158.0  172.0  1517.6  -38.2  -21.8  53.4
242.0  146.4  1514.4  -41.8  -16.7  47.4
217.2  142.4  1501.2  49.5  -76.2  0.3
169.6  209.2  1572.8  -4.7  -84.8  3.8
183.2  180.4  1471.2  0.0  -75.5  -13.9
166.0  167.6  1504.0  22.1  -46.4  46.2
197.6  156.0  1478.0  -6.9  -42.5  39.2
177.6  143.6  1512.8  16.9  -18.8  9.2
174.0  154.0  1520.4  15.6  -23.6  -11.0
169.2  145.2  1514.8  74.5  -71.6  -2.0
169.6  139.2  1513.6  36.1  -59.8  -22.9
143.2  162.4  1526.0  31.1  -67.3  -5.3
190.8  139.6  1506.0  42.0  -46.1  -10.5
170.4  150.8  1522.8  72.5  -64.0  -8.4
130.8  128.4  1502.0  30.3  -72.0  -7.8
152.8  152.4  1534.0  45.1  -57.4  1.7
146.4  155.2  1524.8  31.0  -47.6  5.7
170.4  184.8  1539.2  31.2  -69.9  9.1
200.0  173.6  1494.0  33.2  -42.4  -8.3
151.6  163.2  1508.8  36.4  -79.5  13.1
152.0  146.0  1487.6  37.5  -94.1  37.0
176.4  159.2  1533.6  12.4  -37.7  -11.7
173.6  174.8  1514.0  24.9  -58.5  -1.8
176.4  160.8  1493.6  29.6  -59.2  -6.9
172.8  170.8  1488.4  11.3  -57.6  -21.5
130.8  170.8  1496.0  29.2  -69.6  -2.6
157.2  156.4  1534.4  20.8  -71.3  36.2
208.0  143.6  1464.8  1.6  -32.7  0.3
186.0  170.8  1518.8  44.0  -76.1  13.8
184.8  174.4  1520.0  0.4  -57.2  25.5
160.0  142.4  1509.6  28.9  -61.0  -25.4
168.8  107.2  1500.8  38.7  -54.6  -17.6
169.6  132.8  1539.6  31.7  -56.0  4.4
186.8  178.8  1553.2  61.4  -77.9  -13.7
168.4  137.6  1503.6  32.3  -109.1  -20.1
243.6  147.2  1437.2  69.1  -63.4  -54.0
87.6  203.2  1568.8  27.4  -65.9  -55.6
8.4  211.6  1506.4  28.8  -85.6  49.9
308.0  121.6  1491.6  43.9  -0.9  28.0
319.2  84.4  1451.2  52.8  -26.8  -84.1
33.6  208.8  1553.2  26.6  -138.8  -41.4
88.4  250.0  1520.4  43.7  -63.7  78.8
366.8  123.2  1442.8  69.1  69.2  8.9
206.0  162.4  1493.2  40.3  -9.8  -39.1
151.2  175.2  1557.6  12.3  -112.8  42.0
338.0  124.8  1581.2  34.6  25.0  65.4
694.0  73.2  1512.8  39.8  18.2  155.4
970.4  125.2  1613.2  -26.8  -37.1  -51.1
786.8  2.0  1400.4  212.8  -32.3  -523.4
101.2  41.6  1235.6  -224.6  -393.3  -751.1
-460.0  183.2  1651.6  -318.8  -382.7  -899.8
-512.0  96.0  1851.2  -214.9  -406.1  -742.2
-712.4  224.0  1911.6  108.8  -159.3  -279.9
-627.2  -69.2  1425.2  172.5  -100.2  233.2
-272.8  46.8  1664.4  209.2  107.1  444.6
-29.2  130.8  1415.6  98.7  117.0  488.4
83.6  78.4  1477.6  20.8  248.1  489.0
324.4  119.2  1508.4  12.2  201.1  413.0
329.6  95.2  1428.0  75.2  200.1  288.4
436.8  100.8  1542.8  52.2  226.8  158.1
442.4  24.0  1450.8  -85.7  94.1  117.5
251.6  107.2  1564.8  -65.4  -153.3  8.8
320.4  50.0  1620.0  145.9  -70.8  -15.5
287.2  71.2  1622.4  67.3  -138.7  -84.3
189.6  84.8  1546.0  169.4  -129.0  -119.7
34.4  134.8  1492.0  89.2  -133.5  -72.2
101.2  96.4  1388.8  50.9  -70.2  -3.8
138.4  132.8  1470.0  -66.5  -56.3  7.1
148.8  134.0  1557.2  53.7  -19.2  32.2
110.0  153.2  1590.8  90.6  -26.9  3.3
72.8  96.4  1511.6  9.8  -101.9  26.9
79.6  49.2  1488.8  7.0  -71.8  9.6
200.8  111.6  1533.2  35.3  -56.2  -44.0
84.4  151.6  1534.0  125.2  -125.7  -97.5
4.4  113.2  1552.4  85.5  -88.6  -71.2
111.6  114.8  1454.8  48.7  39.5  -56.4
65.2  132.4  1512.8  36.6  106.6  -90.2
121.6  54.8  2110.8  -245.2  200.9  141.4
-2.4  155.2  1500.8  -315.5  73.1  96.4
-14.0  -46.4  1497.6  -60.6  84.8  -264.7
144.4  14.0  1471.6  76.9  -224.2  15.0
46.0  64.8  1453.2  257.2  -222.0  20.0
91.6  57.2  1552.8  40.2  -146.6  43.7
133.2  44.8  1577.6  111.0  -237.7  28.7
89.6  52.0  1487.2  93.1  -114.0  -49.1
164.4  43.6  1555.6  -10.7  -277.9  46.8
36.8  83.6  1539.6  -93.3  -193.4  -28.1
8.4  110.8  1496.0  -32.1  -225.9  -45.5
-5.6  140.4  1532.4  51.6  -92.3  -3.4
43.2  112.0  1588.4  36.0  -45.7  78.9
219.6  34.0  1378.4  106.9  5.1  17.1
210.8  40.0  1452.8  93.8  -67.8  43.9
103.6  87.2  1550.0  4.5  -26.4  -25.7
63.2  132.8  1575.2  29.1  4.8  -2.6
158.0  102.0  1640.4  46.9  -22.4  43.8
338.8  36.4  1489.6  167.8  -91.2  44.7
511.6  -108.0  1466.4  64.4  -98.5  97.4
979.2  136.0  1583.2  87.6  -113.5  -17.1
1176.8  39.2  1223.2  63.3  308.8  -393.9
363.6  -108.0  904.0  -454.5  -171.9  -602.1
-285.6  -105.6  1759.2  -182.6  284.9  -1351.6
-964.0  325.6  2492.0  -413.8  -732.5  -975.0
-1094.8  51.6  1844.4  507.5  140.6  -490.5
-655.6  -89.6  1405.6  186.6  -110.7  226.7
-436.0  -27.2  1410.8  -353.7  -170.5  620.0
-158.0  -20.0  1544.8  -243.5  -235.9  761.1
95.6  -134.4  1605.2  87.3  21.5  545.2
237.2  -57.6  1295.2  226.9  150.3  351.4
194.4  -23.6  1483.2  134.8  61.3  300.3
294.8  -35.6  1383.6  211.8  10.9  256.4
439.6  -83.2  1563.2  26.5  125.6  150.9
374.0  -27.6  1556.8  138.6  64.3  -15.6
376.8  -16.8  1648.0  -184.3  24.7  -64.7
249.6  -21.6  1631.6  113.6  -222.7  -80.4
34.0  30.0  1543.2  80.1  -113.4  -113.5
147.6  12.0  1408.0  103.4  -127.4  -51.1
66.4  44.8  1577.6  74.2  -98.8  -62.2
40.4  101.6  1563.6  77.8  -108.9  16.3
78.0  11.2  1468.4  34.2  -40.1  -29.5
75.6  0.4  1459.6  81.0  -127.5  20.1
84.4  11.2  1490.0  -9.7  -27.8  -5.0
96.8  27.6  1516.0  11.0  -2.8  -41.9
117.2  29.2  1540.8  53.7  -32.5  -27.7
90.0  67.2  1590.8  90.2  -83.0  -33.3
93.2  49.6  1509.6  62.0  -69.3  -57.0
63.6  74.4  1435.2  63.1  -56.1  -30.6
28.0  70.8  1544.0  0.3  -49.9  9.7
104.4  37.6  1510.0  36.7  -49.3  19.9
75.6  44.4  1506.8  11.2  -52.8  4.8
86.8  50.4  1524.8  35.2  -37.7  -1.6
45.2  33.2  1526.4  5.9  -57.4  -7.4
71.2  26.8  1509.2  28.4  -40.7  -6.8
54.8  27.2  1488.4  12.8  -43.2  10.1
58.8  34.8  1530.4  -15.5  -35.2  -5.3
99.6  -21.6  1530.8  17.2  -23.9  -12.3
54.8  -10.4  1497.6  59.4  -26.7  -20.6
69.2  10.0  1486.8  36.4  -70.8  -32.3
24.0  38.0  1521.6  58.6  -93.1  -12.0
57.2  34.4  1505.2  60.9  -45.0  -20.7
47.6  35.6  1535.2  63.8  -88.3  -11.0
65.6  34.4  1519.6  54.8  -40.4  -0.5
96.8  48.4  1514.0  16.2  -65.6  3.6
72.8  36.4  1511.6  34.2  -46.5  2.9
57.6  13.2  1504.0  12.2  -62.0  4.8
54.4  44.8  1528.0  26.6  -55.0  6.7
62.8  28.0  1491.2  37.2  -61.1  12.7
50.0  6.0  1501.2  30.7  -70.4  0.1
64.4  19.6  1521.2  45.5  -61.5  -5.2
54.4  72.0  1530.8  63.0  -62.4  5.9
72.0  52.8  1522.4  36.6  -76.2  -9.2
74.8  55.6  1489.2  42.1  -57.9  18.6
40.4  52.4  1530.0  1.3  -45.4  19.6
6.8  24.4  1552.4  6.7  -66.5  35.0
77.2  2.4  1494.4  19.5  -20.1  -12.5
34.0  20.8  1533.6  -3.3  -52.0  -9.3
41.6  30.8  1536.8  68.5  -64.2  -46.9
14.8  62.4  1496.0  64.2  -67.8  -53.1
-8.0  68.8  1519.2  21.1  -48.9  -6.3
32.8  63.2  1518.8  20.6  -35.0  33.2
67.6  4.8  1534.0  26.6  -37.0  20.9
0.0  16.0  1550.8  25.8  -39.6  -4.4
28.4  23.6  1556.8  16.9  -53.5  8.6
71.6  23.2  1499.2  36.7  -63.0  -6.1
8.4  48.8  1555.6  39.4  -86.4  -14.5
32.0  24.4  1536.0  58.5  -65.1  11.2
100.4  -4.0  1460.4  29.6  -64.5  12.1
134.4  28.0  1527.6  71.9  -76.4  39.5
530.4  -25.6  1655.6  87.2  24.1  99.3
645.2  -44.8  1364.4  281.6  65.5  -22.4
448.0  29.2  1396.0  207.3  61.1  -244.5
112.8  122.8  1396.0  60.2  -214.2  -357.5
-308.8  80.4  1376.0  7.1  -456.5  -401.1
-497.6  49.6  1939.2  -179.8  -175.0  -454.0
-696.8  166.4  1876.4  339.0  -107.9  -322.8
-468.4  77.6  1633.2  182.3  -214.2  68.4
-182.8  62.0  1384.8  210.0  -73.0  216.2
-76.8  114.8  1392.4  22.3  -13.3  193.2
132.0  103.6  1359.6  149.0  -1.7  195.5
326.8  183.6  1441.2  51.3  -110.5  228.1
488.0  173.6  1470.4  75.1  -80.4  172.8
595.2  212.8  1610.8  19.3  36.3  71.4
1112.4  81.2  1851.2  -60.8  -48.1  -71.9
801.2  125.2  1406.8  110.8  47.1  -553.1
389.2  3.6  1372.4  -250.0  -210.8  -920.4
-369.2  -4.0  1663.6  -69.1  -365.5  -1457.9
-1022.4  154.4  1603.6  318.9  -254.0  -1230.5
-702.0  150.0  1865.6  281.5  77.7  -61.7
-136.0  -58.8  1438.4  -29.6  -176.5  673.0
79.2  50.4  1552.0  -57.4  82.3  476.3
-6.4  164.8  1474.4  141.9  113.6  433.4
-84.0  113.2  1611.6  -222.2  262.4  305.0
-6.0  126.0  1479.6  338.8  133.7  236.0
-197.2  45.6  1500.4  -194.6  271.5  231.4
-1.6  121.6  1325.6  180.5  -78.2  251.8
47.2  195.2  1413.6  -8.6  119.1  185.5
210.4  235.6  1448.4  14.6  -1.7  168.7
200.4  217.2  1624.8  148.1  158.8  25.2
49.2  210.0  1490.8  -11.4  -187.5  92.4
112.8  148.0  1531.6  11.2  -25.4  -35.3
205.2  163.2  1518.8  133.1  -116.8  -15.6
110.8  195.6  1578.8  70.5  -83.4  -40.9
65.2  178.0  1515.2  130.8  -40.4  -50.8
3.2  168.8  1530.4  56.6  -54.8  -19.2
37.6  146.8  1528.4  27.1  -87.8  -76.9
-64.4  225.2  1530.8  69.4  -69.2  -93.4
-30.4  252.0  1511.2  96.6  -115.9  -47.3
-3.2  241.2  1436.8  133.8  -70.0  -22.1
-29.2  247.2  1498.0  66.4  -74.6  -9.6
-10.8  235.2  1492.8  5.0  -35.8  -14.0
-6.0  257.6  1513.6  33.8  -51.3  -1.5
-3.6  217.6  1498.8  18.6  -34.5  3.3
-20.8  244.8  1488.8  16.1  -37.9  -10.1
-35.2  240.8  1522.4  8.7  -54.8  7.0
8.0  230.0  1499.2  25.7  -52.2  11.1
-30.0  199.2  1487.2  31.3  -72.2  -14.3
-16.8  227.2  1502.0  41.9  -67.7  4.2
-35.2  214.8  1551.6  43.7  -46.6  -22.0
-25.2  219.6  1462.0  72.7  -76.6  -24.6
-10.8  239.6  1424.0  32.7  -24.3  8.5
-108.4  261.2  1540.0  -39.9  -48.5  41.7
-2.0  196.4  1558.8  -10.1  -26.9  37.8
-3.2  169.2  1504.0  33.4  -74.3  -27.6
-9.6  200.0  1502.8  51.6  -99.4  -57.4
-115.2  222.4  1464.0  37.6  -88.5  -58.2
-76.0  210.4  1506.0  33.8  -82.4  37.1
58.4  207.6  1503.6  -48.7  -10.9  58.8
58.0  228.0  1492.4  13.0  -133.1  120.9
176.4  211.6  1557.2  13.9  76.2  229.3
74.0  253.2  1450.8  -54.5  64.6  242.1
-104.0  171.6  1593.2  -219.3  131.8  151.5
-266.4  93.6  1672.8  -321.6  -152.5  65.4
-201.2  126.0  1450.8  137.9  -172.8  -59.7
-175.6  130.4  1357.2  238.3  -163.1  -83.8
-125.2  90.8  1398.4  121.2  -143.8  -9.4
10.0  94.8  1408.8  111.1  -35.1  -32.4
75.2  151.6  1517.2  3.5  -53.5  -36.3
6.8  234.4  1564.8  -82.5  -141.9  -61.7
30.0  151.2  1618.4  170.6  -114.0  -45.9
-24.8  200.4  1512.8  191.3  -35.4  -78.1
3.2  161.6  1439.6  2.9  -80.3  -1.3
-1.6  181.6  1553.6  20.2  -119.8  24.9
8.8  199.6  1509.6  45.7  -90.4  -15.7
15.6  195.2  1462.0  84.0  -65.7  -25.4
-19.6  186.4  1458.0  41.5  -71.7  1.1
-2.4  180.4  1478.0  -9.5  -79.0  9.7
20.4  158.4  1509.6  21.9  -51.6  -4.8
32.8  180.8  1494.8  53.0  -28.3  -41.8
-54.8  194.8  1523.6  52.1  -79.3  -16.5
12.8  196.4  1513.2  44.8  -76.2  -6.8
13.6  207.2  1485.2  4.8  -72.3  8.3
12.0  193.6  1522.0  -14.5  -59.2  -4.0
-13.2  181.2  1582.8  57.2  -103.9  -17.6
38.8  169.2  1459.2  94.8  -57.3  -10.6
30.4  193.2  1475.2  60.1  -93.5  22.3
21.6  194.8  1509.6  -23.9  -53.6  40.2
95.6  200.8  1512.0  66.5  -51.8  53.3
138.0  220.0  1519.6  96.9  -49.6  25.9
527.2  188.4  1617.2  -26.3  -29.5  172.2
876.4  173.6  1566.8  98.1  -7.3  -29.8
690.8  172.4  1306.4  209.8  -35.9  -381.4
369.6  141.2  1334.0  -33.3  -429.5  -560.8
-200.4  -84.4  1548.8  -80.2  -379.1  -1219.1
-1035.6  346.0  2220.0  207.8  -429.3  -1528.9
-934.4  168.8  1426.0  408.2  -28.4  -484.5
-329.6  -49.2  1672.0  -141.7  -32.7  333.6
-140.0  1.2  1321.2  111.2  65.4  343.2
-181.6  81.2  1590.8  -64.0  -128.9  419.5
-67.2  107.2  1388.0  153.0  25.8  297.1
81.2  222.4  1497.6  148.5  127.1  238.6
28.4  290.0  1467.2  236.0  93.0  192.0
-108.0  317.2  1469.2  -117.4  108.3  149.8
74.0  350.0  1577.6  36.2  70.4  191.3
-56.8  295.6  1528.4  -13.7  221.5  170.4
-35.2  304.8  1466.8  -26.5  144.2  202.4
-27.2  242.8  1413.2  17.7  104.0  307.3
48.0  213.6  1560.8  -169.3  155.8  201.5
196.4  202.8  1451.6  16.4  146.1  119.6
112.8  161.2  1411.2  82.9  12.1  51.9
70.4  160.0  1493.2  -32.0  -113.5  -58.2
-126.4  243.6  1596.8  -25.6  -207.1  16.3
-81.6  217.2  1606.4  35.9  -55.0  -12.6
-67.2  215.2  1504.0  88.9  -74.1  -20.1
-91.6  209.6  1421.2  41.1  -129.9  -6.8
-146.4  219.6  1439.2  0.8  -136.3  28.3
-66.8  205.6  1461.2  -25.5  -39.0  21.6
-118.0  175.6  1472.0  -9.1  -54.7  11.0
-91.2  190.8  1532.4  -15.4  -89.8  20.9
-103.6  194.8  1519.6  18.7  -98.8  3.8
-16.4  166.0  1491.2  21.0  -65.0  -13.6
-84.4  183.6  1501.6  15.5  -87.4  -7.3
-89.2  217.2  1504.8  -4.2  -82.0  -12.4
-92.0  191.2  1513.2  13.8  -57.1  -18.4
-74.8  180.8  1493.2  38.0  -78.6  10.1
-91.2  163.2  1474.0  22.6  -48.9  -13.8
-86.8  203.2  1484.8  9.0  -62.1  7.2
-71.2  160.4  1525.2  -0.6  -101.4  25.0
-44.8  158.4  1527.6  20.7  -38.7  -11.2
-92.8  180.0  1540.8  30.9  -74.5  -11.1
-65.2  166.0  1515.6  44.4  -98.3  -3.0
-75.2  162.0  1504.8  83.5  -98.3  -25.1
-89.2  164.8  1509.6  30.1  -87.0  -6.9
-75.2  169.2  1483.2  18.4  -84.6  21.0
-40.8  164.0  1509.6  39.5  -57.3  3.1
-77.2  166.0  1478.8  32.8  -69.8  9.1
-76.4  166.8  1477.2  32.7  -51.5  12.4
-48.8  184.4  1519.6  10.3  -67.4  44.5
-62.8  159.2  1521.6  12.9  -50.0  20.2
-37.2  163.6  1496.0  12.9  -53.0  8.4
-10.8  150.4  1512.0  37.3  -123.5  51.3
48.8  143.6  1524.0  29.3  -74.5  61.6
330.4  114.8  1476.8  129.7  -41.3  146.7
648.4  162.4  1476.4  101.9  -23.7  149.2
714.4  240.0  1308.0  135.0  -78.7  -178.0
292.8  370.8  1262.0  55.7  -335.8  -437.8
-85.2  153.2  1534.8  -309.7  -627.7  -712.7
-361.2  119.6  2062.8  -217.8  -139.8  -1418.6
-940.0  -20.0  1588.0  -22.0  -456.9  -930.3
-514.8  17.2  1720.4  -206.3  -171.8  -332.7
-363.2  -78.8  1552.0  125.5  115.5  -51.3
-175.6  -34.8  1436.0  94.2  -191.3  423.9
25.6  68.8  1484.0  -18.1  -186.3  316.9
-54.0  79.6  1640.4  230.0  -83.1  261.8
-51.6  124.8  1594.4  291.5  114.7  191.7
-214.4  181.2  1661.2  90.9  328.2  197.9
-162.0  158.4  1694.0  -60.9  531.8  249.0
-262.8  90.4  1491.2  -2.3  497.3  237.3
-155.2  132.8  1350.8  75.2  266.7  404.8
-121.2  204.4  1375.6  153.2  137.4  425.5
146.8  164.8  1314.4  -89.3  3.9  243.3
97.2  180.0  1347.6  202.7  -115.8  273.2
231.2  68.8  1391.6  -151.9  -97.0  224.9
188.8  110.8  1531.6  -238.6  -67.7  157.5
-45.6  116.4  1684.8  45.2  -172.0  3.4
-19.2  141.6  1582.4  106.5  -98.1  -83.2
-82.0  139.6  1518.0  86.7  -81.3  -49.0
-80.8  139.6  1480.4  26.6  -101.3  -34.1
-185.6  155.6  1516.0  -32.5  -91.7  19.2
-80.4  105.6  1442.8  66.6  -100.2  21.2
-36.8  96.4  1450.8  -4.7  -30.0  -22.8
-93.6  89.6  1487.2  55.5  -66.2  -0.2
-180.4  154.0  1543.2  28.0  -88.5  1.7
-98.0  117.6  1513.6  20.3  -66.0  -11.0
-90.4  82.0  1518.0  84.0  -105.2  4.0
-64.4  126.8  1476.8  36.0  -84.1  -8.8
-116.8  129.2  1490.4  36.8  -100.9  9.5
-120.4  138.8  1515.6  6.0  -73.3  19.8
-45.6  124.8  1484.4  26.8  -31.7  8.2
-70.0  78.8  1526.4  32.4  -70.2  2.7
-99.6  98.4  1497.6  30.7  -70.0  -19.7
-76.0  96.0  1512.0  26.2  -74.3  -8.3
-80.0  103.2  1503.6  36.4  -92.3  -5.6
-87.2  113.2  1509.6  -16.5  -109.8  5.0
-71.2  115.6  1488.4  26.5  -96.7  6.6
-62.0  117.2  1489.2  29.1  -67.5  10.8
-63.6  98.4  1510.4  -11.6  -64.7  25.4
-76.0  90.0  1526.0  27.3  -85.5  20.8
-74.0  95.6  1524.8  17.4  -71.7  -7.4
-59.6  88.0  1475.6  18.1  -71.1  14.4
-96.8  96.0  1499.6  8.8  -122.8  14.3
-81.6  124.8  1524.4  -50.2  -187.6  25.7
0.8  75.6  1476.0  -30.9  -225.4  46.9
7.6  74.8  1512.0  30.3  -209.5  42.5
13.2  65.2  1580.0  13.5  -258.8  11.8
4.8  70.0  1534.8  45.9  -92.4  -30.9
-2.8  80.0  1467.6  110.2  -125.3  -27.4
4.0  148.4  1534.4  14.5  -103.0  45.4
59.2  81.2  1466.8  138.0  -137.2  37.6
89.2  99.2  1545.6  6.3  -51.5  27.2
60.4  84.8  1553.2  78.4  -24.8  29.9
65.2  131.6  1511.2  31.1  -62.6  -30.7
56.8  97.2  1491.6  22.9  -47.6  7.5
27.6  140.0  1486.8  13.3  -113.9  20.1
41.2  90.0  1584.8  -45.8  -88.5  41.4
51.2  57.2  1550.0  -4.9  -153.2  5.0
88.8  58.0  1528.0  -25.1  -142.5  10.1
97.2  53.2  1501.6  12.1  -92.6  5.2
73.6  93.6  1521.2  33.2  -34.5  9.4
82.0  69.2  1516.0  -81.5  95.4  72.4
27.2  73.2  1527.6  -6.6  -68.7  42.8
88.8  35.6  1521.2  27.0  -27.8  14.2
43.6  67.2  1546.4  -16.3  -0.1  20.8
91.2  22.0  1593.6  -326.0  -63.3  149.4
60.0  38.0  1527.6  -15.6  -49.9  41.8
70.4  18.4  1528.0  -0.2  -69.6  26.4
94.8  16.4  1498.0  63.2  -84.9  3.4
66.4  19.6  1546.4  54.6  -120.7  15.3
54.8  11.6  1529.2  34.1  -119.0  34.4
98.0  18.8  1503.2  124.2  -154.0  84.0
455.6  -5.2  1461.2  125.7  -90.1  144.6
1272.0  -29.2  1427.2  118.8  -0.6  54.5
1069.6  127.6  1105.2  94.7  31.4  -180.9
381.2  -464.0  706.0  -612.2  -282.3  -663.9
-531.6  -39.2  2616.4  -626.0  -619.2  -1335.3
-1424.4  136.4  2022.8  425.1  -454.4  -1343.5
-486.4  -181.2  1506.0  137.8  -221.2  -187.5
-74.4  -218.8  1434.0  52.1  -153.7  168.0
185.2  -122.4  1434.4  9.4  47.1  131.9
68.4  -114.8  1337.2  49.4  157.4  132.0
-34.0  -80.4  1828.4  -81.2  277.2  130.8
-234.4  -107.6  1652.8  135.2  220.0  259.0
-146.8  -142.4  1582.4  97.0  178.1  446.0
-49.6  -78.8  1446.0  -103.4  -67.7  519.3
112.8  -23.6  1578.4  61.3  38.0  272.2
192.0  -2.8  1402.4  -71.9  -164.0  336.3
312.4  -21.2  1431.6  292.8  22.8  68.5
518.8  2.4  1382.4  190.1  87.5  56.3
319.2  -51.6  1388.8  94.1  19.1  -14.5
339.2  60.8  1446.0  -13.6  48.8  -56.8
266.0  22.4  1612.4  110.3  -8.1  14.9
188.8  58.8  1509.2  284.6  -469.8  -110.6
64.8  56.0  1641.2  82.8  -101.0  -88.1
45.2  32.4  1633.2  -46.5  26.4  54.6
32.8  12.0  1391.2  17.6  74.2  5.7
2.0  -69.2  1519.6  -74.9  -14.9  152.1
66.4  36.8  1488.4  17.6  -221.6  -20.9
8.8  79.2  1574.4  47.0  -155.3  -15.3
43.2  0.0  1538.8  26.9  55.5  12.6
96.0  -1.6  1525.2  138.5  122.1  -49.0
27.6  40.4  1466.8  -12.5  7.1  -11.1
14.8  -34.0  1434.0  -42.5  -183.8  89.3
32.0  14.4  1497.6  -107.7  -169.6  42.5
103.2  28.0  1526.4  14.0  -88.1  66.7
84.8  -3.2  1568.0  -60.6  -73.6  66.3
79.6  -15.6  1537.6  -55.0  -127.3  36.5
85.6  -34.4  1536.0  -19.6  -55.3  40.8
118.8  -67.2  1547.2  34.7  -59.6  34.0
92.0  -87.2  1451.6  6.2  -71.9  1.5
18.8  -75.6  1505.2  6.0  -173.6  21.2
106.0  -46.4  1534.0  17.1  -55.1  -32.7
27.6  -36.0  1516.4  83.6  -49.4  -6.5
85.2  -38.0  1521.6  76.0  -26.4  -17.7
132.0  -44.4  1515.6  68.6  -54.7  11.2
76.4  -26.4  1519.6  54.4  -57.8  14.4
61.6  -61.2  1517.6  41.4  -97.3  0.1
105.2  -48.4  1534.0  24.2  -99.4  23.2
108.0  -51.2  1546.0  36.7  -59.7  -24.3
87.6  -45.2  1518.8  99.1  -98.5  -28.1
90.0  -13.6  1500.4  72.6  -61.1  -64.9
87.6  -14.0  1495.2  65.2  -41.6  -20.4
86.4  -9.6  1492.8  64.4  -55.4  -11.4
88.8  -37.6  1551.2  50.0  -70.4  3.7
106.0  -30.4  1541.2  48.1  -70.1  2.7
106.8  -32.0  1487.6  34.3  -65.6  -25.3
82.8  -16.0  1516.8  54.1  -83.2  -8.5
116.8  -11.2  1501.6  15.0  -46.8  -5.8
106.4  -6.0  1509.6  59.6  -63.7  -7.4
103.2  -1.2  1484.8  17.5  -67.7  1.0
102.8  4.0  1523.2  46.7  -68.5  -3.0
103.6  1.2  1524.0  37.5  -57.7  0.4
112.0  -17.2  1497.2  32.4  -62.2  -2.4
74.8  -10.8  1541.6  36.7  -77.7  15.7
80.0  -35.6  1501.6  25.5  -35.0  -6.6
118.4  -7.6  1555.6  25.3  -72.0  7.5
90.4  -22.8  1521.6  31.1  -72.0  -2.4
101.2  -54.4  1502.4  37.7  -64.6  -20.0
122.4  -34.8  1520.0  53.2  -89.9  2.7
113.2  -12.0  1518.8  47.0  -53.4  -32.0
102.8  3.2  1542.4  99.8  -105.4  -8.2
108.8  15.2  1523.2  48.1  -89.2  10.8
92.4  -21.6  1521.2  32.1  -62.5  20.7
164.8  -18.8  1512.0  63.4  -76.6  30.6
138.4  11.2  1486.8  74.4  -85.4  -18.5
101.2  -7.2  1538.0  86.6  -30.4  -16.2
73.6  26.4  1557.6  76.5  -81.0  77.4
149.2  -4.8  1509.2  -164.9  14.4  82.1
-55.2  281.2  1034.0  92.5  -431.8  -71.4
86.4  2.8  1511.6  18.7  -71.9  24.2
84.0  -10.0  1530.8  3.7  -79.0  14.8
116.8  -57.2  1547.2  -154.1  -103.3  77.3
53.2  28.8  1408.0  47.8  -95.6  15.3
112.8  -41.2  1532.0  -8.7  -79.8  5.4
103.2  -48.0  1532.0  37.3  -60.5  1.6
106.8  -70.0  1485.2  -12.3  -85.4  -102.0
84.8  -28.0  1542.0  67.5  -114.9  17.6
104.4  -22.8  1473.6  26.0  -48.0  70.8
141.6  -25.2  1527.2  20.8  -65.8  55.5
230.0  -88.8  1535.2  105.0  -116.8  70.8
521.2  -142.4  1550.8  113.2  -92.4  123.7
918.8  -158.4  1438.8  370.5  -25.9  -273.6
846.8  42.4  1088.4  298.5  -55.8  -290.0
696.8  -4.4  1445.2  -131.7  138.0  -652.7
290.0  -368.0  1188.0  -247.3  -216.5  -928.5
-517.6  -15.6  2276.8  -364.4  -705.8  -1208.9
-1180.8  252.4  2296.0  645.0  142.7  -1178.7
-747.6  -168.8  1371.2  142.3  117.3  136.9
-131.2  -144.0  1456.0  -19.8  -86.2  362.3
-216.0  -95.6  1500.8  -458.8  312.1  480.0
-174.4  -154.0  1594.4  -118.6  44.2  571.6
-20.8  -33.2  1534.4  236.5  290.7  458.2
108.8  -28.0  1413.2  85.5  -82.9  437.4
65.2  114.0  1374.4  126.6  -131.4  378.1
283.6  57.2  1411.2  100.2  -147.5  385.7
386.4  56.8  1467.6  159.4  8.3  240.0
426.4  21.2  1472.4  116.5  -99.0  105.5
420.0  16.4  1515.2  143.7  -80.9  -92.0
385.6  73.6  1636.4  172.4  -88.6  -75.5
214.0  130.8  1613.2  4.1  -205.4  -81.7
240.0  112.8  1554.8  109.4  -101.2  -56.9
105.2  126.4  1460.8  21.2  -65.9  -40.2
57.2  84.4  1472.0  4.2  -58.1  -35.5
85.2  82.0  1508.4  -24.4  -19.8  43.9
175.2  73.6  1525.6  28.9  -45.7  29.4
122.4  91.2  1551.6  12.0  -83.3  -27.9
123.6  88.4  1490.4  139.7  -93.8  -37.1
85.2  97.2  1464.8  24.5  -48.9  -41.9
121.6  81.2  1513.6  25.9  -82.4  -11.5
130.4  109.2  1534.0  53.7  -64.3  -13.1
126.4  122.8  1515.2  50.6  -45.5  -15.4
123.6  120.0  1533.6  9.1  -42.6  -3.0
107.6  115.6  1514.0  70.7  -55.8  11.5
121.2  98.0  1505.6  33.3  -40.1  12.7
115.2  93.6  1494.8  32.8  -67.3  1.2
112.0  120.4  1530.4  50.3  -48.1  -5.8
82.0  87.2  1532.8  16.4  -48.4  10.1
96.4  124.4  1524.0  35.8  -57.9  24.2
122.8  124.4  1490.4  42.8  -54.4  9.1
86.4  114.8  1495.2  9.1  -52.9  28.2
106.0  97.6  1530.0  12.7  -19.1  49.7
103.6  126.0  1531.6  21.3  -23.8  29.4
64.0  111.2  1545.6  6.0  -53.4  21.1
77.6  90.4  1479.2  14.7  -35.7  24.8
104.8  81.6  1531.6  13.1  -33.7  62.5
116.4  78.0  1543.6  -51.1  -46.2  35.2
93.2  80.8  1586.8  27.4  -50.2  0.8
103.6  84.8  1502.8  47.7  -47.5  -10.5
77.2  82.0  1485.6  21.0  -54.8  1.5
83.2  62.8  1518.4  61.7  -50.8  -3.9
51.2  73.2  1497.2  42.1  -57.5  -8.1
60.4  91.2  1499.6  32.7  -67.3  -0.3
87.6  93.6  1506.0  19.1  -50.9  9.1
106.8  78.8  1527.6  34.9  -57.9  -0.6
77.2  77.6  1491.6  39.5  -52.9  -10.8
47.6  83.2  1510.0  22.4  -45.9  27.1
116.0  81.2  1540.8  38.5  -44.5  13.0
99.6  72.4  1543.2  68.0  -75.1  7.3
120.4  74.8  1482.0  56.2  -66.9  -8.8
63.6  94.0  1492.0  28.6  -54.0  -10.6
82.8  97.6  1530.8  11.4  -48.0  18.2
91.6  88.4  1514.0  15.1  -41.9  0.0
76.0  92.8  1552.8  5.0  -57.9  -2.2
72.4  52.4  1526.4  39.8  -71.2  -10.3
60.0  70.8  1532.4  46.3  -72.9  -16.2
79.6  72.4  1491.6  16.8  -69.0  -8.3
80.0  95.2  1522.4  51.7  -62.6  -16.2
53.6  111.2  1556.8  35.0  -52.3  -8.4
89.2  81.6  1512.4  46.8  -78.3  3.6
72.4  86.0  1521.6  34.4  -58.8  -14.5
87.6  85.6  1499.2  37.9  -66.9  2.6
66.0  69.2  1528.4  36.4  -53.3  7.3
126.4  76.8  1534.4  27.6  -71.6  -8.8
72.4  77.6  1518.4  38.3  -48.6  -10.2
82.4  78.0  1512.0  33.3  -57.9  -12.6
88.8  100.4  1497.6  29.1  -58.3  -4.1
76.4  79.6  1518.4  30.8  -64.5  -5.6
84.4  51.6  1532.8  32.8  -67.9  0.8
91.2  58.8  1514.0  30.3  -66.9  -7.9
97.2  102.0  1535.6  42.3  -72.1  -19.2
56.4  83.2  1517.6  31.7  -71.3  24.3
94.4  74.4  1510.0  37.7  -65.2  -3.8
84.0  91.6  1511.2  40.9  -39.7  -3.6
84.4  58.4  1519.6  21.7  -77.6  5.1
70.4  73.6  1505.6  36.8  -54.4  -7.8
70.8  93.2  1522.8  37.0  -64.0  -6.7
78.8  72.8  1513.6  34.0  -56.6  -12.9
82.4  81.2  1510.0  36.3  -60.0  -3.2
90.4  83.2  1533.6  35.3  -62.1  -13.7
68.8  72.8  1534.8  47.9  -63.6  1.0
84.4  79.2  1518.4  27.0  -66.9  -11.0
52.4  102.0  1503.2  29.2  -60.9  -17.8
82.8  78.0  1492.8  39.9  -59.0  -4.5
57.2  96.0  1510.8  45.6  -54.3  -5.2
63.6  86.0  1528.8  38.4  -68.5  3.5
55.6  84.8  1513.2  30.6  -60.4  -11.1
69.6  53.2  1526.4  28.8  -60.1  -3.7
88.4  90.8  1515.6  44.0  -66.4  -9.2
85.6  96.0  1521.6  36.1  -55.5  -7.6
75.2  89.2  1514.0  33.5  -67.3  1.1
79.6  82.4  1500.0  44.7  -53.4  -6.2
80.8  78.0  1515.2  25.9  -61.4  -2.9
55.2  94.4  1516.4  31.9  -62.0  14.1
94.8  65.2  1506.8  37.4  -57.5  2.7
