93.2  -99.6  1521.2  -53.4  -19.3  -109.7
87.6  -126.8  1508.8  -160.5  149.9  -217.8
135.6  -93.6  1550.0  -105.2  140.4  -159.5
296.8  -52.4  1676.4  -437.5  938.4  -197.2
468.0  102.4  1696.8  -508.2  249.5  333.0
575.6  5.2  1585.2  -276.6  -726.7  1617.1
476.0  107.6  1344.4  74.7  -2447.3  3276.7
-389.2  157.6  1285.2  783.3  -2447.5  3276.7
-773.2  -236.4  1790.0  865.2  740.7  1349.9
-836.0  -261.2  2219.2  441.2  590.5  -892.3
-420.4  -177.6  1694.8  -988.6  1096.2  -2210.8
-439.6  -67.6  1228.8  99.1  932.2  -3148.0
50.4  -102.8  1470.0  -25.4  1385.2  -2529.8
272.4  73.6  1773.2  23.2  -109.0  -1328.3
478.4  97.2  1592.8  230.5  -218.8  -567.0
421.6  -92.0  1560.0  -69.2  -566.6  -156.0
175.6  -167.6  1401.6  204.3  -601.6  239.7
75.2  -251.2  1440.4  281.6  -237.2  243.6
-26.0  -287.6  1535.6  272.2  -57.8  164.2
-33.6  -212.4  1620.8  111.8  -37.8  10.8
13.6  -191.2  1607.6  38.5  -145.7  -73.1
82.0  -178.4  1559.6  16.6  -160.9  -68.1
94.8  -194.8  1496.4  47.4  -162.6  -33.9
112.8  -194.8  1545.2  269.4  -504.3  -21.5
178.8  -149.2  1524.8  74.6  -160.0  -82.3
187.6  -134.0  1522.0  34.5  -105.7  -8.9
194.0  -140.4  1532.0  79.0  -103.5  -22.7
198.4  -148.4  1551.2  68.7  -116.0  -10.8
182.8  -147.6  1547.6  56.2  -122.7  -20.1
182.4  -140.8  1531.6  30.7  -97.4  -40.8
204.0  -152.4  1515.6  20.4  -85.1  -33.4
199.6  -137.6  1526.8  37.0  -78.6  -8.0
185.6  -145.6  1530.4  54.8  -71.9  -14.1
174.0  -158.8  1510.8  48.9  -63.2  -44.2
188.8  -128.4  1542.0  33.5  -60.2  -38.1
194.8  -134.0  1528.4  37.8  -54.3  -30.5
185.2  -122.0  1530.4  46.8  -56.6  -15.6
202.4  -145.6  1486.8  28.8  -51.4  -22.3
181.6  -147.6  1527.6  71.1  -65.5  -38.3
194.8  -131.2  1558.4  90.9  -71.3  -41.3
160.0  -120.0  1549.6  102.5  -77.9  -39.2
89.6  -145.6  1560.4  -12.4  121.4  -149.9
75.6  -102.4  1484.4  -113.5  91.5  -237.0
184.8  -166.8  1552.0  -122.2  372.8  -358.1
496.4  -156.4  1642.0  -292.4  772.4  -394.8
674.0  -108.0  1740.8  324.4  -361.0  704.2
780.8  -52.8  1536.4  -200.8  -871.5  1840.8
410.4  214.4  1120.8  276.9  -3127.2  3276.7
-745.2  166.8  1726.8  1746.6  -218.5  2643.5
-349.2  170.0  1656.4  -210.5  1320.3  494.3
-252.8  13.2  1623.6  -73.4  -746.2  -883.5
-444.0  111.2  1682.8  -992.9  396.9  -1431.0
-624.4  91.2  1289.6  277.3  913.2  -3228.9
246.8  -135.6  1752.4  450.1  1519.0  -2145.7
612.0  -47.6  1264.8  -52.6  -246.9  -1942.8
908.8  154.0  1755.6  -375.5  -241.1  -527.2
721.2  172.0  1708.8  -2.2  -524.0  95.0
491.2  -2.8  1266.4  98.1  -906.0  154.9
45.2  -66.0  1656.0  -161.7  276.5  446.4
-78.4  -287.6  1548.0  -132.1  24.5  -100.8
100.0  -344.0  1559.6  -16.6  214.8  -137.7
178.8  -217.2  1464.8  -163.8  -38.7  -152.6
174.0  -200.0  1444.8  -48.9  -77.0  -94.8
153.6  -178.8  1434.0  149.1  -207.7  -83.5
152.4  -170.8  1530.0  294.2  -349.6  -58.4
152.0  -128.0  1560.0  193.0  -63.2  18.1
159.6  -122.8  1574.8  227.8  -154.8  -20.4
195.2  -55.2  1578.4  154.8  -132.2  23.3
248.8  -82.8  1595.6  123.0  -202.3  31.7
242.4  -64.4  1520.8  -56.3  -72.9  19.0
236.8  -88.4  1473.2  -14.7  -21.1  57.0
214.0  -117.6  1502.8  102.3  -53.6  45.9
209.6  -82.4  1540.0  71.3  -75.5  -3.6
196.0  -102.8  1530.4  45.2  -15.0  -25.2
206.8  -99.6  1525.6  34.0  -53.7  -33.0
226.0  -86.8  1534.4  47.8  13.4  1.8
171.2  -97.6  1504.4  12.4  127.4  10.8
154.4  -83.6  1515.6  51.4  50.9  -18.8
158.4  -75.6  1565.6  37.6  -7.7  -43.6
158.4  -65.2  1558.4  78.0  -111.0  -11.2
168.0  -62.4  1538.4  12.1  -54.1  -8.8
160.8  -56.0  1522.4  7.6  -55.1  -1.0
137.2  -96.8  1542.8  42.8  -82.5  -10.8
146.0  -98.8  1545.2  -29.5  -57.4  -13.5
128.0  -95.6  1534.4  -37.9  -24.4  19.8
135.2  -101.6  1526.8  35.9  -59.0  -5.8
155.6  -80.8  1535.2  34.7  -74.1  -9.8
125.2  -120.8  1533.6  89.8  -97.9  -10.4
124.8  -106.0  1539.2  49.7  -58.1  -56.7
100.0  -139.2  1586.4  -31.7  105.1  -104.3
96.0  -176.0  1556.4  -42.7  219.7  -156.1
190.8  -65.6  1579.6  -181.6  951.6  -318.2
395.2  -112.8  1519.2  -360.8  1032.9  54.3
757.6  -119.6  1682.4  464.3  -601.7  1075.6
642.0  147.6  1600.0  403.1  -1423.0  2730.5
188.4  496.8  1292.0  881.7  -2836.3  3276.7
-511.6  649.6  1746.4  520.3  -2.3  2207.8
-578.4  272.0  1837.2  -22.3  411.1  515.8
-779.2  273.2  1776.8  -664.7  378.1  -932.2
-547.6  204.4  1608.4  -321.9  1075.3  -2360.2
-55.2  -19.2  1617.2  -387.3  1502.4  -2001.9
567.2  44.0  1490.8  -269.0  -413.9  -1798.3
850.0  33.6  1398.8  -199.7  41.4  -920.4
662.8  -157.6  1406.0  510.5  -799.3  -549.7
452.8  -123.6  1679.2  -169.7  4.0  -273.1
178.0  -166.4  1548.4  30.6  -167.2  -281.8
86.4  -180.8  1489.6  -96.6  191.4  -127.6
73.6  -244.0  1497.2  64.1  -16.7  -35.9
84.8  -208.8  1522.4  92.3  177.4  -86.2
79.2  -181.2  1522.4  90.0  17.2  -84.4
72.8  -151.6  1574.4  10.9  35.2  -40.1
2.0  -174.0  1592.0  43.7  -79.6  -36.9
35.2  -195.6  1552.8  -59.5  -92.5  -97.4
56.0  -196.8  1490.0  -29.9  -142.0  -84.7
66.4  -199.2  1494.8  -28.4  -29.5  -35.7
93.2  -204.4  1466.4  -11.1  -65.0  -103.4
59.2  -192.4  1502.0  104.6  -119.2  -29.3
66.8  -227.2  1586.4  97.1  -69.2  -27.7
47.2  -182.8  1565.6  -46.2  4.4  12.8
98.8  -213.6  1522.4  28.0  -69.8  -28.2
82.4  -182.8  1504.4  -6.8  -61.3  -27.5
65.6  -185.6  1557.2  68.6  -121.8  3.7
64.0  -184.0  1534.8  34.0  -115.4  -12.1
62.4  -206.8  1498.8  50.0  -93.2  7.6
102.4  -192.0  1517.6  33.1  -37.6  -1.5
58.8  -199.6  1515.2  82.0  -51.9  -2.3
62.8  -189.2  1515.2  57.2  -16.0  -9.8
62.8  -184.4  1542.8  45.8  -53.5  -0.9
68.4  -187.2  1537.6  19.8  -72.3  45.5
71.6  -179.6  1509.6  38.9  -59.7  28.8
66.8  -187.6  1526.8  51.8  -53.4  -15.1
56.0  -188.8  1520.4  71.4  -41.9  -26.5
25.6  -187.2  1566.0  69.0  -38.4  -21.3
60.4  -181.6  1516.0  15.5  -11.9  -32.3
31.6  -164.0  1511.2  118.2  -63.9  4.7
43.2  -177.6  1538.8  79.6  14.3  -28.7
44.8  -128.4  1574.4  -20.0  64.6  -61.2
140.4  -187.6  1578.8  -24.8  76.5  12.3
464.0  -197.2  1608.8  -370.4  252.3  211.3
570.4  -253.6  1566.4  207.9  -833.6  1124.6
701.6  -218.0  1342.0  -125.3  -709.8  2225.9
332.0  -84.4  1347.2  700.6  -1326.9  3016.5
-190.4  281.6  1578.8  235.1  -449.5  1651.1
-512.4  277.2  1658.4  275.1  -522.2  774.5
-732.4  328.4  1886.4  -41.1  567.6  -202.8
-741.6  67.6  1863.6  -451.1  302.1  -1680.5
-184.0  3.6  1627.6  -240.1  1145.2  -2378.6
332.0  -78.0  1439.2  -272.2  92.5  -2111.1
776.4  -29.2  1440.8  -61.5  -73.5  -1474.5
938.0  -417.6  1326.0  -156.0  -314.8  -673.4
566.4  -98.4  1583.6  108.0  -260.3  -326.0
244.4  -232.4  1506.8  -44.7  -117.9  11.5
84.8  -265.6  1445.6  -90.8  237.1  113.3
112.8  -284.8  1474.8  13.8  156.7  -3.6
122.0  -306.8  1516.0  68.8  -6.6  8.5
100.0  -279.2  1582.0  58.3  -45.6  11.9
82.4  -253.6  1531.6  8.2  -94.3  -26.2
59.2  -258.0  1476.8  67.9  -60.3  6.7
113.6  -255.2  1531.2  65.7  -46.6  -8.4
112.8  -246.4  1539.2  41.6  -80.5  -23.8
96.4  -243.2  1532.8  12.2  -60.5  -8.7
101.6  -263.2  1529.6  0.2  -83.7  -21.6
99.2  -274.0  1492.4  1.8  -53.8  -50.4
122.4  -259.2  1517.6  63.2  -95.4  -3.9
117.2  -249.6  1508.0  60.7  -87.3  12.4
91.2  -239.2  1555.2  84.0  -91.3  -2.4
107.6  -230.0  1517.2  15.8  -59.2  -31.6
134.0  -229.6  1509.2  26.2  -44.4  -22.8
112.4  -247.6  1496.4  61.4  -49.2  9.1
109.2  -236.4  1525.6  53.4  -37.7  0.2
91.6  -235.6  1538.8  46.4  -43.1  -12.2
98.4  -248.0  1522.8  40.1  -64.5  -0.1
105.2  -223.6  1535.6  46.5  -59.9  -12.4
118.8  -236.4  1528.4  40.6  -84.1  -15.0
96.0  -227.2  1525.6  41.0  -79.2  -3.5
98.4  -235.6  1522.8  34.7  -82.3  -17.5
123.2  -225.6  1525.6  5.2  -76.2  -1.8
76.8  -243.6  1523.6  27.8  -27.4  -13.7
78.4  -239.6  1510.8  -6.0  -29.3  -58.1
100.4  -238.4  1523.6  8.7  -67.0  -47.0
108.0  -211.2  1530.0  76.7  -85.8  -22.6
71.6  -258.0  1490.8  91.6  -107.6  -36.1
92.4  -250.4  1528.4  73.4  -14.8  -47.6
100.8  -228.0  1539.2  46.8  -38.4  -75.8
86.0  -234.4  1506.8  69.2  -37.1  -74.9
151.6  -172.8  1539.2  64.7  15.5  -36.4
483.6  -106.4  1626.8  -85.5  25.8  42.7
713.6  -214.8  1611.2  194.7  -547.4  714.7
658.8  -171.6  1524.8  104.5  -534.7  1224.5
473.6  -196.0  1450.4  492.3  -1210.9  1642.3
200.4  117.6  1340.0  595.4  -1148.4  1918.1
-334.0  206.8  1539.2  616.6  -357.0  1283.0
-682.8  190.4  1950.0  60.5  737.6  513.8
-805.6  -54.8  1832.8  -381.5  218.5  -899.7
-544.0  -39.6  1632.0  -445.5  1083.0  -1893.5
118.0  -63.2  1601.6  -201.3  1105.7  -2200.1
562.4  -90.8  1399.2  -479.9  -270.8  -1400.6
1060.0  -608.4  1278.4  -44.7  -159.6  -735.0
648.4  -80.4  1553.2  -36.6  -289.9  -378.9
399.2  -255.2  1488.8  183.9  -315.3  30.8
222.4  -214.4  1451.6  -79.8  -43.9  51.7
136.4  -274.8  1412.4  -36.7  65.7  33.6
98.4  -315.2  1516.4  125.0  69.0  65.5
97.2  -256.4  1572.4  69.3  -6.9  28.9
70.8  -266.4  1532.4  37.4  -57.1  25.4
90.8  -289.2  1545.2  17.8  -55.2  -15.8
99.2  -279.6  1535.6  14.5  -70.7  -50.1
120.4  -269.6  1532.4  -37.0  -56.6  -63.1
157.2  -251.2  1462.8  12.4  -52.7  35.3
138.0  -266.0  1500.0  94.4  -8.9  81.8
100.8  -307.2  1495.6  101.2  -29.2  37.9
48.8  -258.8  1499.6  94.1  -95.1  30.1
55.6  -276.0  1542.8  64.4  -48.9  27.4
76.0  -243.2  1522.0  90.4  -105.8  12.6
114.8  -215.2  1521.6  28.6  -50.5  7.6
168.8  -244.0  1584.8  -20.1  -101.4  41.3
80.0  -241.2  1475.6  -66.1  -103.9  28.4
76.0  -306.8  1495.6  125.8  -163.6  45.9
82.0  -283.2  1523.6  30.6  -138.2  -7.8
105.6  -238.8  1534.0  93.9  -302.8  32.2
128.8  -276.4  1522.4  170.2  -328.2  -16.5
205.2  -214.4  1494.8  -114.6  28.1  -114.0
192.4  -234.4  1464.0  -45.2  38.9  -39.1
170.8  -253.6  1475.6  31.5  95.8  -30.3
152.8  -235.2  1535.2  131.8  -21.2  40.8
106.4  -219.6  1555.6  181.3  -111.1  116.0
117.6  -215.2  1582.4  197.0  -291.2  68.4
128.0  -204.0  1539.6  -36.4  -38.8  -19.1
154.0  -208.8  1500.8  22.3  -54.0  -4.9
154.4  -228.8  1492.8  23.0  -3.0  -21.6
121.6  -192.0  1547.2  -4.4  284.5  -26.0
134.4  -146.4  1658.0  -172.4  558.2  283.3
423.2  -208.0  1572.4  -251.1  -88.3  375.9
808.0  -378.0  1678.0  -137.4  -674.9  908.1
840.8  -282.4  1405.2  -51.3  -1749.2  1502.8
580.0  -9.2  1160.4  469.8  -1427.2  2013.9
-183.6  323.6  1549.6  654.4  -333.0  1829.4
-912.8  129.6  1872.0  718.0  101.7  891.2
-856.8  -170.0  1764.4  -555.1  224.3  -533.6
-318.8  -206.0  1537.6  -405.9  683.8  -1170.1
-232.8  -166.8  1540.0  -44.0  1053.1  -1803.0
436.4  -73.6  1640.4  -93.9  1039.5  -1665.6
742.4  -100.0  1712.0  519.2  356.5  -1356.4
586.8  -99.6  1689.2  550.5  -328.7  -608.6
371.2  -117.2  1739.6  -352.4  -125.0  -102.6
-6.4  -197.2  1476.0  -140.6  -394.1  -108.2
-40.8  -314.4  1483.6  -109.9  362.7  -52.4
67.2  -326.8  1578.4  -131.8  108.5  -155.2
48.4  -245.6  1450.8  -64.6  48.7  -49.2
74.0  -254.8  1481.2  182.8  -262.4  62.3
20.8  -269.6  1542.0  114.1  -108.9  74.9
-38.4  -307.2  1551.6  78.9  -73.7  32.7
-2.8  -281.2  1521.2  49.9  -37.0  -9.0
13.6  -251.2  1522.4  113.1  -74.9  -13.1
62.0  -221.6  1510.4  75.0  -87.1  -36.9
60.4  -224.0  1484.8  59.8  -108.6  -20.1
55.2  -226.0  1523.2  74.1  -131.2  -22.4
40.0  -263.6  1570.4  -46.1  -107.1  -59.7
35.6  -252.8  1520.4  -33.2  -156.4  -78.3
96.4  -235.6  1499.6  22.8  -115.1  -39.3
102.8  -239.6  1509.2  -12.3  -75.4  9.8
72.4  -251.6  1506.8  21.2  -64.5  47.8
29.6  -280.8  1527.6  50.5  -69.5  20.7
53.2  -268.8  1503.6  62.7  -26.3  1.1
60.4  -250.4  1538.8  32.6  -12.3  -43.8
56.0  -238.4  1526.8  60.4  -61.0  -16.0
66.0  -248.0  1531.2  43.6  -48.7  3.4
42.4  -244.0  1493.6  43.3  -44.6  -5.3
4.0  -264.4  1495.6  76.3  -76.4  -7.6
3.2  -253.2  1515.6  37.9  -57.1  -65.6
34.8  -235.2  1523.2  45.8  -66.2  -78.0
26.4  -265.2  1408.8  96.2  -38.0  -187.5
184.4  -263.6  1479.6  -25.0  140.7  -278.4
475.6  -209.6  1727.2  31.8  152.2  -34.8
688.8  -224.8  1689.6  403.9  -768.6  351.2
822.4  -159.2  1318.0  188.5  -1626.6  792.4
410.8  42.8  1129.6  690.3  -1885.5  1447.0
47.2  381.2  1528.0  1236.1  -658.9  1690.3
-503.6  208.8  1967.6  701.1  471.6  977.5
-528.4  30.4  2017.2  -525.0  580.7  -145.2
-285.6  134.4  1634.0  -412.0  705.3  -1009.9
-232.8  -297.6  1933.2  -420.6  1183.7  -1280.8
309.2  -91.6  1691.6  -185.6  652.6  -1086.8
560.8  -56.0  1526.0  -461.0  26.8  -979.2
667.2  -190.8  1406.0  -366.8  -322.5  -210.3
562.4  -140.8  1857.6  924.4  309.9  -38.3
288.8  -342.0  1409.6  -415.5  -214.9  -75.2
132.0  -130.0  1392.8  -167.1  187.7  -89.3
138.4  -273.2  1514.4  135.0  73.7  34.7
87.2  -239.6  1599.2  -32.4  59.6  -7.4
39.6  -247.2  1610.4  30.9  -109.4  3.9
66.8  -281.2  1547.2  -118.1  -74.9  -47.9
109.6  -264.0  1472.8  -127.1  -49.0  -75.5
115.6  -273.6  1462.4  45.1  -97.9  -10.3
126.8  -260.8  1528.8  -10.6  -14.4  17.1
65.2  -273.6  1506.4  65.6  -2.8  -12.1
67.2  -291.2  1496.8  25.5  25.5  -29.2
81.6  -273.2  1527.2  39.4  -34.4  -24.3
71.6  -254.0  1521.2  57.0  -66.6  -10.9
89.6  -263.6  1557.6  40.4  -83.1  -0.9
55.2  -257.6  1520.8  36.2  -75.3  0.5
61.6  -264.8  1504.0  55.5  -51.3  -17.0
80.0  -280.4  1518.8  68.5  -73.6  1.5
77.6  -262.4  1489.6  56.4  -92.0  7.5
83.2  -249.2  1538.4  93.9  -107.7  35.7
114.0  -239.6  1503.6  99.4  -129.0  2.5
84.4  -236.8  1520.4  116.1  -135.8  77.3
72.0  -238.4  1537.6  94.9  -126.9  80.9
82.0  -234.8  1533.2  99.8  -146.6  40.0
91.2  -224.8  1479.2  1.6  -85.5  -12.6
148.4  -236.8  1494.0  51.4  -33.2  -9.3
22.4  -214.4  1451.6  167.7  -79.3  12.4
43.6  -215.6  1506.8  316.7  -83.7  -58.2
271.2  -142.8  1580.0  31.8  340.1  -98.7
471.6  -138.0  1669.2  180.1  -210.3  626.4
901.2  -157.6  1783.2  -128.4  -114.2  1389.7
725.2  -86.4  1646.4  -11.1  -1051.8  3118.1
490.4  106.8  1530.0  -354.3  -1620.1  2956.4
166.8  122.8  1285.2  -82.5  -1476.2  1918.0
-482.0  323.2  1694.0  310.1  -321.0  671.1
-920.0  -98.0  1858.8  -75.0  419.3  -276.7
-777.6  -152.4  1304.4  -16.8  1171.5  -2412.6
-306.4  -52.8  1274.8  251.7  1455.9  -2996.1
630.4  -8.8  1636.0  1077.8  840.6  -2416.4
859.2  75.2  1873.2  403.6  -318.6  -1163.0
793.2  240.4  1824.4  133.8  -333.3  -418.2
534.8  144.0  1702.0  -405.3  -299.6  168.1
232.0  -100.0  1526.0  -227.3  -532.2  341.2
94.8  -275.6  1564.0  -345.1  -215.6  201.6
228.4  -172.4  1616.4  15.7  185.1  41.8
170.0  -247.6  1252.4  -208.6  24.9  -80.5
177.6  -158.8  1511.6  64.9  324.9  13.7
131.2  -200.0  1621.6  3.1  112.5  9.3
124.0  -187.2  1627.6  -174.4  151.7  -26.7
112.8  -210.4  1490.0  -168.2  -26.6  -96.3
79.6  -214.0  1493.6  99.6  -87.9  -52.8
-21.6  -224.0  1547.6  252.1  -250.7  -72.0
99.6  -214.8  1547.6  10.9  -147.0  -144.5
158.0  -166.4  1549.2  90.0  -149.9  -129.9
232.8  -130.8  1502.0  -62.0  -90.6  -108.4
139.2  -189.2  1465.6  72.3  -120.7  -43.7
117.2  -245.6  1526.4  74.9  -63.7  -64.2
88.4  -260.0  1510.8  53.2  -45.6  -170.4
151.2  -188.8  1496.0  37.2  -56.3  -248.4
174.0  -179.6  1640.4  89.7  -92.4  -99.1
192.8  -154.4  1567.6  -57.4  -95.7  -75.1
166.4  -189.6  1464.0  -31.7  -106.2  -38.7
183.6  -241.6  1472.0  38.6  -56.5  -1.3
205.6  -232.0  1442.4  24.7  -0.7  -19.4
107.2  -209.6  1451.2  69.5  -65.7  -23.6
42.4  -181.2  1472.4  252.1  -411.0  57.3
172.4  -222.0  1591.6  -143.7  -62.2  -56.0
418.4  -304.4  1639.6  41.8  -320.6  -117.1
693.2  -301.6  1689.2  255.2  -429.2  -18.6
977.6  -128.4  1578.8  102.5  -377.0  490.5
967.6  66.0  1439.2  433.7  -921.4  1363.6
427.2  270.4  1295.2  868.1  -730.1  2790.3
-945.6  445.2  1850.8  864.5  497.7  2557.1
-668.0  -99.2  1781.6  -333.2  -17.9  876.6
-430.0  -117.2  1569.2  -328.8  -8.8  -950.6
-29.6  50.4  1281.2  50.3  298.5  -1861.0
62.4  128.8  1330.8  151.4  874.0  -2284.9
360.8  232.4  1643.6  74.3  277.9  -1488.1
1032.4  63.2  1758.8  -335.3  158.7  -747.1
723.6  -246.8  1483.2  -327.5  -137.9  1.8
454.0  -313.6  1601.2  -82.0  -69.9  174.4
227.6  -208.8  1641.2  -228.2  -584.1  2.2
321.6  -171.6  1440.0  -240.6  -947.4  -144.5
248.4  -472.0  1166.8  -443.9  -336.6  -87.3
353.2  -268.0  1511.6  106.4  -77.6  -64.0
474.0  -414.4  1320.4  -168.3  57.2  -351.9
424.4  -189.6  1349.6  193.4  5.6  -252.4
20.4  -28.0  1547.2  422.7  115.8  -68.1
349.2  -272.0  1758.4  142.7  158.6  55.2
469.2  -332.8  1636.8  -105.8  -12.8  41.6
319.2  -232.4  1519.2  -250.5  49.4  44.7
271.6  -207.2  1463.2  27.1  313.1  -101.6
215.6  -247.6  1512.0  354.8  269.9  49.6
8.8  -276.8  1544.4  -23.1  -32.7  -155.8
-52.8  -198.8  1575.2  345.1  -43.6  -392.5
291.6  -98.8  1625.2  41.7  -78.2  -28.1
272.0  -66.8  1499.2  -1.8  -151.2  -28.7
197.2  -225.2  1493.6  138.3  -299.5  43.1
306.0  -166.0  1460.8  -118.3  -27.0  -150.0
256.4  -120.8  1543.6  73.4  -27.8  -67.7
220.0  -160.4  1585.6  -75.6  -23.6  -74.1
227.6  -237.6  1382.8  -66.2  -178.8  25.2
275.6  -231.2  1527.2  19.2  -74.2  -18.0
191.6  -250.4  1501.2  129.8  -19.2  -87.3
230.4  -175.6  1513.2  -42.1  154.2  -69.1
167.6  -148.4  1494.4  158.9  93.7  -57.4
361.6  -168.8  1565.6  71.1  217.4  64.2
876.0  -11.6  1888.0  -36.4  104.7  292.0
1010.8  -82.4  1650.0  49.4  -711.0  872.6
551.2  -166.8  1268.4  40.3  -668.4  2028.2
-50.0  75.2  1162.4  1019.1  -420.8  2698.2
-463.2  441.6  1542.8  726.3  -375.6  1718.9
-1307.2  39.6  2014.0  687.0  323.3  339.3
-904.8  34.4  1638.8  -1035.5  -305.4  -1560.3
-329.2  90.4  1364.8  -653.9  36.7  -2176.2
539.6  145.6  1549.6  -155.1  350.5  -2277.8
1214.8  -61.2  1704.0  -162.2  110.7  -1140.2
938.0  -38.8  1534.4  -241.8  -128.1  -665.8
679.2  -86.8  1639.6  84.1  -85.9  -432.1
376.8  -162.8  1439.6  -151.9  102.1  -282.1
117.6  -234.0  1486.0  211.7  19.0  -287.2
140.4  -134.0  1426.4  -181.9  21.5  -428.7
262.8  -204.4  1420.8  -215.3  -408.6  -151.7
82.8  -227.6  1496.4  262.3  131.8  -321.1
246.0  -266.0  1605.6  -114.1  115.0  275.3
180.0  -364.4  1640.8  262.3  -7.9  111.0
224.0  -337.6  1604.4  -115.7  -121.1  -56.1
150.4  -348.4  1629.2  -13.0  -206.1  -267.4
207.2  -226.0  1366.4  -344.3  -156.2  -479.5
260.4  -154.0  1432.0  69.6  -69.0  -467.6
296.4  -247.2  1504.8  124.1  65.9  -366.0
266.4  -244.8  1532.0  60.4  67.3  -187.6
315.2  -224.0  1455.2  62.9  19.4  -103.1
251.6  -228.8  1508.0  -5.7  94.7  -15.9
254.8  -255.2  1488.0  101.3  -0.3  -79.7
246.4  -268.8  1526.0  178.2  -44.2  -92.6
233.6  -219.2  1552.4  133.5  -35.7  -72.8
250.4  -209.6  1486.8  29.2  49.6  432.1
91.6  -158.0  1485.6  254.9  47.6  473.1
52.0  -234.0  1477.2  -42.9  -108.7  -71.1
182.0  -214.8  1590.4  -38.2  -12.9  -145.6
210.8  -188.8  1596.0  -129.8  -29.4  -129.7
130.4  -256.8  1507.6  -73.9  -51.6  -132.1
114.8  -259.2  1383.2  -22.8  -23.2  -445.8
233.2  -250.0  1472.8  18.7  -8.5  -350.2
195.6  -142.0  1513.6  308.6  143.9  -763.0
308.8  -195.2  1792.8  98.1  374.3  -317.2
534.4  -174.4  1714.8  -435.8  -512.3  34.8
797.2  -147.2  1298.4  -141.7  -1750.1  741.4
784.4  -148.8  1173.6  79.5  -1276.6  2009.0
16.0  -120.4  1262.0  11.1  921.7  3276.7
-740.4  -208.0  1806.0  1745.0  590.6  1173.9
-1080.4  -99.2  1714.8  -410.3  -639.5  -443.1
-404.4  4.8  1380.8  87.5  487.7  -1330.0
-306.0  -164.8  1373.6  227.3  633.9  -1689.4
-2.4  -177.2  1458.4  634.7  -298.2  -1451.9
430.8  -198.8  1619.6  81.4  -8.1  -1388.7
718.4  189.2  1753.2  360.7  -615.1  -666.6
859.6  80.0  1576.4  -42.0  -431.2  -369.0
724.8  -18.4  1414.4  260.0  -920.8  60.6
490.0  -10.8  1394.8  -18.7  -343.8  198.9
320.8  -26.0  1417.2  115.8  -40.9  297.6
290.4  -164.0  1529.2  31.5  -0.4  194.0
349.6  -144.4  1567.6  -161.5  271.7  191.6
320.0  -117.2  1545.6  -175.6  -2.1  61.3
362.4  -136.8  1503.2  -80.8  -122.8  11.2
399.6  -123.2  1472.0  1.8  -134.7  40.2
416.0  -116.0  1454.4  31.2  -155.0  -43.1
405.2  -106.0  1622.8  120.8  -176.7  20.5
334.4  -168.8  1616.0  -140.9  -140.8  39.5
372.0  -204.8  1547.6  -237.3  -206.9  14.7
375.2  -205.6  1412.4  -211.9  -217.7  -19.4
401.2  -261.2  1339.2  -258.9  -49.1  -60.2
463.2  -289.2  1394.0  -109.1  30.3  -82.7
446.4  -284.0  1458.8  -57.0  42.9  -159.4
388.8  -328.0  1494.8  -130.7  122.0  -103.7
442.8  -247.2  1623.6  -59.5  -107.3  -3.2
436.8  -277.2  1468.0  21.5  98.3  109.2
342.8  -368.4  1364.4  66.6  170.7  90.7
317.2  -319.2  1456.4  122.9  145.3  132.9
489.6  -254.0  1613.2  -95.2  54.7  25.0
674.4  -229.2  1642.8  -156.4  209.3  288.7
666.0  -262.0  1560.4  26.0  162.8  846.1
890.8  -277.6  1264.0  195.2  430.8  1180.3
570.0  -268.4  1334.8  570.7  639.1  1807.9
-478.4  -139.2  1159.6  536.4  -9.0  591.9
-1184.4  -207.2  1384.0  759.9  319.9  -165.1
-824.0  -30.4  1690.8  93.3  -548.6  -183.3
-779.2  -1.6  1719.6  -244.0  -772.6  -892.9
-344.4  -116.0  1598.8  -964.7  104.6  -1167.2
105.6  -258.4  1619.2  -280.2  -497.8  -1153.2
530.4  -166.8  1387.2  -96.6  -794.6  -727.5
726.8  -186.4  1384.8  -189.7  -280.9  -613.8
571.6  -290.4  1210.0  -318.3  -148.0  -284.1
493.6  -488.0  1389.2  673.6  -413.5  -324.5
475.2  -316.8  1617.6  85.5  -268.0  -120.9
407.6  -258.0  1506.0  -45.6  53.0  15.2
291.6  -308.4  1445.2  -9.0  44.4  -24.8
282.8  -361.2  1401.2  -56.3  103.8  -167.3
296.0  -370.8  1470.0  139.7  25.9  -166.6
359.6  -333.6  1567.6  188.4  13.1  -21.8
385.6  -281.2  1528.8  70.2  17.6  23.0
290.8  -326.0  1452.8  -58.1  134.8  16.4
197.2  -337.2  1529.6  146.5  21.6  70.7
190.4  -298.0  1473.2  18.3  55.0  -11.7
281.2  -324.0  1459.6  20.5  105.4  47.1
275.2  -278.8  1486.0  167.9  -92.4  41.9
236.0  -224.8  1452.4  46.0  67.7  82.0
283.6  -236.8  1534.0  71.5  17.8  57.3
283.2  -258.4  1512.4  86.2  -60.9  46.5
269.2  -308.4  1538.8  26.8  -11.9  -37.3
219.2  -212.0  1533.6  -59.3  -71.9  -14.6
116.8  -269.6  1539.2  -24.2  -44.3  50.1
178.4  -354.0  1387.6  -63.7  11.8  -90.7
194.0  -382.0  1451.6  60.4  30.4  -96.5
203.6  -264.0  1558.0  16.1  104.5  -98.7
186.4  -266.8  1555.2  -35.6  93.1  -18.3
147.2  -298.0  1572.0  -42.9  -71.8  -31.8
110.4  -292.0  1531.2  -59.7  -134.0  16.6
82.8  -372.0  1476.0  2.7  -202.7  -48.7
174.0  -351.2  1462.4  116.1  -154.4  -203.1
275.6  -294.4  1523.2  45.8  -146.8  -162.7
478.8  -330.0  1606.8  170.7  -149.8  -73.9
873.2  -182.0  1703.6  -639.1  132.6  538.9
823.6  -253.2  1495.6  -175.2  -910.0  1550.9
594.4  -218.0  1164.4  407.1  -586.6  2724.5
54.0  -337.6  1503.2  560.0  -933.2  2139.9
-322.0  90.4  1423.6  229.2  -386.4  1483.2
-1284.0  -329.2  2266.4  592.9  21.5  -308.0
-596.8  -294.0  1736.8  -309.4  855.9  -1252.0
-300.0  -271.6  1556.4  -224.7  530.2  -1628.3
18.4  -197.6  1558.4  350.0  14.2  -1820.3
672.0  -237.6  1474.0  26.7  -53.6  -1287.8
882.4  -53.6  1467.6  120.4  -236.9  -718.8
838.0  -126.8  1524.4  113.2  -623.3  -261.2
597.2  -214.8  1426.8  137.7  -360.4  187.4
451.6  -261.2  1406.0  -31.6  -49.3  165.7
308.0  -231.2  1382.4  105.3  -155.3  79.1
289.2  -285.2  1485.2  193.7  37.0  15.0
314.4  -251.6  1565.6  44.3  -43.9  -93.2
388.0  -220.0  1528.4  -71.7  23.9  -81.6
354.8  -227.6  1467.6  36.3  -58.5  -11.8
309.2  -264.0  1475.6  -10.3  10.0  -32.4
302.0  -259.6  1465.6  21.0  42.9  -45.4
310.4  -262.0  1525.2  60.6  40.5  -79.6
328.8  -237.6  1572.0  21.0  6.1  -69.4
313.6  -228.8  1602.4  -50.7  -32.6  22.1
294.8  -266.8  1526.4  -108.5  -95.3  20.0
300.8  -314.0  1468.0  -79.6  -141.4  -39.4
267.2  -304.4  1453.6  -39.7  -73.3  -52.0
298.4  -294.8  1462.0  -19.3  -1.6  -59.9
327.6  -272.0  1460.4  -33.7  134.5  -55.1
319.6  -306.4  1521.2  -25.8  73.4  -39.7
290.0  -304.0  1544.4  40.8  10.7  5.3
254.8  -309.2  1507.6  38.3  -49.6  -24.1
234.4  -322.4  1477.2  32.9  -68.6  -37.3
234.0  -332.4  1457.6  16.4  -58.9  -85.9
260.0  -326.4  1466.0  69.0  -48.1  -82.2
240.0  -316.0  1469.6  5.4  5.8  -167.4
142.4  -319.6  1596.8  -580.5  1229.6  -219.6
124.8  -373.6  1503.6  343.4  698.7  -649.8
390.8  -298.4  1746.0  -723.2  1532.1  -37.7
354.8  -400.0  1674.8  -72.6  -1393.4  847.3
524.0  -298.4  1512.8  158.9  -2490.7  2194.6
319.2  -135.6  1242.4  785.0  -2072.7  3209.1
-426.8  -240.4  1539.6  719.3  -50.3  2456.6
-937.6  -212.0  1723.2  -298.6  282.2  312.9
-721.2  -321.2  1546.8  -124.0  618.4  -1573.0
-374.4  -237.6  1527.6  250.7  1552.6  -2179.9
0.4  -127.2  1490.8  655.0  638.7  -2512.6
298.8  -92.4  1630.8  440.4  717.3  -2126.5
317.2  -60.4  1560.0  -138.8  -208.3  -762.3
449.2  -67.2  1685.2  341.1  -658.4  37.9
468.8  -152.8  1624.4  -178.6  -290.2  552.1
505.6  -120.8  1488.8  -315.7  -597.3  1017.5
592.8  -183.6  1458.0  -19.3  -849.6  2189.7
610.0  -378.0  1499.6  -68.4  -913.8  2428.0
-237.6  13.2  1280.4  -554.6  -1525.1  1485.9
-1000.8  -424.4  1867.2  241.7  72.9  -25.9
-335.2  -445.6  1455.2  -624.6  1040.3  -1034.6
-76.8  -368.8  1374.4  401.9  135.9  -1602.1
215.6  -234.8  1387.2  222.6  325.9  -1312.6
330.0  -271.2  1494.8  630.3  192.7  -1018.0
513.6  -280.0  1634.4  160.5  167.4  -630.2
520.0  -219.6  1600.0  132.6  -278.9  -382.3
447.2  -256.4  1565.6  45.3  -255.6  -114.7
281.2  -212.8  1474.8  -123.9  -238.6  -38.1
238.8  -240.4  1439.2  24.2  -48.0  13.0
206.4  -316.0  1495.2  60.6  48.2  44.8
163.6  -320.0  1484.8  137.0  132.7  -39.9
211.2  -274.8  1506.8  103.1  48.5  -68.7
180.0  -249.6  1553.6  18.4  80.2  -32.4
200.4  -251.6  1530.0  79.8  -31.6  -26.1
206.0  -241.2  1506.8  158.3  -95.6  13.0
153.6  -246.4  1528.4  65.0  -4.4  -24.5
204.0  -250.8  1496.8  91.8  6.2  -23.6
129.6  -183.6  1544.8  16.1  15.2  37.4
181.2  -190.0  1519.2  66.0  -42.3  -16.2
128.8  -229.2  1548.4  80.3  -27.2  -63.6
142.8  -215.6  1492.8  25.8  -10.9  -90.8
144.8  -240.0  1531.2  -16.1  -36.1  30.2
130.0  -228.8  1530.0  22.3  -85.7  -12.3
164.0  -227.2  1520.4  -31.0  -155.0  18.3
167.2  -222.0  1559.6  -28.5  -103.5  -5.3
134.4  -269.6  1512.4  -88.1  -27.9  -5.7
125.6  -272.0  1504.8  -4.7  -48.7  18.5
146.8  -267.6  1507.6  23.6  -48.7  5.2
150.0  -262.0  1501.6  91.4  -74.9  -15.1
160.0  -255.2  1528.4  90.2  -72.2  -20.1
151.6  -249.6  1513.6  71.7  -46.9  1.8
154.4  -184.0  1518.8  35.4  -32.5  7.0
136.8  -230.4  1526.8  34.6  -41.0  55.5
102.4  -275.2  1518.4  41.2  -24.5  34.6
122.8  -268.0  1522.8  47.2  22.4  12.9
106.8  -258.0  1526.0  11.1  -13.9  -7.0
116.4  -243.6  1522.4  31.4  -57.0  -17.5
120.4  -249.6  1527.6  34.9  -60.4  -17.2
104.4  -252.8  1527.6  46.0  -59.0  -33.4
93.6  -240.4  1484.8  73.3  -22.0  -57.3
104.0  -246.4  1512.4  95.8  -9.8  -40.1
94.0  -228.8  1524.4  95.8  -23.0  -60.4
79.6  -223.6  1554.0  72.8  -58.3  -73.5
76.8  -216.8  1516.8  38.9  -61.8  -74.7
117.6  -219.2  1531.2  43.4  -119.4  -4.6
90.4  -217.6  1513.6  62.5  -64.6  22.7
51.2  -225.2  1538.4  37.4  -72.8  10.8
60.0  -238.4  1558.0  30.4  -63.6  -0.4
98.0  -207.6  1536.0  18.2  -78.1  -10.6
112.8  -212.8  1508.4  12.1  -51.5  -17.6
308.8  -188.0  1555.2  -186.2  269.4  -77.6
380.8  -317.2  1660.4  45.4  250.8  88.6
437.6  -444.0  1686.0  -476.1  -202.8  600.2
593.6  -340.4  1446.0  -321.2  -987.5  1708.9
286.8  -48.0  1287.6  59.4  -397.2  2720.8
-404.4  -79.2  1349.2  641.7  -547.5  1938.2
-854.8  7.2  1763.6  -443.2  -106.5  379.6
-705.6  -54.4  1610.0  286.9  -97.7  -624.3
-250.0  95.2  1604.8  113.4  -2.7  -944.7
-223.6  -86.4  1602.0  268.1  -380.5  -877.1
72.4  -225.6  1415.2  290.5  -470.7  -977.8
351.6  -214.4  1439.6  266.9  -463.0  -982.3
740.4  -196.8  1373.6  -104.8  66.5  -1044.6
906.8  -203.6  1500.4  32.4  55.0  -646.2
817.6  -322.0  1672.0  -65.4  -80.8  -276.7
484.8  -96.8  1568.8  -423.3  -382.7  -261.3
332.0  -129.6  1430.0  -172.4  -196.4  -30.9
308.8  -278.0  1462.4  -39.6  96.4  41.6
268.0  -297.6  1496.8  -35.6  173.2  1.1
299.2  -265.2  1473.2  21.1  12.4  -122.5
330.0  -258.4  1471.6  29.4  -3.6  -72.2
370.8  -265.6  1536.4  5.3  35.7  -18.6
302.0  -247.6  1495.2  -23.6  -34.1  -41.6
299.2  -243.2  1473.2  9.0  -18.4  -43.9
302.8  -254.4  1502.0  38.1  -16.6  -42.5
293.6  -262.8  1466.8  22.9  -72.4  -51.6
300.8  -258.0  1485.2  67.4  -54.4  -38.0
292.4  -252.8  1475.6  74.7  -32.6  -29.9
283.2  -262.8  1508.8  28.3  -28.1  -59.6
254.0  -263.6  1500.0  14.6  41.4  -70.2
270.8  -250.8  1509.2  -6.7  46.5  -32.0
271.6  -255.6  1542.0  -94.2  84.7  2.5
202.0  -271.2  1510.8  -36.8  25.5  9.5
198.4  -300.4  1518.0  -46.3  -27.3  -62.1
180.4  -285.6  1468.0  18.2  -7.9  -66.7
211.6  -296.0  1495.2  59.3  -10.8  -58.0
220.0  -290.8  1514.0  18.2  -70.7  -45.6
204.4  -286.8  1489.6  35.9  -46.1  -32.7
200.4  -298.8  1500.0  36.4  -74.1  -50.0
220.0  -278.8  1497.6  41.4  -23.7  -34.0
214.0  -281.2  1481.6  67.1  -50.1  -12.0
191.2  -297.6  1538.8  86.5  -1.6  -50.5
164.8  -276.0  1502.4  122.5  26.1  -38.3
125.2  -265.2  1524.4  160.7  348.4  -42.0
127.2  -290.4  1531.6  7.7  188.8  -61.4
132.8  -230.0  1498.0  27.0  -93.5  -59.9
140.0  -235.6  1471.2  76.5  -40.5  -13.9
100.4  -268.4  1528.0  34.0  -54.7  31.8
90.8  -290.4  1516.4  1.7  -12.6  -11.1
74.8  -272.4  1503.6  27.1  12.6  -12.0
79.2  -290.0  1522.0  -5.3  31.9  -68.1
110.8  -324.8  1544.0  -38.0  122.8  -28.6
121.6  -364.0  1612.8  16.6  -122.5  -57.5
148.4  -344.4  1507.6  -137.9  -116.0  -51.1
346.0  -251.6  1536.4  -40.3  -122.8  265.8
656.8  -174.4  1508.8  -30.2  -456.6  1042.6
726.4  -149.6  1341.6  481.6  -302.2  1872.6
494.4  -310.4  1148.0  298.5  -884.5  1976.2
67.6  96.8  1439.2  537.9  -649.1  1445.1
-827.2  396.8  1984.4  406.2  -639.4  1322.8
-763.6  197.2  1768.8  -469.9  299.2  255.4
-431.2  3.6  1502.8  -355.8  420.7  -581.2
-447.6  -122.8  1810.4  -151.0  92.3  -1077.4
-78.4  -162.0  1574.0  -198.6  141.6  -1479.2
186.0  -210.8  1384.0  -97.2  -480.2  -1620.5
783.2  -202.0  1339.2  -296.7  -41.9  -1430.8
948.4  -300.4  1315.2  -109.9  -57.1  -750.1
833.2  -270.8  1516.8  508.4  -204.7  -601.8
618.8  -180.4  1462.4  114.1  -44.1  -27.9
245.6  -230.8  1558.0  190.0  38.2  -50.6
227.2  -283.6  1512.0  25.9  223.5  -200.4
319.6  -247.2  1505.6  -26.0  269.1  -142.3
316.0  -183.2  1510.8  83.0  -65.2  -53.1
290.0  -202.4  1531.6  -56.9  -96.8  4.0
228.0  -226.0  1518.4  13.6  -151.6  36.5
218.8  -267.6  1482.4  37.2  -49.4  47.1
231.6  -256.0  1473.2  44.2  -31.9  -24.7
256.8  -245.6  1499.6  7.2  24.2  -44.2
278.8  -216.8  1516.0  59.3  -31.4  -9.7
245.6  -245.2  1489.2  41.4  -72.4  -1.4
244.4  -244.8  1497.2  70.3  -42.7  7.0
244.8  -233.6  1500.4  50.3  -30.7  -8.4
205.2  -225.6  1519.6  65.5  -20.6  11.1
205.2  -196.8  1548.0  70.4  -52.4  9.7
218.4  -216.8  1534.4  -5.7  -61.3  -2.7
208.0  -223.6  1518.0  23.7  -66.7  5.0
182.8  -246.0  1490.4  13.0  -50.2  -22.5
216.4  -233.2  1489.2  29.3  -50.6  -6.5
222.0  -218.0  1512.4  31.2  31.7  -9.2
201.6  -222.4  1534.8  33.6  50.6  -2.2
186.0  -252.0  1530.0  24.8  -35.0  -7.2
174.8  -223.6  1520.4  27.7  -43.5  -19.1
189.6  -209.2  1492.8  22.2  -44.6  -15.9
175.6  -235.2  1514.0  31.3  -53.5  -22.7
190.4  -230.8  1534.8  27.8  -67.2  -33.4
189.6  -206.8  1509.6  47.1  -71.4  -21.1
178.4  -234.4  1523.2  30.3  -69.5  -18.3
174.0  -227.6  1516.4  37.8  -70.3  -15.8
154.8  -235.2  1531.2  30.0  -70.9  -11.5
187.2  -230.8  1503.6  27.3  -55.8  -11.0
176.4  -240.8  1513.6  49.5  -63.9  -16.4
176.4  -244.0  1558.4  45.3  -19.7  -59.3
566.8  -189.6  1906.8  -7.6  531.6  34.7
604.0  -338.0  1651.6  -822.6  190.4  612.6
534.4  -376.4  1365.6  -250.9  -861.8  1482.2
532.4  -214.8  1112.4  320.6  -311.7  2675.2
220.8  -167.2  1136.8  867.1  -266.3  2664.8
-680.8  214.0  1489.2  -26.0  -774.7  1451.6
-1174.8  209.2  1739.2  13.0  -62.8  219.5
-625.2  -70.4  1744.4  91.5  505.0  -733.5
-523.6  1.6  1630.4  88.8  -144.2  -1210.2
-348.4  -91.2  1471.2  70.7  87.0  -1817.7
102.8  -182.4  1384.8  261.8  -302.8  -1864.8
522.0  -118.0  1440.0  328.0  -98.2  -1648.2
615.6  -91.2  1554.4  376.4  -403.3  -810.9
618.8  -126.0  1593.6  18.4  -287.6  -447.4
512.8  -194.8  1632.0  118.7  -272.7  -56.5
374.4  -274.4  1601.6  -65.0  -153.6  -5.2
250.0  -118.4  1438.0  -180.3  -70.8  -44.7
324.8  -150.8  1492.4  6.9  -13.3  -38.5
237.6  -183.2  1535.6  17.5  -57.0  -10.9
200.4  -205.2  1537.2  -26.6  114.1  -57.7
219.6  -187.2  1494.4  -75.9  101.5  -84.2
224.0  -168.4  1495.6  15.8  -28.5  -61.4
220.4  -194.0  1499.6  21.8  -7.8  -25.4
206.4  -198.4  1508.0  57.7  -82.3  25.3
158.8  -197.2  1528.0  41.9  -66.7  -1.3
180.4  -209.6  1509.2  36.1  -36.4  -31.4
191.2  -188.0  1551.6  44.3  -55.0  -6.8
185.2  -191.6  1515.2  27.9  -30.5  24.5
192.4  -182.8  1546.0  31.3  -42.9  -14.6
175.2  -200.0  1529.6  16.6  -18.2  -38.2
178.0  -202.0  1530.4  7.0  -30.4  -58.6
188.0  -206.0  1506.4  43.0  -51.2  -17.1
196.0  -188.0  1495.6  53.4  -44.7  7.4
206.4  -156.8  1518.8  108.4  -167.7  41.1
166.0  -195.6  1550.4  54.9  -88.8  -9.3
151.2  -209.6  1531.6  8.8  -15.1  -45.1
150.0  -197.2  1499.6  10.0  -35.0  -41.4
144.4  -192.4  1558.4  -10.5  75.9  49.5
204.4  -190.0  1518.0  -58.5  -33.7  -57.8
140.8  -214.0  1542.0  -3.3  29.2  -38.4
130.0  -230.0  1490.8  73.3  40.0  -53.2
98.4  -227.2  1525.2  22.5  88.4  3.6
137.2  -221.2  1533.2  153.3  71.4  -90.9
105.2  -190.0  1526.0  45.9  37.3  -170.1
74.0  -189.2  1476.0  286.0  34.2  -249.6
90.4  -156.4  1542.0  117.5  72.4  -18.6
39.6  -116.0  1558.8  64.0  100.6  189.1
0.4  -158.4  1530.0  -10.7  101.6  9.8
-15.6  -156.4  1525.2  69.7  49.2  -49.0
-25.6  -163.2  1484.8  5.2  70.7  -162.8
2.8  -242.4  1427.2  202.4  -105.9  -334.9
157.2  -159.2  1539.6  114.8  -77.7  -328.7
403.2  -65.6  1695.2  -188.1  -87.1  362.4
614.4  -116.4  1738.0  -501.6  -1023.7  1189.5
674.4  -54.4  1481.6  -567.3  -1301.1  2910.1
459.6  67.2  1550.8  200.0  -1365.6  3276.7
-436.0  -492.4  1512.4  322.8  -1410.3  2437.6
-631.2  -242.8  1582.4  -382.3  501.7  659.2
-794.0  890.8  1754.8  -251.3  589.7  -849.0
-415.2  -178.8  1508.0  -254.0  1253.0  -1820.7
-254.4  -164.8  1653.2  580.0  888.3  -2635.4
176.4  -224.4  1435.2  422.6  1124.4  -2727.3
443.2  -137.6  1555.6  88.0  531.2  -1297.9
470.4  -199.6  1662.0  500.0  -321.9  -824.1
432.4  -248.8  1718.0  215.3  -552.7  -360.7
274.8  -284.8  1611.2  -86.8  -319.1  -356.9
129.6  -300.0  1462.8  -90.2  -190.4  -104.2
87.6  -360.8  1431.6  -1.0  -275.6  -73.4
119.6  -335.6  1477.2  3.9  -116.3  -19.2
154.8  -314.4  1452.0  56.9  -124.2  -71.1
200.0  -299.6  1459.6  59.3  -82.9  -2.3
175.6  -289.2  1533.6  84.7  -72.0  -11.9
200.8  -271.2  1529.6  68.3  -21.0  -47.8
103.2  -560.0  1408.0  156.9  -45.6  -120.0
229.2  -285.6  1488.4  72.0  -37.2  -6.4
155.2  -258.4  1510.8  52.0  -62.3  28.7
167.2  -262.0  1519.6  18.0  -35.2  0.4
131.6  -287.2  1530.8  36.3  -61.3  -2.9
141.6  -288.8  1513.2  27.9  -67.6  -10.3
168.4  -283.6  1506.8  83.0  -82.2  -21.9
149.6  -264.8  1517.6  48.7  -43.0  -22.8
146.8  -264.0  1496.4  57.8  -36.8  -5.7
143.2  -278.4  1506.8  53.3  -48.6  25.6
137.2  -253.6  1532.8  63.9  -62.4  10.4
120.0  -274.8  1535.2  34.4  -63.2  -5.0
124.4  -250.0  1502.0  34.8  -49.9  -4.4
147.2  -260.4  1493.6  31.0  -47.4  -12.1
131.6  -250.4  1520.8  56.5  -39.3  3.8
112.0  -268.8  1530.4  59.7  -63.7  -18.2
110.8  -268.0  1510.4  28.4  -60.3  -49.0
130.4  -258.8  1516.4  33.4  -58.8  -41.1
140.8  -250.8  1480.8  46.8  -32.3  -73.0
113.6  -258.8  1510.8  19.9  -13.7  -150.2
48.0  -325.2  1507.6  -134.4  -35.5  -447.0
60.0  -418.8  1376.0  -121.0  -383.1  -845.7
565.6  -94.0  1521.2  -438.9  124.0  -652.4
830.4  -144.4  1685.6  192.2  -386.7  558.4
864.0  -127.2  1588.0  510.2  -608.9  2207.1
490.4  -72.8  1473.6  398.7  -530.9  3276.7
105.2  118.4  1473.6  -153.6  -909.8  3276.7
-679.2  39.2  1418.4  835.9  -1020.2  1602.2
-845.2  -123.2  1896.4  -398.9  484.6  -262.8
-376.8  -54.8  1678.4  15.8  266.2  -1385.3
-211.2  -70.0  1686.0  16.3  301.6  -1368.9
226.0  -111.6  1444.8  -7.7  -8.7  -1518.4
480.4  -206.0  1504.4  219.6  151.0  -1344.8
569.2  -202.0  1440.8  -32.3  -147.0  -1346.2
710.8  -195.2  1399.2  62.9  64.4  -842.9
631.2  -192.8  1540.0  105.5  61.3  -382.5
479.2  -225.2  1603.6  186.0  -225.5  -53.8
240.8  -138.4  1596.8  -109.6  -184.9  89.9
186.8  -212.8  1538.4  6.6  -119.2  68.8
218.4  -240.4  1464.0  -15.5  -109.7  -24.5
274.4  -212.4  1464.4  -16.1  -59.8  -83.8
317.6  -189.2  1491.2  -38.4  -30.0  -56.6
316.4  -176.4  1498.0  31.2  -39.8  -0.8
284.8  -210.0  1507.6  23.5  -26.3  8.0
243.6  -214.0  1529.2  13.9  -12.5  -14.1
248.8  -220.0  1512.4  -3.8  3.2  -53.3
276.0  -196.0  1526.4  -25.5  -48.9  -28.0
278.0  -218.8  1497.2  -4.7  -21.5  32.5
219.2  -214.8  1494.8  17.2  -56.5  -6.2
214.0  -225.6  1497.6  -14.1  3.8  -37.8
222.8  -226.8  1498.0  39.5  -33.9  -28.1
237.2  -215.6  1533.2  70.1  8.7  24.5
217.2  -233.2  1542.0  6.6  -50.0  -36.7
209.6  -233.2  1521.6  -67.2  -5.8  -20.6
226.0  -245.6  1486.8  19.5  -62.8  -29.1
218.4  -237.6  1496.4  35.8  -28.7  -48.4
222.0  -250.0  1482.4  36.0  -39.7  -67.6
195.6  -248.4  1547.6  -54.3  -90.0  -75.7
184.8  -256.4  1518.0  -49.3  48.4  -19.5
327.6  -259.2  1498.0  84.1  -8.7  -1.4
217.6  -235.2  1454.0  35.3  46.2  -35.1
274.0  -262.0  1570.0  168.7  468.2  332.4
586.4  -336.4  1604.4  -117.2  1168.4  625.5
561.2  -334.0  1518.4  -438.3  312.0  798.7
490.4  -250.4  1546.0  129.9  -1171.2  1247.7
454.4  -111.6  1423.2  205.5  -1677.3  1633.4
-134.4  86.4  1442.0  472.5  -1459.9  1784.0
-410.8  172.4  1622.0  228.6  194.8  1284.5
-682.0  -140.4  1228.8  479.6  -370.4  -217.7
-560.4  -22.8  1809.2  -140.0  578.1  -845.5
-235.6  -124.8  1749.6  -19.6  -44.4  -1437.9
336.4  -135.2  1201.6  -26.5  -173.2  -1441.0
760.0  -135.6  1442.0  276.6  -305.8  -1261.0
982.4  -54.0  1529.2  -201.3  -25.8  -810.9
893.2  -150.8  1531.6  -242.9  -93.2  -404.3
665.2  -250.4  1469.2  -220.7  -131.8  -80.6
373.6  -211.6  1428.8  -135.0  -118.9  11.2
254.8  -222.8  1385.6  -21.8  -3.4  2.0
254.8  -292.0  1524.0  98.5  132.3  -2.4
222.0  -280.8  1550.8  0.0  39.3  -62.6
321.6  -223.2  1542.0  -55.9  -4.3  -101.2
336.0  -199.6  1493.6  12.5  -44.2  -20.0
302.0  -213.2  1484.4  -9.0  18.6  -42.7
256.0  -221.6  1485.2  -8.2  -20.2  -32.6
291.6  -224.4  1495.2  6.2  -0.2  -43.1
247.6  -259.6  1524.0  -3.3  21.0  -45.9
276.0  -253.2  1468.0  -71.0  -13.3  -78.4
272.8  -236.4  1473.2  -5.2  25.9  -40.9
275.6  -248.4  1474.0  37.0  -8.3  -23.2
230.4  -281.6  1537.2  -64.1  302.9  58.9
167.2  -273.2  1496.4  43.0  110.4  -50.5
157.2  -262.0  1505.2  22.5  -9.3  -57.7
175.6  -267.2  1553.2  41.9  -84.3  -62.6
188.8  -275.6  1502.8  -2.0  -86.3  -95.0
208.4  -270.0  1508.8  14.5  -63.8  -37.9
166.0  -272.4  1468.0  47.0  -69.1  -3.9
160.8  -287.2  1496.8  26.8  -43.3  -44.1
187.6  -281.6  1528.8  31.9  -24.5  -71.6
184.8  -258.8  1506.8  13.8  -14.0  -17.9
179.2  -260.0  1486.8  58.2  -42.3  -15.9
170.0  -276.8  1512.0  68.8  -43.4  -5.4
151.6  -266.4  1524.0  39.9  -41.5  -10.5
163.2  -288.8  1516.0  27.5  -49.7  -1.3
142.4  -304.4  1518.8  35.3  -56.9  -10.1
149.6  -257.2  1499.6  16.1  -55.6  -33.2
165.6  -261.6  1504.4  74.2  -28.4  -4.8
176.4  -270.0  1513.6  67.4  -33.8  4.1
152.8  -281.2  1521.2  30.1  -57.8  -29.0
143.6  -260.0  1523.2  26.3  -41.7  -12.2
162.8  -263.2  1496.0  38.9  -50.1  7.6
128.4  -263.6  1529.6  51.9  -60.3  23.0
136.0  -256.4  1518.4  20.7  -40.6  12.4
105.6  -272.0  1536.0  -17.5  -34.3  -4.4
115.2  -299.6  1517.2  -29.0  -41.2  6.7
126.4  -284.8  1526.4  -5.2  -69.7  -51.8
140.8  -256.8  1509.2  -12.6  -75.4  -19.5
131.2  -302.8  1501.6  27.0  -78.4  -2.5
125.2  -289.6  1482.0  66.3  -63.5  -10.1
110.4  -287.2  1503.6  102.1  -16.4  -39.9
130.4  -261.2  1522.8  107.9  0.7  -24.8
131.6  -267.6  1500.0  112.1  -2.0  -31.8
141.6  -273.2  1475.2  91.8  -23.4  12.2
206.4  -246.4  1576.8  83.1  -54.6  93.2
534.0  -338.4  1625.2  -166.0  723.7  672.3
869.6  -449.2  1551.6  560.9  -1815.2  1756.2
705.2  -433.2  1400.0  -200.5  -1315.1  2700.1
279.6  212.0  1375.2  617.5  -1622.4  2889.4
-190.4  395.2  1652.4  -386.7  32.9  1386.4
-1156.4  1165.2  1552.4  220.5  -257.8  267.6
-944.4  14.8  1832.8  -872.6  702.5  -1210.4
-255.2  -406.8  1608.8  136.9  615.2  -2550.7
349.2  -132.0  1387.6  -49.4  1169.6  -2350.5
734.8  -128.0  1334.0  499.7  790.8  -1804.0
828.4  -212.8  1688.0  238.9  730.9  -850.1
592.8  -234.4  1636.4  12.7  -510.0  -662.6
284.4  -253.2  1627.2  -47.5  -94.7  -253.0
85.6  -232.8  1483.2  -90.1  -316.0  -45.9
118.0  -285.2  1444.8  2.9  -2.4  50.4
219.2  -282.8  1411.2  21.8  -18.2  -29.6
151.6  -252.8  1429.6  150.9  -79.9  62.2
107.6  -236.8  1518.8  148.3  87.1  22.3
62.4  -206.8  1595.6  40.4  40.7  -54.1
92.0  -216.0  1636.4  -50.6  94.7  -146.8
88.8  -228.4  1484.8  -198.3  -65.4  -182.3
104.8  -257.6  1448.0  -141.5  69.4  -250.0
126.8  -377.2  1451.6  -103.4  182.8  -83.4
34.0  -367.2  1495.2  57.3  -116.8  0.4
-17.6  -345.6  1524.0  4.2  -59.8  -36.1
11.2  -358.4  1554.8  163.8  -245.2  -42.1
75.6  -304.4  1560.8  31.9  -188.5  -81.4
132.0  -289.6  1466.4  -5.0  -54.4  3.2
108.8  -302.4  1462.4  13.6  32.1  -42.5
95.6  -314.0  1480.0  29.1  189.4  -89.7
90.0  -354.0  1454.4  -7.1  55.6  -61.3
24.0  -317.6  1471.6  68.8  -92.9  -45.0
10.4  -326.4  1516.4  94.3  -56.4  -53.2
26.8  -314.8  1519.6  21.3  -55.7  -39.0
34.0  -319.2  1490.8  23.1  -55.3  -56.0
40.0  -313.6  1492.0  52.8  -25.1  -20.2
23.2  -307.2  1493.2  83.2  44.6  5.7
28.8  -285.2  1504.0  167.0  66.8  30.3
17.6  -279.2  1462.0  132.5  275.2  25.3
2.8  -298.8  1483.2  104.3  237.3  2.5
-62.8  -225.2  1532.4  147.8  145.1  6.6
-106.0  -226.0  1547.2  171.4  78.2  77.1
-171.2  -263.2  1562.8  178.0  -12.5  73.8
-209.6  -260.0  1559.2  3.8  -13.0  -8.7
-127.6  -249.6  1523.6  -72.3  31.4  -113.2
211.2  -231.6  1565.2  -426.6  999.1  -247.6
484.8  -356.8  1532.8  -387.5  430.5  447.5
247.2  -311.6  1527.2  -9.7  -800.6  1275.4
260.4  -262.8  1195.2  360.5  -1775.3  1519.9
-179.2  -124.0  1363.2  336.0  -1833.9  1058.6
-1389.6  65.6  1970.4  1698.3  -987.2  1008.0
-550.4  210.8  1836.8  -862.2  1148.3  -145.6
-142.8  119.2  1687.2  -254.8  379.8  -257.7
-343.2  11.2  1644.8  -243.8  195.3  -363.8
-323.6  -198.0  1467.6  -130.3  -143.4  -516.4
-178.4  -193.6  1446.4  -97.7  -212.7  -746.2
-63.2  -264.4  1479.2  -100.0  -71.0  -925.2
107.2  -290.0  1329.6  88.8  -679.2  -1012.3
488.4  -320.0  1365.6  -278.7  256.3  -1006.3
631.6  -243.6  1371.6  96.1  125.4  -668.0
673.6  -360.4  1596.0  262.5  -175.6  -161.0
387.2  -164.0  1568.8  -53.1  -449.2  36.7
184.8  -140.8  1467.2  14.6  -272.0  193.2
83.6  -322.8  1509.2  126.5  55.2  258.5
39.2  -354.8  1532.0  7.9  104.2  31.8
105.2  -294.8  1562.4  -72.5  206.2  -23.8
134.4  -264.0  1520.4  38.0  12.3  -3.2
156.4  -261.2  1513.6  18.9  -114.5  5.8
107.6  -278.4  1480.0  81.2  -160.6  38.8
125.2  -268.8  1493.6  75.7  -100.2  -19.2
96.4  -272.0  1509.2  53.9  -56.9  -15.8
117.2  -264.0  1523.6  65.0  -42.9  -14.3
112.0  -264.0  1526.8  42.5  -100.8  -13.4
113.2  -275.6  1531.2  34.3  -72.7  0.2
102.8  -278.0  1484.8  26.8  -83.0  -39.7
127.2  -274.0  1488.8  -18.7  36.3  -29.3
121.6  -283.2  1485.6  14.0  44.4  -1.3
146.8  -260.4  1501.6  107.7  -81.9  17.0
100.4  -290.8  1534.0  35.2  -27.3  1.1
64.4  -283.6  1502.4  97.9  -97.9  32.3
55.6  -262.8  1538.8  89.2  -6.9  9.1
109.6  -242.8  1510.8  49.9  -65.8  -1.6
99.2  -279.6  1556.8  16.1  -172.2  0.7
101.6  -265.2  1499.2  -40.9  -124.6  16.9
290.0  -350.0  1493.6  -47.8  77.3  -14.8
632.4  -383.2  1569.6  -409.2  979.7  195.6
696.4  -331.6  1306.8  -663.2  660.3  820.7
467.2  -156.8  1264.0  548.8  -582.6  2001.8
-280.8  -100.0  1954.8  1100.1  -2266.6  1944.7
-840.0  114.4  1739.2  285.9  -538.3  1108.7
-1212.0  215.6  1810.8  -191.5  -709.8  164.0
-267.2  -228.0  2190.4  181.5  188.6  -289.2
-654.0  28.0  1714.0  -61.4  359.2  -769.5
-188.8  -39.2  1675.6  -381.6  459.1  -1530.8
184.0  -50.0  1384.0  -187.3  -628.7  -1602.7
614.0  -170.8  1365.6  -271.2  77.8  -1334.6
810.4  -221.2  1281.2  -149.2  -121.1  -784.6
708.4  -296.4  1340.8  -8.7  -255.8  -354.3
518.8  -338.8  1410.0  90.8  -108.8  -32.1
257.6  -253.2  1454.0  104.8  -105.3  -17.4
205.6  -246.4  1495.6  -36.4  334.2  -75.8
121.2  -294.0  1544.8  124.8  153.0  -7.6
119.6  -277.2  1561.2  -29.2  14.1  -85.4
165.6  -230.8  1521.6  -38.6  -53.2  -50.4
142.4  -277.6  1514.0  30.8  -95.0  -49.5
169.2  -300.0  1525.6  -58.6  -21.6  -56.0
142.0  -281.2  1481.2  22.4  -126.3  8.0
153.2  -296.4  1484.0  -4.5  -36.7  -13.3
144.8  -296.0  1459.6  11.9  -84.0  2.2
108.4  -294.4  1460.0  47.9  -55.2  -12.1
141.6  -312.0  1503.6  52.4  -47.7  11.8
131.2  -304.8  1516.0  53.7  -75.2  10.5
137.2  -300.0  1484.8  30.0  -42.0  0.1
129.6  -306.4  1503.2  56.1  -34.4  -11.5
106.0  -298.4  1510.4  32.0  -12.6  -19.8
148.4  -284.8  1526.0  55.5  -21.7  4.4
123.6  -295.6  1504.4  56.2  -56.7  5.5
139.2  -296.4  1539.2  45.3  -171.6  109.1
138.8  -277.6  1498.0  14.5  -125.2  50.8
139.2  -284.4  1496.0  65.8  -78.4  26.9
126.8  -290.4  1489.2  56.7  -71.1  -40.9
134.0  -271.2  1493.2  88.7  -17.3  -70.3
154.0  -277.2  1508.4  135.0  -54.0  -102.3
199.2  -289.2  1566.0  120.0  -123.5  -131.2
180.8  -214.0  1505.6  -43.0  -289.8  -249.6
239.2  -214.8  1521.2  232.2  165.8  -100.4
302.8  -240.8  1677.2  154.3  -176.5  -230.5
40.0  -112.0  1423.6  622.2  -45.9  -243.9
74.8  -131.2  1561.6  122.9  44.2  -7.0
126.8  -81.6  1574.0  -51.9  -96.6  -17.8
145.6  -71.6  1504.0  22.7  -308.3  -2.8
238.4  -115.6  1478.4  72.4  -289.0  -78.3
507.2  -125.2  1582.4  -119.4  285.3  26.7
738.0  -130.8  1509.6  -174.3  41.5  473.2
717.6  -158.8  1458.0  19.5  -892.2  1995.9
600.8  118.4  1459.2  -78.6  -1167.2  3276.7
-240.4  -11.6  1420.8  422.1  -1446.4  3276.7
-370.0  78.0  2024.8  -161.1  -1144.9  1904.9
-565.2  51.6  1765.6  -266.1  424.0  -261.8
-264.0  -70.4  1526.8  -255.9  1027.9  -1395.4
22.4  -16.4  1562.8  599.0  543.1  -3276.8
290.0  32.4  1413.6  631.2  864.0  -3276.8
514.0  -86.4  1588.0  -116.5  1107.3  -2151.4
666.0  94.4  1447.6  -350.6  -14.6  -501.9
517.2  -67.6  1634.0  326.4  -651.7  -278.8
515.6  -194.8  1683.6  -327.2  -44.6  5.4
386.4  -198.4  1466.4  187.5  -353.7  4.1
312.4  -180.8  1576.8  226.4  -128.0  -155.1
70.0  -116.4  1349.6  149.2  171.2  -135.5
77.6  -81.2  1372.8  -24.7  116.5  -26.8
164.8  -228.4  1413.6  19.8  360.1  -40.7
80.4  -98.8  1504.8  -69.1  158.2  43.6
108.8  -78.0  1511.6  108.4  -214.2  81.9
102.4  -134.4  1524.8  113.1  -100.5  103.5
124.4  -143.6  1535.2  -26.7  151.7  -36.7
115.2  -146.4  1547.2  94.6  -246.3  -15.1
90.8  -65.6  1509.2  130.8  -228.8  1.6
110.4  -117.6  1556.8  92.8  -89.4  44.9
99.2  -112.4  1509.2  16.5  8.4  19.6
90.4  -121.6  1502.0  80.8  117.0  -43.4
79.6  -84.0  1494.4  50.4  173.0  3.5
59.2  -68.8  1546.0  44.0  85.8  -3.0
8.8  -39.6  1556.0  75.7  25.0  23.1
14.4  -48.4  1557.2  8.3  -54.6  0.2
15.2  -101.2  1499.2  0.7  -67.5  -57.5
14.4  -86.0  1490.8  14.8  -33.3  -26.0
17.2  -62.0  1541.2  103.7  -60.2  -25.4
30.4  -76.4  1554.0  -27.1  -74.0  41.4
66.0  -41.2  1555.2  16.4  -96.7  -15.5
58.8  -81.2  1538.8  36.3  -109.9  15.7
42.8  -93.6  1543.6  21.1  -88.1  17.1
21.2  -90.0  1520.8  43.9  -49.9  -1.4
14.0  -86.4  1488.8  228.1  -136.7  -1.2
40.0  -43.2  1543.2  228.5  -114.4  -12.2
67.6  -11.6  1559.6  205.8  -159.4  -56.4
118.4  -16.8  1647.2  26.2  -171.8  -10.0
108.4  6.4  1546.8  -23.3  -35.1  47.1
89.6  -40.8  1557.6  -40.1  -59.7  10.8
80.4  -76.4  1495.6  -31.6  -8.5  15.5
51.6  -76.8  1528.4  50.7  -13.0  -5.8
61.6  -38.0  1518.0  62.0  55.3  -43.0
73.6  -28.8  1558.4  9.3  -3.7  -10.9
40.8  -38.4  1549.6  9.0  -32.7  -11.7
46.4  -52.8  1510.8  -63.7  -20.5  10.4
60.4  -66.8  1516.8  -26.8  -42.1  13.8
42.4  -75.2  1513.6  16.4  -54.3  32.9
33.6  -75.2  1529.2  3.1  -70.3  2.4
30.0  -70.8  1533.2  36.6  -39.7  -3.3
26.8  -71.2  1515.2  112.8  -76.4  -24.1
42.0  -56.0  1533.2  156.6  -85.3  3.7
18.8  -54.4  1558.8  116.7  -42.8  2.8
36.0  -51.2  1546.8  142.6  -88.2  -39.4
79.6  -46.8  1492.0  86.5  128.3  -79.0
285.6  15.2  1558.8  -145.3  318.9  -103.4
525.6  37.2  1693.6  103.5  -503.1  445.4
599.2  136.0  1632.4  -59.0  -575.5  1718.1
460.8  261.2  1434.8  -280.1  -1021.2  3026.3
169.2  165.6  1500.0  86.4  -515.1  3276.7
-770.8  143.6  1681.2  -326.8  -963.3  1643.9
-681.6  18.4  1393.6  -393.8  -31.4  -111.0
-524.0  -188.4  1450.4  288.6  948.9  -1163.7
-366.0  -163.2  1257.6  702.1  -182.9  -3032.5
69.6  150.0  1602.4  1003.1  547.8  -2396.6
309.2  278.8  1601.6  140.3  409.2  -1868.5
759.6  273.6  1655.2  266.7  -497.9  -858.2
653.2  179.6  1763.6  -274.0  -62.9  -366.6
484.0  201.6  1582.8  -227.8  -596.4  -99.6
371.6  177.6  1327.6  -169.0  -452.2  168.4
309.2  20.8  1483.2  -27.2  -316.4  208.3
220.4  -79.2  1532.0  9.1  43.6  78.3
196.4  14.4  1545.2  -38.2  -70.2  130.9
148.0  12.0  1613.2  -0.3  241.9  95.5
263.6  78.4  1491.2  29.9  -64.6  -94.8
188.8  -35.2  1493.2  -211.0  174.7  143.5
351.2  -20.8  1685.2  -144.9  102.4  -91.2
86.8  -78.0  1431.6  -207.0  477.5  46.0
98.8  -112.4  1554.0  -49.7  330.6  -86.8
18.0  -134.0  1499.2  24.3  17.5  -149.4
33.2  -135.2  1486.8  86.2  -245.4  -116.0
67.6  -145.6  1567.6  -52.4  -11.2  -24.8
34.4  -176.4  1562.0  -23.0  311.7  159.9
-223.2  -100.0  1213.6  -158.6  415.3  51.1
-101.2  -39.2  1408.8  284.5  -443.8  219.6
86.4  -128.4  1514.0  312.1  -436.0  158.0
128.0  -92.0  1507.6  697.8  -563.1  -199.7
76.8  -39.6  1588.8  66.6  204.0  -110.7
115.6  4.8  1626.0  233.1  -91.0  -220.1
116.8  3.2  1658.8  -122.3  -90.8  -54.0
116.0  -19.6  1564.0  -237.2  -241.6  4.0
109.6  -74.0  1573.2  -49.8  -232.1  43.4
122.4  -96.4  1510.0  14.4  -106.6  -32.9
157.6  -70.0  1508.8  86.7  -207.6  -49.4
128.4  -89.6  1519.6  125.2  -101.8  -39.2
196.4  -9.2  1520.8  291.0  -156.3  -60.4
156.4  -19.6  1520.0  166.0  -126.7  -43.5
140.0  -7.2  1540.0  227.9  -178.3  -53.0
186.8  38.4  1519.2  118.2  -34.7  -59.2
185.2  98.8  1534.8  297.4  40.1  -53.5
364.4  94.8  1564.8  88.6  251.0  -175.0
609.2  34.4  1584.0  -2.8  95.8  157.3
798.0  94.0  1729.6  -70.8  -412.9  1071.2
904.4  202.8  1439.6  27.0  -990.3  2158.2
612.0  217.2  1240.4  641.2  -493.9  2584.3
-76.0  355.6  1519.2  30.1  -471.1  1925.1
-916.4  310.0  1630.0  -158.6  -162.7  749.4
-830.8  106.8  1951.2  241.9  -149.6  -574.7
-354.0  74.8  1622.4  -323.3  -97.9  -1150.6
-20.4  218.0  1442.0  -51.3  304.0  -1453.6
388.0  335.6  1392.0  -128.9  123.9  -1609.8
712.8  135.6  1369.6  7.9  200.9  -1519.2
734.8  199.2  1475.6  -146.0  -405.1  -850.3
867.2  83.2  1481.2  284.1  -738.3  -463.2
812.8  -147.6  1695.6  112.1  -34.5  -315.7
420.8  169.6  1450.8  -349.6  -204.3  -236.3
401.2  36.8  1422.8  -5.7  142.8  -69.2
375.6  9.2  1429.2  7.3  72.2  -148.7
366.8  58.4  1464.8  92.1  137.5  -95.5
372.0  79.6  1529.6  204.1  73.8  -27.7
324.0  81.2  1550.4  79.0  3.3  20.3
312.8  80.0  1546.0  11.4  -5.4  -37.9
308.0  66.0  1522.4  -25.7  -31.5  -28.5
330.8  73.6  1509.2  -13.7  6.9  -40.2
312.4  64.8  1492.4  57.3  -34.8  -18.1
306.8  65.2  1488.8  66.6  -29.7  -15.2
294.8  60.0  1506.8  65.4  -73.4  -16.9
266.4  66.0  1546.0  49.6  -48.6  -39.0
282.4  86.0  1512.8  11.0  -18.9  -15.1
284.4  96.4  1524.8  -4.0  -38.6  -13.6
293.6  75.6  1526.8  -10.7  10.8  4.5
269.6  52.8  1510.8  11.0  -44.4  -4.4
281.2  55.2  1510.4  35.3  -32.5  0.1
251.6  27.6  1512.0  31.8  -60.1  -4.8
280.0  59.2  1528.8  36.1  -21.5  0.3
245.2  55.6  1522.0  25.7  -28.7  -6.3
265.6  49.2  1526.4  21.6  4.3  -20.0
244.0  72.0  1518.4  50.0  -2.8  -18.9
242.0  53.2  1543.2  3.5  110.1  7.1
230.0  46.8  1524.4  31.6  93.9  -1.5
179.2  48.4  1505.6  12.1  63.6  -30.4
156.8  39.2  1544.0  11.3  33.0  -92.2
180.0  44.0  1520.4  -61.3  -10.3  -172.6
132.4  63.2  1543.6  -25.9  14.0  -89.8
133.6  47.6  1510.0  8.4  28.8  -12.6
111.2  16.4  1530.0  5.9  63.1  -32.4
138.4  19.6  1541.6  -19.1  141.6  -38.7
52.0  11.2  1534.4  52.5  254.8  -103.6
62.8  21.2  1505.2  -14.5  221.0  -162.9
2.4  60.8  1519.2  101.4  183.7  -120.5
-66.0  18.4  1510.8  -9.0  204.8  -62.5
-41.2  -5.6  1520.8  -59.9  95.8  19.9
-48.4  4.4  1548.8  -103.6  69.0  3.7
-19.2  -28.4  1575.2  -133.8  52.0  161.4
4.8  -95.2  1644.4  -21.0  4.9  162.2
3.2  -62.4  1600.0  17.1  -184.1  197.5
249.2  -94.0  1660.4  98.7  41.5  365.3
498.4  95.6  1700.4  -283.9  -373.9  476.0
507.2  210.4  1416.0  -49.2  -1350.1  2048.0
55.6  484.8  1250.4  413.8  -1227.3  3276.7
-817.6  460.4  1285.6  436.1  -361.2  1954.9
-832.4  130.8  1884.8  381.9  97.0  -162.2
-326.4  163.6  1566.8  -384.2  535.2  -1259.1
-173.6  144.0  1374.8  -37.8  58.6  -1506.2
198.8  123.2  1473.2  144.1  41.7  -1599.6
374.0  92.0  1522.4  209.3  -380.2  -1524.5
548.8  150.4  1505.6  -112.5  -227.1  -1347.2
632.8  129.2  1533.6  90.5  -180.6  -872.8
641.6  118.0  1514.8  -102.5  -4.7  -399.6
502.8  -27.6  1603.2  181.4  -38.6  -119.6
189.2  112.0  1517.6  -102.9  -109.3  -82.7
150.8  32.4  1508.4  160.9  107.7  -21.4
155.6  32.8  1558.8  -32.4  37.5  -86.7
201.6  82.0  1518.4  28.5  43.2  -68.1
218.4  79.6  1513.2  27.1  -25.9  -17.1
145.6  72.0  1523.6  6.4  -20.9  -73.1
141.6  51.2  1542.4  20.3  5.8  -114.4
174.0  66.8  1509.2  -16.4  -96.5  -115.2
210.4  92.8  1517.2  90.8  -59.8  17.7
180.4  74.0  1518.8  49.4  -48.4  29.7
150.4  60.4  1522.0  53.9  -22.0  24.8
148.8  48.4  1539.6  -23.7  99.7  -14.9
113.2  64.4  1513.2  -53.1  33.8  -24.0
151.2  60.8  1557.2  -80.7  -13.5  -41.2
120.0  33.6  1539.2  -42.6  -69.3  -18.5
105.2  1.6  1519.6  -43.6  -61.2  -6.7
90.0  8.4  1526.4  13.1  -38.8  4.2
106.4  17.2  1551.2  39.3  -61.8  -16.3
94.8  2.4  1539.6  50.8  -50.1  -29.4
96.4  19.6  1523.6  50.9  -54.3  -21.5
92.8  0.0  1527.6  5.7  -33.5  -45.7
91.2  14.0  1531.6  21.6  -29.5  -21.6
108.8  19.6  1532.4  -1.1  -67.5  -20.9
107.2  5.2  1558.8  -11.4  -63.8  -22.1
80.4  -8.0  1522.4  17.6  -70.8  -1.1
92.0  -14.0  1539.6  85.9  -127.7  -16.4
101.2  -24.4  1535.2  41.8  -92.3  -42.1
99.2  20.4  1535.6  148.7  -139.7  -22.8
148.8  26.0  1530.4  52.3  -84.7  5.2
125.6  19.2  1522.8  42.4  -67.0  -9.4
134.4  28.0  1506.4  35.3  -5.6  3.2
105.2  12.0  1528.4  21.3  9.1  -16.1
80.8  19.2  1528.0  73.2  30.2  -35.0
112.4  31.2  1523.6  55.5  -49.5  -21.9
72.8  25.6  1534.8  67.4  -47.7  -48.4
23.2  17.6  1512.8  289.7  -99.2  -41.8
175.2  80.4  1569.6  -10.9  -88.3  -26.9
204.0  111.2  1584.4  -94.7  10.4  89.7
410.4  77.6  1680.8  -154.4  21.9  486.3
605.6  -8.4  1656.4  -68.4  -199.9  919.3
717.2  15.2  1494.0  5.2  -663.5  1702.3
663.2  207.6  1398.4  140.0  -440.3  2375.1
139.6  473.6  1293.2  -418.2  -955.3  2260.9
-389.2  -58.4  2036.8  114.8  -66.4  1220.1
-874.8  128.4  1814.8  466.8  -407.5  -49.8
-206.4  -9.2  1837.2  -162.8  2.8  -999.3
-295.6  27.2  1714.8  -120.5  -89.0  -1350.5
241.2  159.6  1409.2  216.3  163.9  -1726.0
643.6  14.8  1350.8  267.6  222.6  -1435.1
768.4  163.6  1513.6  230.4  204.8  -1096.9
743.2  138.8  1475.6  202.5  -244.0  -723.6
605.2  112.4  1676.0  -82.7  -27.5  -419.5
485.6  89.6  1570.0  -180.0  -196.9  -231.9
246.4  106.0  1453.6  -203.1  -177.3  -9.2
266.4  39.6  1456.0  -17.1  -8.3  9.0
249.6  -2.4  1505.6  28.6  -21.4  -66.4
273.6  51.2  1470.8  -5.6  48.0  -91.0
267.6  49.2  1523.2  25.8  44.7  -22.9
240.8  42.0  1560.4  29.7  -3.3  -19.4
209.6  35.6  1555.2  -25.7  27.6  -37.6
212.4  23.2  1539.2  20.6  -54.1  -29.5
223.2  20.4  1495.2  -40.4  -22.0  -40.2
224.4  12.0  1502.4  -36.0  3.2  -54.9
210.0  8.4  1486.8  -111.6  102.6  -108.7
184.4  -25.2  1514.8  -62.7  124.3  -52.3
128.4  -50.8  1570.0  -72.9  152.7  -34.8
83.2  -56.8  1539.2  -95.7  143.2  -40.0
61.6  -82.4  1550.8  -130.0  79.3  -78.3
48.4  -98.0  1543.6  -116.9  54.3  -131.5
66.8  -76.8  1518.8  -99.6  -3.1  -130.5
49.2  -123.6  1548.4  -60.8  -9.6  -153.5
72.8  -122.0  1511.6  -89.8  28.5  -129.4
80.4  -138.8  1516.0  -54.9  22.5  -134.6
96.4  -127.6  1482.8  -68.4  48.8  -121.1
92.8  -124.4  1508.4  -40.0  86.6  -38.1
16.4  -184.4  1524.4  25.3  -22.2  -38.5
-36.0  -200.4  1524.0  22.5  -105.3  -159.5
-18.4  -187.2  1503.2  -15.8  -34.5  -253.3
100.4  -142.4  1499.2  35.8  77.7  -460.1
124.4  -163.6  1514.0  92.7  199.1  -242.2
230.0  -225.2  1641.2  65.9  -244.9  241.7
464.8  -189.2  1752.4  191.7  -506.2  741.2
341.6  -32.8  1405.2  -6.2  -932.1  1586.5
525.6  17.6  1580.0  -105.5  -1050.2  2653.0
-367.6  52.4  1552.0  381.0  -1716.8  2630.6
-384.0  -97.6  1592.0  -164.2  -28.7  1508.5
-542.0  101.2  1571.2  -97.7  100.2  -561.6
-261.6  -95.2  1487.6  -36.1  467.6  -957.6
-126.4  -157.2  1596.0  54.3  450.6  -1680.7
31.6  -111.2  1593.2  337.9  1000.0  -2445.0
408.0  -129.6  1439.6  -114.5  -28.6  -1614.4
578.0  -31.6  1521.2  399.7  101.0  -927.2
563.2  -62.0  1560.0  133.5  -42.4  -452.9
471.6  -102.0  1594.4  193.2  -66.9  -48.9
253.6  -126.0  1626.0  81.7  -158.4  70.6
74.0  -108.4  1537.2  -52.1  -81.0  5.1
83.2  -163.2  1544.0  2.4  -91.0  -36.1
136.4  -133.6  1496.8  -27.3  -64.8  -104.3
171.6  -98.4  1520.0  -33.7  -59.7  -84.7
174.4  -102.4  1528.0  30.8  14.7  3.2
130.8  -131.6  1525.6  21.6  -12.1  -9.4
119.2  -144.0  1517.2  41.0  -42.7  -14.4
129.2  -134.8  1527.6  35.9  5.6  -21.3
131.2  -148.0  1519.2  21.3  -16.4  -21.6
104.4  -127.6  1535.2  75.5  -3.2  9.4
99.6  -144.4  1535.2  15.2  3.3  -52.8
85.6  -124.4  1518.4  29.1  10.8  -20.5
78.4  -140.8  1531.6  29.9  -31.4  -54.9
69.2  -117.2  1514.0  37.6  -35.2  -34.5
97.6  -131.6  1546.4  -3.4  -48.2  -105.4
91.6  -158.8  1497.6  2.0  -57.4  -245.0
123.2  -166.8  1486.4  -78.9  -128.5  -287.9
163.6  -128.4  1504.4  64.9  -315.4  -237.5
326.8  -114.8  1518.8  118.5  -267.5  40.5
567.2  -102.8  1572.4  229.5  -316.2  506.8
832.0  -94.8  1639.2  195.6  -533.3  1622.4
669.6  -44.0  1364.4  242.3  -561.6  3276.7
383.6  -290.8  1685.2  15.7  -877.1  2630.7
159.2  166.8  1357.2  152.1  -1166.5  2006.3
-576.8  49.2  1870.0  773.7  927.5  892.8
-242.0  279.6  1483.2  -318.9  -229.7  -546.1
-39.6  69.2  1723.6  -338.0  888.2  -967.3
-296.8  -0.4  1518.4  192.8  469.5  -1844.1
-130.0  -204.8  1523.6  -163.4  566.3  -2350.9
397.6  -66.8  1483.6  49.6  577.9  -2080.9
638.0  -122.8  1494.0  507.8  88.0  -1570.6
598.0  -135.6  1478.0  130.9  -278.9  -566.5
512.8  -158.8  1580.4  228.9  -284.8  -171.3
341.6  -150.4  1605.2  162.0  -182.1  -25.1
130.0  -62.0  1524.8  -80.7  -68.2  -72.2
153.6  -128.0  1480.8  27.5  -16.2  -6.9
165.6  -126.8  1522.0  47.0  4.9  -45.8
168.8  -93.6  1532.0  -16.2  90.2  -94.9
186.0  -102.0  1530.0  9.0  -16.9  -51.6
159.6  -95.2  1477.6  18.4  18.1  19.2
113.2  -121.2  1528.0  25.7  -26.2  -41.9
130.8  -90.0  1541.6  89.9  -29.1  17.9
126.4  -81.2  1560.4  32.7  -47.8  11.6
124.4  -93.6  1518.8  29.1  -34.8  -16.7
95.6  -114.0  1514.4  72.3  -10.6  -44.7
122.0  -94.4  1537.2  48.7  -41.4  -50.8
124.4  -76.8  1536.4  66.5  -41.4  4.8
110.4  -93.2  1528.8  47.3  -47.8  7.6
102.0  -96.4  1538.4  28.0  -47.0  -31.0
99.2  -77.6  1530.4  26.8  -53.7  -18.7
120.4  -91.6  1540.8  43.0  -71.3  -29.8
88.8  -97.2  1525.6  18.3  -62.1  -42.1
110.0  -85.2  1529.2  17.7  -77.2  -42.1
110.4  -74.4  1610.4  -6.8  -193.2  -91.5
140.4  -68.4  1582.8  -146.3  -219.8  -41.4
117.2  -104.8  1472.8  -80.1  -185.5  -12.9
124.0  -163.2  1427.6  8.5  -64.4  -4.9
100.8  -185.2  1495.2  47.0  42.0  -93.3
191.2  -171.6  1537.2  111.9  60.8  -84.3
382.0  -79.6  1591.6  -2.2  155.5  52.3
571.2  -158.0  1662.0  271.8  38.7  650.6
530.4  -226.8  1606.4  215.1  193.8  1178.6
687.6  -72.4  1511.2  -31.0  -332.5  1539.4
512.4  338.0  1291.2  -116.2  -768.0  2541.7
-509.6  366.4  1287.6  -96.2  -986.8  1907.0
-807.2  678.4  1656.8  277.0  -109.6  737.2
-500.8  103.6  1831.2  -28.9  -174.5  -437.6
-368.0  59.2  1762.4  -370.0  537.0  -1248.4
-234.4  -42.8  1722.8  -414.6  380.5  -1706.7
163.2  -210.0  1413.2  -143.2  404.8  -1983.5
476.0  -190.8  1422.4  122.4  366.7  -1423.1
656.4  -158.0  1546.4  368.8  -251.5  -851.7
593.2  -81.2  1603.6  186.4  -80.1  -375.8
261.2  -192.0  1606.0  86.6  7.5  -56.0
191.6  -203.6  1593.6  -111.3  -20.7  -100.5
154.8  -116.0  1466.8  -80.0  -70.7  -36.7
155.2  -169.2  1440.0  69.5  8.9  34.4
121.6  -175.6  1490.8  78.5  -16.4  17.8
28.8  -200.4  1531.2  99.5  22.5  -37.2
58.8  -171.6  1528.0  95.6  12.0  -64.4
51.2  -165.2  1560.8  65.7  -15.9  -89.6
86.4  -130.8  1520.0  46.4  -50.3  -58.6
57.6  -142.4  1522.0  98.3  -41.4  -30.4
72.8  -130.8  1518.0  74.6  -33.8  -33.0
58.8  -129.2  1545.2  64.1  -52.1  -2.6
51.6  -125.6  1580.4  56.2  -63.6  -13.4
61.2  -153.2  1526.4  21.7  -87.7  -20.5
91.6  -121.6  1526.0  42.7  -98.4  11.6
81.6  -131.2  1531.6  39.3  -93.9  48.0
68.4  -141.6  1523.6  99.2  -92.6  53.3
52.8  -146.0  1538.4  19.9  -71.7  -19.3
54.8  -106.4  1556.8  -10.0  -100.4  -37.6
113.2  -86.0  1563.2  29.3  -89.1  21.9
84.8  -104.4  1504.0  -31.3  -131.1  37.1
70.8  -158.4  1470.8  30.1  -104.3  42.9
62.4  -181.6  1483.6  13.3  -78.0  -41.5
101.2  -146.8  1502.4  43.7  -20.4  -45.7
104.4  -120.8  1545.6  73.6  -21.7  -7.3
105.6  -126.4  1573.6  53.3  -53.3  17.8
60.8  -144.8  1508.8  40.4  -31.3  -12.2
52.0  -157.6  1460.0  78.6  105.7  -100.3
93.6  -117.2  1531.2  181.7  181.0  6.1
238.8  -115.6  1690.0  218.7  18.0  157.7
507.6  -94.0  1634.8  101.2  -211.1  584.3
655.6  -16.0  1548.0  140.7  -502.8  1612.4
601.6  -86.0  1582.0  16.2  -1166.6  1930.8
418.4  190.4  1301.6  -77.1  -1377.9  2540.9
92.4  322.8  1366.8  193.1  -240.3  2203.4
-606.4  286.0  1687.6  -282.1  122.8  748.3
-595.6  17.2  1899.6  277.1  166.7  -681.6
-321.6  34.4  1764.0  -396.9  218.3  -1546.8
-204.0  -56.0  1484.8  -105.1  926.1  -2453.0
146.4  279.6  1574.0  -210.4  407.0  -2572.4
621.2  -96.8  1468.0  404.0  560.1  -1675.1
634.4  -78.0  1424.4  149.5  -230.7  -894.4
643.2  -76.4  1544.4  114.1  59.3  -525.1
486.0  -158.0  1552.8  178.8  -177.1  -70.8
229.6  -98.4  1526.8  -82.5  -35.3  49.1
116.0  -132.0  1470.0  -53.1  40.2  10.9
136.4  -188.4  1516.8  66.1  69.0  -7.4
140.0  -169.2  1496.8  -4.7  25.9  -30.6
134.4  -166.4  1506.8  42.9  10.0  -39.3
111.2  -156.4  1514.0  87.6  22.1  -45.9
85.2  -128.4  1539.2  63.8  20.3  -92.9
96.8  -142.0  1513.6  35.4  -23.1  -166.0
102.4  -135.6  1532.0  -16.9  37.9  -188.0
112.4  -131.6  1556.4  7.9  -14.4  -174.2
117.6  -154.8  1526.0  -65.1  -52.1  -175.6
98.0  -169.6  1498.4  -46.2  -93.6  -138.3
112.8  -172.0  1487.2  30.4  -42.9  -61.9
85.2  -162.4  1516.4  129.4  -41.3  -15.2
83.6  -175.2  1515.6  66.0  2.4  -5.2
63.2  -159.6  1560.8  113.0  -59.4  -4.2
75.6  -141.6  1530.8  24.9  -59.3  -26.8
70.4  -153.6  1507.6  28.3  -35.3  6.9
76.8  -168.4  1508.4  9.5  -35.2  -13.7
76.0  -172.8  1518.8  76.2  -36.8  -10.4
90.4  -140.0  1505.2  30.3  -35.2  -24.1
75.2  -145.6  1534.4  50.4  -28.8  -2.3
52.0  -147.2  1535.6  12.9  -52.6  -11.9
39.2  -169.6  1484.8  12.6  -40.4  -9.4
58.0  -158.4  1542.4  47.0  -58.4  -8.5
60.8  -146.8  1518.4  70.3  -50.4  24.7
60.0  -137.2  1512.8  39.8  -43.9  42.2
53.2  -182.0  1526.4  63.1  -80.4  56.8
226.0  -155.2  1575.2  48.9  -217.1  44.2
410.4  -150.4  1569.6  -110.7  -132.1  280.6
794.8  -135.2  1618.0  229.4  -1016.7  977.3
898.0  7.6  1473.2  382.9  -1296.7  2263.6
695.6  175.2  1688.8  889.7  -1883.3  3276.7
484.0  378.0  1334.0  57.3  -573.3  3199.5
-513.6  218.0  1716.4  525.7  887.7  1526.7
-626.4  12.0  1631.2  -95.3  189.3  -436.4
-40.4  -846.8  944.8  -305.0  1020.8  -1286.9
-418.0  -13.6  1453.6  471.7  1181.5  -3114.9
-130.0  -33.2  1470.8  681.9  1632.6  -2679.8
243.2  -38.4  1600.8  280.4  -2.8  -2041.6
524.0  108.4  1694.4  -24.5  66.7  -1281.6
459.2  114.0  1608.4  65.4  -308.2  -634.5
338.4  18.0  1582.4  -43.4  -245.0  -189.7
127.6  -57.2  1475.6  -15.9  -212.5  64.8
4.0  -102.4  1468.4  -13.8  -86.5  1.4
-14.8  -175.6  1496.4  16.8  0.9  32.8
-22.8  -118.4  1534.4  -1.0  -46.3  -90.2
0.0  -110.4  1537.2  15.2  -48.3  -72.7
4.8  -97.2  1500.0  40.6  -97.4  -48.3
-24.8  -137.6  1504.8  111.1  -72.1  -52.7
10.0  -104.0  1530.8  -16.6  -50.2  -126.9
29.2  -84.4  1550.0  64.8  -189.0  -102.3
38.8  -70.0  1558.8  109.3  -175.6  57.3
136.8  -55.6  1525.6  188.8  -296.5  63.5
81.6  -94.4  1529.6  -27.0  -52.8  38.9
43.2  -106.4  1529.6  -29.4  -91.3  -35.3
56.8  -100.8  1517.6  -86.9  -102.4  -97.4
76.0  -94.8  1530.0  -120.6  44.9  -93.8
76.4  -122.0  1519.2  -8.1  -35.9  -70.9
84.8  -122.8  1528.8  0.0  -38.1  -26.7
71.6  -109.6  1520.8  59.5  -29.1  -17.5
47.2  -80.0  1560.0  130.0  -108.7  -13.5
29.6  -108.0  1565.2  42.7  -147.3  -61.9
68.0  -75.6  1472.8  -39.0  -21.4  -90.3
67.6  -134.8  1438.0  52.5  -84.3  -70.3
70.8  -119.6  1508.4  106.5  -8.7  -51.8
25.2  -77.2  1527.2  116.4  110.7  3.1
77.6  -81.6  1509.2  59.1  150.6  10.1
142.0  -126.4  1518.0  87.7  186.7  160.4
345.2  -171.6  1588.8  128.1  152.6  671.9
492.8  -30.0  1592.0  642.8  -849.4  1754.2
718.8  110.4  1718.0  179.8  -321.8  2924.0
574.4  -5.2  1639.6  -800.2  -1293.2  2362.9
488.4  343.2  1326.4  -710.5  -1145.3  2166.5
-361.2  230.0  1500.8  83.8  -23.6  1530.7
-1180.0  296.4  677.2  343.4  -55.6  245.2
-612.0  -59.2  1721.2  147.0  322.0  -1167.4
-424.4  -21.2  1596.0  -182.5  237.1  -2318.1
120.4  12.8  1432.0  -39.8  1219.4  -2692.7
418.0  -63.6  1419.6  171.9  -11.0  -2282.7
758.0  104.8  1453.2  339.6  225.1  -1512.0
622.0  83.6  1549.6  129.0  -139.1  -637.6
467.2  -15.6  1650.8  74.1  -153.3  -167.4
243.2  -73.6  1582.0  239.0  -114.3  176.9
56.4  -52.0  1507.6  101.1  -145.7  -6.1
154.8  -55.6  1484.4  -18.1  53.3  -47.7
188.8  -2.0  1500.4  44.0  -22.3  -63.8
194.4  -14.0  1527.2  -6.7  12.9  -33.5
106.8  -40.8  1538.4  11.7  -8.1  -14.6
117.6  -67.6  1541.2  -40.9  53.3  -32.4
108.8  -56.0  1510.8  -47.8  57.0  -37.6
147.6  -59.2  1522.0  -37.0  -23.2  -39.5
119.6  -53.6  1501.2  40.3  -76.6  11.5
115.6  -56.4  1530.4  53.4  -96.9  10.9
104.4  -66.0  1577.2  67.0  -125.0  28.6
190.8  -50.8  1604.4  65.5  -738.2  448.2
250.0  -12.0  1415.6  80.5  -421.0  740.6
-38.8  -149.2  1472.4  118.9  1057.7  82.8
-54.8  -223.6  1511.6  -91.1  1239.7  -647.0
72.4  40.4  1615.2  -130.3  -843.2  58.4
138.8  44.8  1643.6  -306.6  -675.4  622.9
25.2  -129.6  1458.4  -291.4  616.7  493.1
-230.0  -324.4  1408.8  366.7  212.0  -513.3
37.2  -264.4  1551.6  -129.5  116.4  -107.1
110.4  50.8  1516.4  138.9  -1231.4  218.5
194.4  -11.6  1544.8  19.4  154.9  188.4
-198.4  -196.4  1411.6  -319.9  2516.4  -47.1
-367.6  -413.2  1768.4  -169.6  -167.4  -139.7
-42.8  -169.6  1569.2  1048.8  -3130.0  491.8
171.6  17.2  1583.6  -543.7  734.0  28.8
-94.8  -199.6  1481.2  -403.6  2000.0  -205.7
-156.0  -251.6  1384.0  375.1  -626.1  -181.2
-96.0  -157.2  1466.4  748.2  -2330.5  193.8
-9.6  -52.0  1530.4  -420.3  1822.8  -180.7
-167.2  -210.0  1595.6  -256.1  992.9  -113.3
-272.0  -150.0  1511.2  -70.3  -25.8  -10.4
-350.8  -201.2  1489.6  231.3  -90.3  -95.6
-239.6  -226.4  1425.6  330.2  -731.5  -233.9
-189.2  -204.0  1485.6  459.1  -569.7  -505.3
-61.2  -97.2  1528.0  47.3  -60.0  -357.5
37.6  -99.6  1573.6  126.1  184.2  -220.2
28.8  -112.0  1555.6  -304.1  763.0  -301.0
235.6  -282.0  1606.4  -86.2  -56.6  244.6
712.8  -206.4  1672.8  40.9  -1888.6  1218.1
813.2  118.8  1445.2  678.2  -3190.7  2216.2
488.0  274.4  1299.2  708.3  -1212.8  2440.0
-460.8  432.4  1520.4  337.5  532.9  1565.3
-801.6  -90.0  1463.6  -107.8  377.7  -62.1
-198.4  -12.4  1890.0  -249.4  857.7  -739.4
-73.6  90.4  1784.4  51.0  28.0  -864.8
-84.4  12.4  1400.8  -493.9  453.6  -1276.7
538.0  -37.6  1482.8  98.8  -881.3  -1264.9
765.6  -104.8  1368.0  -80.5  -118.3  -921.5
598.8  -150.4  1422.8  108.5  171.0  -1045.0
526.4  -116.8  1584.4  -428.6  1429.8  -863.9
331.6  -178.4  1572.0  -81.3  659.5  -562.4
188.0  -58.8  1544.0  161.0  -159.6  -103.6
117.6  -22.4  1547.6  139.4  -203.2  25.0
38.0  -118.0  1560.8  -12.5  57.8  68.5
18.0  -156.8  1512.4  31.7  -50.8  43.7
18.0  -132.4  1466.8  -22.6  160.2  -32.1
32.0  -120.8  1558.4  32.8  79.2  -118.5
21.6  -99.2  1584.8  -75.7  165.0  -95.2
11.6  -122.0  1532.0  -33.6  -50.5  -39.2
-22.8  -143.6  1486.8  110.0  -79.7  26.0
-41.6  -168.0  1520.0  11.9  69.3  -53.0
-44.0  -108.8  1497.6  72.4  23.3  -43.7
-9.6  -95.2  1532.8  85.7  -16.5  8.6
-13.6  -90.4  1506.8  104.3  -58.1  56.5
-53.6  -106.0  1572.0  82.5  -19.7  45.8
-88.0  -119.2  1551.2  11.1  -17.9  21.2
-84.4  -134.8  1532.4  -24.9  -26.9  -21.6
-58.8  -119.2  1488.4  6.2  -57.6  -3.1
-58.0  -127.2  1485.6  70.5  -37.4  16.7
-52.0  -116.4  1493.2  112.4  15.6  61.3
-83.2  -75.2  1417.2  214.0  106.7  74.7
218.4  -125.2  1614.8  369.0  12.6  292.5
546.8  -85.2  1711.2  450.1  -1348.1  1033.4
1032.8  272.4  1673.2  355.8  -2185.7  2919.8
625.6  217.6  1283.6  339.6  -1289.8  3013.3
358.8  397.2  1146.0  -25.9  114.0  2435.7
-952.0  338.4  1577.6  131.6  593.2  360.7
-744.8  184.8  1814.0  -15.6  466.4  -715.4
-295.6  62.4  1775.2  13.8  590.0  -1884.6
-374.0  390.0  1639.6  -314.4  324.3  -2005.9
270.4  -701.6  1598.4  -218.2  444.6  -1779.0
643.2  -16.8  1389.6  394.6  -299.1  -1482.7
776.4  48.8  1463.2  120.1  411.0  -1175.6
757.6  59.6  1538.4  331.6  -650.6  -286.9
497.2  47.6  1586.0  188.2  -89.5  40.0
238.0  32.4  1586.8  -65.0  -110.1  86.1
98.4  -76.8  1551.6  -63.5  -60.6  40.4
119.2  -125.6  1538.4  -104.4  -19.4  -53.5
175.2  -61.2  1510.4  -93.2  -79.9  -75.2
179.6  -38.4  1493.2  -48.7  -47.6  -28.9
189.2  -88.8  1465.6  -169.6  165.4  -22.2
170.0  -103.6  1500.8  9.8  90.8  -39.4
154.0  -85.2  1535.6  -82.3  119.7  -58.6
107.6  -118.4  1559.6  -23.4  23.1  -0.8
76.8  -126.0  1524.4  -3.9  -23.9  -41.5
97.6  -135.6  1561.2  -10.9  -53.0  -57.1
83.2  -105.6  1521.2  37.5  -51.0  -62.7
114.0  -136.4  1489.2  72.7  -14.5  -9.7
82.0  -136.4  1557.2  72.7  -23.0  -2.4
62.0  -126.0  1512.8  54.6  -52.7  -19.0
99.2  -138.0  1527.2  0.2  -3.2  -49.2
80.8  -115.2  1521.2  63.3  -39.8  -23.3
68.0  -95.6  1534.4  64.8  -41.2  -6.3
70.8  -108.8  1522.0  40.6  -47.8  2.9
35.2  -118.0  1532.8  74.2  -32.0  -23.4
70.0  -98.8  1542.0  50.5  -20.0  -35.3
40.4  -94.0  1545.2  75.3  -22.7  -23.8
16.8  -86.8  1566.4  97.4  -21.0  -17.3
-41.6  -88.8  1576.0  -15.7  -18.7  -22.9
86.8  -134.4  1354.8  9.4  25.3  -131.5
97.6  -168.4  1513.2  206.5  6.2  -58.5
-62.0  -57.2  1582.4  91.0  -123.5  -46.2
-20.4  -99.2  1612.8  -10.6  -75.7  -51.7
71.2  -29.6  1518.4  -5.4  -104.5  -111.8
67.2  -16.8  1546.4  138.6  -127.6  -6.2
14.0  -58.0  1492.0  -1.3  -77.5  -2.0
23.6  -104.8  1573.6  161.1  84.4  31.9
73.6  -96.0  1610.0  87.8  -59.6  -1.7
45.2  -79.2  1527.2  95.6  -39.3  -52.2
32.4  -54.4  1495.2  47.7  -67.9  -28.0
26.0  -49.6  1527.6  46.9  -105.2  20.7
42.0  -36.8  1536.0  89.0  -142.9  41.4
25.6  -28.8  1552.8  63.8  -98.4  31.4
46.4  -36.4  1576.4  0.9  -74.0  25.1
