285.6  -377.2  1526.8  -436.5  -355.6  -267.6
240.4  -378.8  1529.2  -177.2  -268.0  -80.7
381.2  -350.8  1536.8  85.9  -103.5  115.2
314.8  -521.6  1469.2  90.9  -186.5  -91.9
271.6  -568.8  1153.2  83.3  106.0  -91.9
312.8  -441.6  1495.6  -93.2  122.7  -263.8
247.2  -451.2  1409.2  407.1  472.5  -81.7
242.0  -378.0  1463.2  -114.0  -184.1  -16.2
150.0  -421.2  1579.6  -74.0  -296.3  -54.6
208.0  -370.4  1503.2  -14.9  -245.9  176.6
301.2  -414.8  1457.2  -203.3  59.9  154.5
262.4  -485.2  1511.2  50.8  32.5  105.9
155.2  -462.4  1619.2  6.1  276.1  52.3
424.0  -517.2  1659.2  555.0  87.4  -478.9
183.6  -447.6  1346.4  149.8  -88.5  6.1
94.8  -381.6  1386.0  219.0  112.9  104.0
145.6  -365.2  1466.8  -41.7  -80.5  172.8
229.2  -324.4  1552.8  124.5  -90.8  17.6
161.6  -287.2  1595.6  250.2  -248.1  -80.3
187.6  -337.2  1544.0  66.4  -19.2  -56.8
166.4  -256.8  1347.2  91.2  -223.8  -29.2
204.4  -259.2  1558.4  -93.4  -423.2  40.5
174.8  -330.0  1487.2  -40.9  -309.0  25.2
225.2  -358.8  1618.4  37.0  -269.8  130.2
382.4  -387.2  1523.2  74.2  -82.5  57.9
268.0  -346.4  1404.4  184.7  -209.8  89.9
280.8  -260.4  1495.6  92.8  -76.6  0.2
262.0  -294.8  1455.2  117.6  -66.7  27.0
292.8  -329.2  1558.8  115.1  -29.5  -3.5
261.6  -310.8  1506.4  111.1  -55.3  -29.5
297.6  -289.2  1467.6  -3.8  -40.2  -3.0
292.4  -278.4  1576.0  96.3  -1.2  25.7
291.2  -248.0  1492.8  100.0  -109.9  27.4
271.2  -244.8  1573.2  68.7  -85.5  14.2
206.8  -236.8  1547.6  125.8  -52.6  27.2
234.0  -261.2  1495.2  68.8  -39.6  63.2
384.4  -251.6  1494.8  29.5  -58.1  154.3
964.4  -219.2  1353.6  -111.9  -187.5  -30.5
1142.4  -209.6  1444.8  -130.2  -346.0  -438.5
859.2  -304.8  1258.8  171.0  77.9  -825.4
457.2  -257.6  1447.6  553.4  -451.0  -1001.6
-415.6  -466.0  1592.8  57.5  -296.5  -736.9
-1039.2  -341.2  1954.0  33.6  171.1  -371.8
-835.6  -188.8  1954.8  270.7  -37.6  485.9
-383.6  -352.0  1380.8  168.5  576.6  568.7
172.0  -285.2  1285.2  -225.9  551.3  743.3
520.0  -222.0  1396.0  -341.8  267.8  723.7
640.0  -256.8  1530.8  -343.0  -163.8  352.4
869.2  -213.2  1704.0  -73.4  73.9  329.4
845.2  -208.0  1632.4  159.1  -454.5  -109.3
376.8  -238.4  1526.0  301.7  -582.4  -120.2
204.0  -258.0  1395.6  240.4  -338.4  -103.6
108.8  -186.4  1460.0  -68.2  -215.0  15.3
156.8  -194.0  1536.4  62.6  22.6  42.6
294.4  -170.4  1579.2  102.5  199.4  -66.8
260.4  -196.4  1516.8  -8.2  -120.0  66.3
312.4  -212.4  1589.6  69.6  -126.4  7.0
286.8  -241.6  1465.6  14.7  -66.4  8.9
279.6  -212.4  1457.2  -7.6  -78.7  -1.9
287.2  -197.2  1543.2  -5.9  -48.6  -19.8
264.8  -202.8  1486.0  88.7  -41.5  -20.6
247.2  -200.8  1472.8  81.1  12.1  -14.6
279.6  -204.0  1516.4  9.4  -74.5  10.6
254.0  -234.8  1553.6  30.7  -57.0  28.0
291.2  -226.8  1508.8  48.2  -63.9  -16.0
268.0  -215.2  1532.4  32.3  -28.6  -21.4
211.2  -211.6  1503.6  6.3  -19.8  -42.6
231.6  -250.4  1498.8  45.6  -15.6  -25.0
265.2  -200.0  1541.2  75.5  -28.3  -28.5
215.6  -209.6  1489.2  51.6  -62.2  -11.2
210.4  -186.4  1535.6  39.4  -44.0  -16.4
214.8  -240.4  1542.8  17.6  -67.4  -3.0
227.6  -199.6  1585.2  -2.0  -107.6  1.9
242.4  -207.6  1486.8  75.8  -70.4  -30.5
222.8  -207.6  1527.2  114.2  -52.0  -37.7
200.8  -191.2  1486.0  51.7  -66.3  -17.0
209.2  -182.0  1505.2  28.8  -56.9  -4.2
232.8  -188.4  1536.4  37.7  -35.8  0.7
224.4  -206.0  1524.4  39.4  -75.4  3.9
255.2  -193.6  1495.6  44.8  -64.2  1.1
252.0  -158.0  1539.6  54.9  -88.5  -1.7
208.8  -193.6  1478.4  9.0  -82.7  24.9
232.4  -190.0  1482.4  1.5  -93.9  61.8
712.0  -158.8  1685.2  47.2  694.3  108.9
1366.8  32.0  1694.8  204.2  595.9  36.7
940.8  -131.6  1488.0  290.4  -1600.8  -757.6
11.6  -442.4  1596.8  337.3  -837.5  -1136.5
-437.6  -321.6  1340.8  -28.5  221.3  -750.7
-707.2  -296.0  1472.4  146.0  189.5  -513.9
-376.4  -143.6  1875.2  217.3  138.9  -0.7
-407.2  -203.2  1603.6  286.3  446.9  257.7
-458.8  -165.2  1489.6  -67.3  109.1  362.3
56.4  -234.8  1348.8  -407.8  100.1  839.4
458.8  -183.2  1289.2  -533.8  218.7  818.1
846.8  -71.6  1572.4  -492.5  278.2  298.7
699.2  -44.4  1841.6  393.6  -46.5  -118.4
354.4  -153.6  1762.0  59.4  -289.7  -119.6
30.8  -162.4  1532.8  255.2  -210.6  -35.0
100.0  -183.6  1478.8  -91.5  -416.2  86.1
216.0  -199.2  1454.4  -66.8  -231.7  44.0
215.6  -179.2  1549.6  -73.4  -146.2  -9.8
219.6  -187.2  1570.8  -46.3  -58.5  -8.7
197.2  -193.2  1510.8  9.1  -146.2  4.8
190.4  -198.0  1563.6  124.5  -194.7  -10.6
214.4  -188.0  1548.4  30.7  -60.9  36.7
242.0  -202.8  1499.6  51.9  -163.7  15.5
261.6  -191.6  1512.8  45.6  -125.5  -20.6
220.4  -208.4  1495.6  48.9  -127.7  -7.6
222.8  -187.2  1523.2  12.9  -73.7  -10.0
234.0  -204.8  1546.4  44.3  -44.3  -6.5
250.0  -181.6  1519.2  52.9  -33.8  -11.5
234.8  -191.6  1520.8  52.6  -69.0  -3.5
243.2  -184.8  1512.4  42.3  -34.6  -28.8
219.2  -224.4  1509.6  75.3  -61.8  -5.4
222.0  -196.0  1499.2  29.6  -60.5  -14.6
212.8  -183.6  1521.2  68.5  -56.9  -13.5
220.8  -169.6  1513.6  35.3  -58.0  2.4
202.0  -180.4  1506.8  39.0  -41.0  9.3
210.8  -167.6  1502.8  29.0  -23.3  12.1
201.2  -180.0  1531.2  29.5  -5.8  8.3
180.4  -193.6  1513.6  15.0  -45.0  12.3
130.4  -174.0  1521.2  74.9  51.7  14.9
167.6  -177.2  1550.8  10.7  -71.7  79.7
202.4  -209.2  1501.2  6.7  -100.0  83.9
220.4  -197.6  1532.4  37.6  -114.8  57.3
246.4  -190.8  1465.2  19.4  -151.1  42.1
861.2  -130.0  1692.8  241.3  900.8  61.8
1266.0  -82.4  1664.4  235.1  -203.6  -5.3
915.6  -167.6  1474.4  577.8  -1536.8  -711.0
-244.8  -390.8  1253.2  341.3  -747.7  -662.2
-520.0  -154.8  1643.6  -12.9  281.6  -1075.8
-909.6  73.2  1863.2  39.3  304.3  -431.6
-488.4  -30.8  1499.6  102.9  -44.1  451.4
-118.0  -88.8  1368.8  -301.3  107.3  525.2
-67.2  -184.8  1443.6  -519.4  201.6  658.3
192.0  -304.0  1392.4  -491.0  592.4  436.7
322.8  -326.4  1567.2  -366.6  594.4  186.5
520.8  -247.6  1729.6  235.3  570.4  73.2
274.8  -191.6  1678.8  424.7  572.5  -226.2
151.2  -234.4  1516.8  57.6  -494.2  -57.8
33.6  -112.4  1541.6  -10.2  -785.1  -49.8
76.4  -161.2  1596.4  23.0  -553.4  108.3
29.2  -123.6  1534.8  9.0  -333.1  11.0
50.8  -182.4  1494.4  70.0  14.9  -64.3
94.4  -180.8  1496.8  67.8  -164.7  83.0
107.6  -171.2  1510.8  159.1  -48.9  -46.4
86.8  -194.8  1508.8  101.0  86.7  -183.4
94.8  -151.2  1485.6  2.5  -35.0  -30.1
116.0  -179.2  1544.0  7.4  -266.6  78.3
95.6  -157.2  1539.6  2.0  -208.3  48.1
144.0  -128.8  1552.8  8.8  -229.5  34.6
123.2  -153.6  1525.2  33.1  -113.0  7.0
160.0  -158.8  1513.6  31.2  -82.0  3.1
118.4  -185.6  1487.6  3.9  -102.9  39.6
147.2  -167.6  1538.4  26.2  -83.5  31.8
150.4  -180.0  1498.8  -23.4  -105.0  51.5
172.0  -176.4  1523.6  33.8  -86.1  32.4
158.4  -165.6  1566.0  17.4  -49.5  29.5
143.2  -169.2  1511.2  -23.0  -117.3  60.2
162.0  -226.8  1498.0  25.3  -67.5  50.6
186.4  -199.2  1536.8  -10.1  -110.1  59.8
169.2  -198.8  1513.6  49.4  -61.2  -19.0
157.6  -196.8  1557.6  31.9  -92.1  -25.1
152.0  -194.0  1548.0  25.6  -57.8  -24.1
158.0  -201.6  1507.6  26.6  -88.8  21.3
164.4  -190.8  1487.2  22.9  -72.9  23.3
148.0  -200.4  1515.6  20.5  -47.0  9.3
174.8  -221.6  1550.0  14.1  -67.0  22.7
128.4  -202.8  1550.8  49.5  -77.5  8.5
160.0  -197.2  1514.0  49.0  -68.2  16.8
154.0  -209.6  1505.6  39.0  -97.1  17.3
164.4  -228.4  1524.4  44.1  -61.3  11.1
176.4  -196.0  1513.2  17.7  -100.3  2.6
156.8  -222.0  1527.2  50.2  -78.4  0.5
143.2  -204.8  1535.6  20.9  -85.5  19.7
160.4  -195.6  1528.4  27.8  -60.6  7.1
172.0  -204.8  1520.8  30.7  -105.7  57.9
133.6  -183.2  1549.6  72.6  -76.6  156.4
184.4  -214.4  1514.0  41.5  -78.6  325.1
520.0  -135.6  1466.8  189.2  300.1  290.1
1068.4  -138.8  1734.8  215.9  647.6  221.0
1094.0  -143.6  1629.2  411.1  -753.3  -597.2
112.4  -326.0  1465.6  352.2  -1966.9  -704.8
-351.6  -287.6  1590.0  462.2  -701.0  -1297.6
-894.4  -175.6  1761.6  208.3  192.7  -628.7
-706.4  104.8  1776.0  142.0  160.6  -44.0
-432.0  12.8  1536.8  39.0  302.4  558.0
-151.6  -76.4  1401.2  -455.1  278.0  728.6
302.8  -142.4  1451.6  -674.4  269.6  700.9
552.8  -138.0  1497.6  -431.0  252.4  640.7
718.0  -187.2  1581.6  -161.0  143.9  134.6
724.8  -100.4  1640.4  -44.7  -43.3  37.7
490.0  -210.0  1550.4  72.6  -281.9  -80.0
241.2  -238.0  1621.2  -12.6  -500.0  -42.4
179.6  -262.8  1530.4  58.8  -302.4  -63.3
146.0  -210.0  1508.4  -0.4  -167.6  0.5
203.6  -190.8  1488.4  55.2  -43.0  -4.2
250.8  -196.4  1506.8  23.1  -29.7  19.0
286.4  -239.6  1490.8  40.0  -112.1  11.7
303.6  -228.8  1549.6  33.9  -37.8  -10.0
270.8  -213.6  1509.2  58.7  -91.6  -9.6
237.2  -192.0  1517.6  24.9  -64.6  -17.3
267.2  -197.6  1522.8  59.5  -20.6  -28.0
267.2  -201.2  1494.8  69.0  2.0  -53.2
243.6  -181.2  1560.0  19.6  -112.5  19.6
240.0  -185.2  1513.2  29.0  -61.8  17.3
249.6  -191.6  1510.4  9.0  -62.8  6.2
281.6  -213.2  1533.2  16.2  -27.9  -12.9
270.0  -181.2  1496.0  19.0  -54.8  0.7
235.2  -217.2  1494.0  49.4  -68.7  -7.1
229.2  -202.4  1522.0  26.1  -41.4  1.6
229.2  -185.6  1582.4  48.7  -47.2  3.0
231.2  -182.8  1533.2  69.4  -67.8  6.0
224.4  -212.0  1482.8  12.1  -120.3  -7.9
256.0  -211.2  1510.0  27.1  -64.4  -16.4
244.0  -194.0  1522.0  14.6  -72.0  -2.1
230.4  -190.0  1523.6  62.7  -67.4  -10.6
230.0  -220.4  1495.2  37.0  -56.1  -19.8
240.8  -194.8  1553.2  19.9  -107.3  -12.6
266.4  -202.0  1534.8  44.1  -73.8  -3.2
236.8  -190.0  1518.8  56.8  -90.0  -0.5
233.6  -176.0  1522.4  43.3  -58.2  -17.5
242.8  -212.0  1463.2  48.2  -70.9  -35.2
246.0  -187.6  1521.2  62.1  -76.0  -38.0
254.8  -203.6  1488.8  29.8  -36.3  -16.6
229.2  -163.2  1537.6  30.5  -58.3  -14.4
217.6  -194.4  1552.8  36.8  -109.5  -8.2
179.6  -201.6  1539.2  42.9  -110.2  1.1
1052.4  -259.6  1691.6  607.5  1313.1  -320.5
1422.4  -338.0  1545.2  521.2  366.5  -1104.5
978.8  -184.8  1638.0  253.3  -1310.2  -1653.8
24.0  -168.8  1864.8  364.5  -1541.2  -1644.8
-428.4  -249.2  1558.8  811.6  309.1  -1958.0
-876.4  -5.2  1573.2  771.6  1470.3  -1482.1
-1172.4  32.4  1201.6  28.2  185.0  -460.4
-852.0  83.2  1347.6  -150.4  -552.0  1043.3
-311.2  -48.4  1314.8  -557.2  118.7  1987.7
80.0  -74.8  1288.0  -1048.5  -91.3  2285.3
686.0  -173.6  1523.6  -798.7  63.8  1376.1
753.6  -179.6  1884.0  -604.4  -16.2  875.3
1002.0  -185.6  1816.4  39.4  124.0  327.2
543.6  -291.2  1574.8  12.7  -449.2  209.9
383.2  -226.0  1567.2  133.9  -280.3  -6.5
238.0  -228.4  1460.8  78.1  -220.5  43.5
185.6  -182.0  1459.2  -34.3  -237.1  63.1
229.6  -161.2  1506.0  36.6  -55.4  32.8
204.8  -183.6  1488.8  51.4  -72.4  68.9
201.2  -185.6  1499.2  55.3  -62.0  87.0
230.4  -188.0  1534.4  60.0  -50.1  81.3
234.4  -182.4  1513.2  70.8  -88.4  27.4
220.4  -203.2  1470.8  16.4  -103.1  74.9
234.8  -192.0  1540.8  46.1  -44.0  17.0
243.2  -196.8  1532.4  72.0  -45.9  -8.0
222.8  -164.4  1532.0  41.0  -51.8  16.3
212.8  -166.4  1517.6  67.5  -37.1  -8.6
222.8  -163.2  1544.0  52.3  -119.2  63.4
229.6  -175.2  1513.2  41.6  -81.6  35.7
234.0  -177.6  1532.0  35.5  -101.8  28.1
241.6  -174.0  1523.2  33.9  -53.5  24.5
245.2  -183.6  1505.2  40.7  -46.1  -18.1
234.8  -182.8  1545.6  13.5  -83.7  -11.7
239.2  -177.2  1517.2  46.7  -62.6  -19.6
212.8  -171.6  1507.6  39.5  -60.2  -3.4
215.6  -176.0  1515.6  -7.9  -59.4  -6.8
206.0  -187.6  1540.0  15.5  -67.0  -6.8
209.2  -190.8  1524.8  37.0  -61.0  -11.3
201.2  -171.6  1524.4  30.6  -81.9  16.1
207.2  -159.2  1529.2  59.4  -9.3  -3.9
260.0  -150.4  1592.8  132.8  21.0  18.6
517.2  -146.0  1617.2  213.4  274.5  -191.8
1205.2  -296.0  1756.4  627.4  557.2  -741.6
1082.8  -314.8  1644.8  820.5  -58.8  -1428.8
550.4  -344.0  1220.8  262.6  -1222.5  -1589.1
-259.6  -152.4  1457.2  217.6  47.8  -2084.7
-1060.4  -52.0  1420.8  733.1  551.0  -1714.5
-1127.6  265.6  1559.2  153.4  337.4  -625.0
-1059.6  80.4  1259.6  149.8  -77.5  401.6
-574.8  -4.4  1204.8  -629.9  -206.1  1421.2
-10.4  -134.0  1432.4  -927.3  -32.9  1797.1
274.4  -67.6  1434.4  -1122.2  -312.0  1607.2
439.6  -302.0  1666.0  -758.5  -474.8  1093.4
697.6  -296.8  1796.0  -115.8  -20.8  567.9
655.2  -345.6  1510.8  176.4  135.7  248.9
529.2  -254.4  1580.0  -13.7  -272.3  49.0
280.4  -269.6  1453.6  46.4  -364.6  11.8
186.0  -181.6  1582.8  49.4  -208.9  -16.7
89.6  -200.4  1505.6  59.0  -67.7  -2.0
144.4  -189.6  1507.6  104.0  -136.7  23.9
214.8  -220.0  1542.0  49.1  -183.7  71.9
239.6  -222.8  1503.6  111.1  -104.8  38.5
230.0  -216.0  1519.6  63.5  -98.2  42.7
232.8  -215.6  1483.2  88.5  -70.5  -24.4
204.8  -194.8  1522.8  46.8  -57.9  -20.8
230.0  -203.6  1518.4  52.6  -77.2  -14.3
209.6  -190.4  1555.6  94.6  -77.0  -9.6
232.8  -186.0  1540.8  47.6  -44.1  -39.1
206.8  -176.4  1536.4  87.0  -71.0  -40.3
191.2  -166.4  1513.6  33.2  -97.2  15.1
193.6  -159.6  1524.8  26.8  -73.8  18.4
221.2  -185.2  1510.4  29.2  -80.0  10.3
209.2  -310.4  1587.2  74.0  -54.7  22.5
203.2  -145.2  1511.6  -1.9  -45.2  -2.6
210.4  -150.4  1546.8  67.6  -18.8  -14.8
198.4  -173.6  1542.0  80.1  -43.4  -8.5
196.0  -154.8  1525.6  36.3  -50.7  -12.7
189.6  -172.4  1489.2  -10.9  -79.1  20.5
193.6  -159.2  1559.2  -9.7  -85.9  32.6
198.8  -184.4  1546.0  0.9  -97.6  36.5
216.8  -193.2  1525.2  2.9  -138.6  43.6
386.4  -171.6  1527.2  135.2  115.9  25.2
1314.0  -241.6  1800.8  666.7  1639.8  -373.4
1529.2  -503.2  1491.6  739.7  771.9  -1654.2
465.2  -453.2  1517.6  -191.7  -2267.1  -1918.4
-711.2  -364.0  1787.6  249.5  -1093.6  -2087.0
-1026.8  -222.8  1260.0  195.4  443.1  -1598.7
-1074.0  86.4  1678.8  138.1  279.4  -237.8
-752.4  3.6  1624.0  57.1  -143.0  781.0
-628.8  -195.6  1583.6  -107.6  -340.1  1356.0
-156.0  -196.0  1518.4  -44.4  45.9  1675.0
361.2  -261.2  1308.0  -431.5  174.8  1591.5
795.2  -271.6  1384.0  -306.3  94.9  1008.6
975.6  -476.0  1719.6  -493.5  -302.5  761.4
778.8  -308.4  1592.4  -9.7  -426.5  172.9
436.4  -219.2  1672.4  185.7  -310.9  -107.7
237.6  -222.8  1492.0  154.9  -222.5  -172.8
112.8  -202.8  1446.4  59.2  -263.2  -54.4
257.2  -180.8  1468.8  264.2  -69.2  29.6
296.0  -120.4  1574.8  35.2  172.3  -93.6
261.6  -177.2  1531.2  121.6  -7.9  -99.9
199.6  -194.4  1472.8  62.7  -141.8  -8.1
231.6  -163.6  1470.0  95.4  -167.0  -31.6
242.4  -134.8  1488.8  3.2  -58.7  -9.7
261.6  -154.4  1548.8  -27.4  -131.4  16.8
242.0  -183.2  1490.8  -2.0  -142.4  23.0
302.4  -186.4  1468.4  -55.2  -152.4  56.1
286.0  -176.4  1573.6  -74.6  -251.7  85.4
275.2  -183.2  1496.8  88.1  -31.3  10.7
292.8  -166.4  1533.2  40.7  -32.9  6.9
299.6  -191.2  1488.8  69.7  21.5  -7.3
302.8  -175.6  1514.8  63.3  -43.4  17.9
262.8  -176.8  1500.0  59.9  -37.9  15.5
267.2  -166.4  1508.0  92.0  -52.7  -11.3
252.0  -169.2  1532.8  34.1  -44.4  14.1
262.0  -146.0  1483.6  66.5  -28.7  -1.1
242.0  -159.6  1518.8  69.2  50.1  42.5
251.2  -179.2  1544.0  78.7  -52.4  -16.6
234.8  -164.4  1553.2  24.6  -44.4  -1.3
245.6  -168.8  1552.4  24.0  -30.3  10.8
226.0  -168.4  1521.6  75.0  -10.2  44.9
298.4  -160.4  1550.4  20.8  43.5  158.7
1200.0  -180.4  1682.8  484.6  1060.5  -317.9
1491.2  -276.0  1810.4  814.9  323.5  -1065.1
697.2  -445.2  1113.2  808.5  -1246.2  -2149.3
-708.8  -279.2  1406.4  -206.8  -1124.3  -1942.4
-1107.2  -148.0  1664.8  -131.0  471.3  -1657.8
-1254.0  181.2  1857.6  164.8  -51.1  -168.9
-768.8  -13.6  1482.0  83.2  226.4  774.5
-573.6  -11.6  1429.6  -138.7  -90.5  1424.6
38.4  -160.0  1485.2  -494.7  -365.9  1589.2
381.6  -248.8  1352.4  -475.3  -375.2  1520.6
767.6  -245.2  1374.4  -189.2  181.8  881.5
673.6  -324.8  1385.6  -703.6  -128.1  560.9
708.8  -221.2  1812.4  -69.0  59.1  228.5
608.0  -225.2  1656.4  153.9  5.6  -101.0
370.0  -170.8  1626.0  116.7  -178.2  -57.9
180.0  -221.6  1371.6  133.1  -237.8  -7.4
176.4  -174.8  1440.8  66.9  -208.3  83.8
187.6  -153.6  1555.6  -6.5  -98.3  29.9
226.8  -163.6  1545.2  97.5  9.1  0.2
231.2  -186.4  1553.6  101.9  -71.8  26.8
265.6  -180.4  1531.6  33.6  -134.4  38.5
282.4  -176.4  1538.0  46.2  -124.9  13.7
253.6  -143.2  1520.4  38.0  -57.1  -15.1
220.8  -155.2  1472.0  29.2  11.0  -12.6
242.4  -142.8  1478.8  -9.9  -31.1  -6.5
276.0  -146.0  1536.4  24.0  -87.3  -10.5
232.0  -135.6  1500.0  59.5  -32.2  -29.5
204.4  -166.8  1520.8  91.3  -87.3  12.4
224.4  -151.6  1530.8  47.0  -124.1  25.6
227.6  -158.8  1477.6  -4.4  -68.6  -6.5
259.2  -172.0  1482.8  20.4  -94.0  51.0
205.6  -162.8  1512.0  25.4  -65.2  11.2
240.8  -162.8  1565.2  96.5  -68.5  23.4
247.6  -154.4  1522.0  88.3  -34.5  7.1
253.6  -170.4  1507.6  -2.7  -36.5  41.8
208.8  -168.8  1495.2  -44.4  -38.1  38.2
200.0  -175.2  1550.0  -25.0  -68.4  60.0
221.2  -172.0  1567.2  67.6  62.2  119.8
392.4  -164.0  1558.4  201.0  318.2  204.2
1145.2  -286.4  1409.6  537.3  1223.3  -531.1
1303.6  -240.4  1600.4  332.7  -615.5  -1398.3
485.6  -243.2  1731.6  -4.2  -1616.5  -1695.3
12.4  -433.6  1414.4  400.1  -473.9  -2079.9
-717.6  -552.4  1338.0  -8.5  -23.2  -2046.5
-1392.0  -78.8  1960.8  -372.1  490.3  -1013.5
-1080.4  16.4  1695.6  631.0  178.3  474.5
-608.0  -254.8  1342.8  51.7  -413.3  1484.7
-116.4  -274.4  1453.6  -310.3  -353.8  1978.3
534.8  -174.4  1311.2  -552.0  -251.2  1785.7
722.0  -214.0  1496.8  -184.7  434.0  1189.6
800.0  -251.6  1403.2  -296.3  216.4  648.5
647.6  -89.2  1714.8  -46.9  -194.0  302.1
545.6  -163.2  1604.8  114.4  -206.8  51.7
442.0  -104.4  1588.0  177.3  -356.5  -8.4
316.0  -170.4  1477.6  7.3  -189.3  -1.7
197.6  -173.2  1456.8  88.6  -58.2  -58.2
185.6  -117.2  1586.4  68.5  -115.9  -26.8
180.8  -138.4  1538.0  -36.9  -73.6  32.5
276.0  -159.6  1528.4  37.3  -15.7  -35.5
241.6  -161.2  1548.4  71.6  -79.7  -3.2
244.0  -146.8  1540.0  82.0  -134.9  25.2
243.6  -145.6  1496.0  62.3  -148.1  26.1
262.0  -143.6  1473.6  -9.9  -71.4  18.1
264.0  -119.6  1533.2  16.6  -50.5  -10.6
233.6  -141.6  1554.4  36.2  -83.9  -6.2
258.4  -117.6  1542.8  45.3  -83.4  22.9
262.8  -148.0  1481.2  35.4  -178.4  39.1
263.2  -157.2  1517.2  7.5  -89.2  41.2
298.0  -144.0  1534.4  23.5  -69.4  5.5
272.8  -151.2  1496.4  9.2  -24.7  -11.4
258.4  -144.8  1515.6  33.5  -42.3  -0.6
254.4  -138.0  1524.4  28.6  -38.7  9.3
262.0  -130.4  1535.2  67.5  -32.2  27.2
275.2  -150.4  1517.6  30.6  -63.2  19.3
240.8  -135.6  1557.2  42.7  -81.7  20.0
215.2  -135.6  1440.4  65.3  -97.6  46.4
233.6  -154.8  1364.0  -78.6  -47.9  225.1
1158.8  -209.6  1462.4  -169.9  -393.3  155.7
2078.0  -300.4  1583.6  335.6  117.9  -1145.4
869.2  -561.2  1480.0  312.9  -881.5  -2178.2
-230.8  -485.2  1552.4  266.5  -328.6  -2767.7
-1035.2  -358.0  1768.8  82.7  222.4  -2245.6
-1161.2  144.4  1886.0  606.1  1606.5  -832.6
-852.4  -13.2  1612.0  244.5  628.0  729.8
-598.4  -120.0  1265.6  -154.7  -533.2  1709.9
-49.6  -136.0  1504.0  -607.4  -352.6  1883.6
429.2  -166.8  1392.4  -842.8  -199.4  1751.9
872.8  -112.8  1821.2  -110.9  313.5  985.6
704.4  -156.8  1487.6  -53.3  -13.8  508.9
862.4  -59.6  1750.4  -135.4  -377.4  357.0
541.2  -151.2  1509.6  40.0  -398.4  81.1
367.6  -118.8  1507.2  70.3  -244.4  -33.6
255.6  -121.6  1520.4  35.3  -234.8  1.3
212.0  -105.2  1506.0  21.4  -77.5  15.7
231.2  -100.4  1527.6  51.0  -44.3  26.6
284.4  -152.8  1488.8  23.5  -59.0  17.4
292.4  -149.6  1499.2  2.8  -46.3  16.9
278.8  -158.0  1553.6  49.7  -18.6  22.9
311.2  -146.4  1522.8  61.8  -41.3  -11.3
291.6  -150.4  1491.2  3.7  -95.3  -3.5
259.2  -128.8  1525.2  13.7  -53.6  -5.8
264.8  -122.0  1513.2  38.9  -60.3  -7.0
206.4  -153.6  1531.6  50.7  -48.4  14.2
205.2  -138.4  1487.2  92.1  41.6  21.7
267.2  -112.4  1519.2  88.0  40.3  9.8
233.6  -110.0  1525.2  6.0  -83.1  31.8
246.8  -118.0  1536.0  14.6  -136.6  33.3
212.0  -120.8  1542.0  -5.3  -125.5  27.8
240.0  -153.2  1467.6  48.2  -61.0  -2.0
235.6  -150.0  1526.8  18.5  -18.8  11.9
241.2  -166.0  1540.4  18.5  -1.9  22.4
268.0  -146.0  1573.6  24.1  -30.2  9.0
230.4  -143.6  1566.8  19.3  -90.4  28.2
290.4  -138.0  1612.8  -79.3  -182.0  102.5
886.0  -104.8  1898.0  357.7  668.1  107.7
1500.4  -262.4  1455.2  937.5  739.3  -762.5
863.6  -432.4  1116.0  308.7  -634.3  -1799.8
-27.2  -250.0  1544.0  262.6  -1511.9  -1702.6
-834.0  -357.6  1493.2  -173.0  -234.4  -1906.5
-1049.2  -14.8  1684.8  86.0  636.3  -1246.3
-1069.6  72.8  1668.8  403.1  353.5  66.5
-784.8  -17.6  1318.4  77.5  -131.4  1191.9
-271.6  -87.6  1433.2  -483.2  -549.2  1811.6
349.6  -165.2  1444.4  -549.3  -343.8  1703.0
611.2  -308.8  1396.0  -419.2  -110.7  1327.2
726.4  -179.2  1587.6  -162.3  269.1  645.3
752.8  -203.6  1767.6  -171.2  121.9  297.0
710.0  -181.2  1686.4  243.6  -9.4  10.5
586.8  -141.2  1564.0  72.8  -331.9  -97.0
281.6  -170.4  1622.0  149.8  -99.5  -144.8
146.8  -153.6  1472.0  113.9  -87.5  -69.7
159.2  -123.2  1408.4  52.1  -58.8  -8.8
207.2  -84.0  1532.0  82.8  -46.6  5.0
252.4  -106.8  1485.6  -5.4  -41.4  0.2
284.4  -108.8  1562.0  11.9  -99.4  15.6
242.8  -104.8  1552.4  33.1  -73.1  -0.7
244.8  -145.2  1555.6  36.0  -100.2  12.3
254.0  -126.4  1505.6  -7.7  -165.5  32.8
257.6  -108.4  1506.4  -2.5  -112.0  20.4
266.0  -123.6  1510.8  32.7  -61.4  -3.8
252.0  -127.6  1510.0  24.1  -102.0  23.6
266.4  -132.4  1534.4  7.3  -102.0  45.3
271.2  -150.0  1496.0  5.7  -63.3  29.8
297.6  -140.4  1512.0  45.1  -54.4  8.6
275.6  -137.6  1526.0  8.7  -64.8  -0.7
246.8  -126.0  1544.0  48.4  -86.7  4.8
207.6  -136.4  1526.8  46.0  -71.8  17.0
238.4  -121.2  1494.4  62.3  -38.3  37.1
242.0  -114.0  1521.2  44.5  -71.6  67.9
223.6  -166.8  1490.8  48.5  -97.1  126.3
227.2  -130.0  1555.6  -22.9  -172.7  192.5
865.2  -174.4  1684.4  256.6  452.6  190.8
1534.4  -181.6  1652.8  926.1  1587.0  -401.8
1380.4  -358.4  1383.2  909.3  -201.3  -2018.1
245.2  -240.0  1765.6  8.8  -2728.6  -1948.1
-665.2  -508.4  1464.4  -26.4  -535.4  -2510.8
-1487.2  -124.0  1994.8  -258.1  1149.9  -1836.0
-1433.6  200.8  2000.4  671.4  359.7  60.9
-1003.2  -227.6  1124.0  281.9  -21.0  1579.7
-276.0  -213.6  1308.4  -467.5  -300.6  2234.5
445.2  -110.0  1476.8  -941.5  -2.5  1843.1
710.4  39.2  1048.0  -832.4  -423.8  1353.0
705.6  -169.2  1518.0  22.3  139.3  360.0
812.0  -166.0  1616.4  -159.9  -308.7  320.8
552.8  -157.2  1536.0  37.5  -302.6  111.7
516.0  -134.0  1546.0  34.6  40.9  -107.4
304.0  -192.4  1462.0  4.6  -351.7  -101.2
159.2  -174.4  1515.6  99.0  -278.3  -40.0
239.6  -147.6  1549.2  116.3  55.9  -72.9
250.4  -153.2  1473.2  76.7  -61.6  24.6
262.4  -134.8  1542.4  60.0  -30.5  45.9
318.0  -124.8  1506.0  69.2  -25.6  3.3
312.4  -119.2  1553.2  32.5  -141.3  42.1
265.2  -149.2  1467.2  34.6  -99.4  -24.8
277.6  -121.6  1514.8  -19.0  -85.1  43.6
297.2  -108.8  1567.2  -40.0  -75.4  30.5
303.2  -134.4  1535.2  27.9  -23.7  16.2
258.4  -160.8  1478.8  61.0  -5.9  50.5
280.0  -133.2  1558.8  60.0  -33.9  4.9
284.8  -160.0  1487.6  20.2  -117.4  41.2
293.2  -136.8  1527.2  45.8  -33.3  11.8
258.8  -146.4  1509.6  50.2  -40.8  10.4
268.8  -135.6  1547.6  51.9  21.2  -30.4
244.8  -133.6  1520.8  4.8  -65.0  36.6
274.8  -139.6  1496.0  13.2  -100.1  33.7
261.2  -169.6  1459.2  -87.3  -174.7  83.7
220.4  -210.0  1504.8  -265.7  -115.1  233.8
1138.8  -223.6  1990.0  509.6  2009.4  313.1
1421.6  -359.6  1516.0  919.6  1150.5  -1085.3
572.0  -335.6  1534.8  676.7  -1998.8  -2085.4
-276.8  -574.4  1700.8  1254.3  -1188.7  -2507.7
-1124.0  -118.8  1672.4  601.8  -239.9  -2140.5
-1328.8  215.2  1684.4  412.6  648.9  -604.1
-972.4  135.2  1236.8  257.1  190.9  1042.0
-658.4  34.4  1224.4  -747.7  229.6  2121.9
167.6  -33.2  1464.8  -1296.6  251.2  2056.2
414.4  -294.0  860.8  -1155.0  -336.3  1623.4
699.6  -244.0  1719.6  -334.6  180.4  467.4
734.0  -392.0  1829.6  -202.5  -54.6  253.7
538.4  -175.2  1687.6  197.8  176.9  -69.3
186.8  -170.4  1456.0  -238.2  -616.8  400.1
315.6  -129.6  1602.4  18.1  -14.9  -91.7
206.8  -218.0  1394.0  221.2  -95.0  -106.0
196.4  -152.8  1561.2  22.3  -181.2  -82.4
154.0  -181.2  1513.2  92.4  -179.7  -89.6
107.6  -132.4  1521.2  64.1  -172.9  -32.5
127.2  -137.2  1522.0  42.5  -44.9  -23.5
159.6  -142.4  1541.6  61.5  -0.1  -6.6
194.8  -151.6  1542.0  64.2  -77.5  50.3
187.2  -162.8  1492.4  72.3  -149.3  39.1
203.2  -134.4  1520.0  66.4  -224.4  85.8
194.8  -139.6  1509.6  35.7  -226.3  65.4
191.2  -142.8  1486.0  90.6  -39.6  44.7
210.4  -112.8  1555.2  35.0  -58.8  64.7
236.8  -114.4  1526.4  87.7  -64.9  42.4
224.8  -114.8  1518.8  104.5  -88.0  63.4
251.6  -136.8  1523.6  150.2  -102.2  38.5
260.8  -104.0  1509.2  134.3  -43.0  11.6
262.0  -89.6  1452.8  78.7  -67.4  7.9
270.8  -123.2  1506.8  -108.7  131.7  169.9
908.4  -168.8  1670.8  261.0  1505.3  61.0
1836.0  -261.2  2052.0  932.4  1414.0  -1465.0
626.4  -345.2  2017.6  854.2  -2456.0  -2168.3
-744.8  -427.6  1708.8  1015.7  -1569.7  -2578.4
-1506.0  -36.0  1329.6  518.5  219.1  -2128.5
-1464.0  455.2  1470.0  317.9  602.5  -275.8
-1041.2  72.0  1230.4  -262.7  -106.4  1507.8
-428.0  -138.0  1469.6  -623.5  -106.5  2209.9
233.2  -108.8  1466.8  -1020.5  270.6  1911.4
514.8  -391.2  1671.2  -917.5  -339.1  1554.8
789.6  -238.8  1674.0  -339.2  508.8  644.0
847.6  -142.0  1849.2  -141.9  -73.0  129.0
490.0  -178.0  1565.2  32.1  -444.3  25.3
328.0  -65.6  1660.4  107.0  -48.8  -106.5
227.2  -167.6  1425.2  174.1  -110.9  -128.3
148.8  -82.4  1572.8  26.1  -178.6  -10.5
61.6  -125.6  1456.8  -10.0  -197.2  -31.4
119.2  -101.2  1535.2  72.0  -33.9  -24.5
166.8  -98.8  1573.6  79.5  -91.6  6.9
158.4  -111.2  1489.2  39.9  -124.0  23.5
197.2  -98.0  1518.4  -23.6  -88.8  21.2
183.2  -114.0  1535.2  -62.0  -120.7  32.1
168.8  -81.2  1555.6  -62.4  -105.9  50.6
175.6  -144.8  1519.6  -46.8  -123.8  82.6
177.2  -106.8  1569.6  36.3  -75.0  13.6
177.6  -134.8  1552.4  17.6  -61.3  8.6
166.8  -104.0  1555.6  68.3  -37.6  5.9
165.6  -141.6  1477.6  -4.1  -89.9  53.5
188.8  -172.0  1500.0  -61.9  -82.0  104.3
192.4  -166.4  1520.4  -183.4  -128.0  225.9
158.4  -219.2  1560.4  -108.9  -94.8  125.4
351.2  -203.6  1556.0  -74.4  183.7  140.6
1367.2  -337.6  1563.6  421.6  1340.0  -312.8
1481.2  -187.6  1677.6  689.9  -281.2  -1400.7
577.6  -418.4  1439.6  1040.6  -1624.0  -2367.0
-445.6  -444.0  1313.2  736.2  -1041.8  -2513.9
-1248.0  -76.4  1905.2  -188.5  1049.0  -1789.1
-1293.2  226.0  2047.2  471.1  631.4  74.7
-946.0  -68.8  1348.0  207.3  -214.1  1166.8
-510.4  0.4  1483.6  -377.5  -293.5  1847.7
323.6  -222.4  1472.0  -1082.9  -324.3  1838.3
555.2  -294.0  1152.8  -803.6  -187.1  1510.6
892.4  -186.0  1454.4  -124.8  -83.0  471.3
807.6  -335.6  1551.2  -364.0  -243.3  356.9
610.0  -163.6  1644.8  111.3  -199.8  -40.8
370.4  -146.4  1659.6  49.2  -186.8  0.3
294.0  -123.6  1513.2  157.4  -140.6  -49.5
212.0  -147.6  1453.6  75.7  -158.4  -24.7
238.8  -137.6  1491.2  79.5  -136.1  56.7
295.2  -164.0  1460.4  -14.1  -106.6  25.5
280.8  -204.4  1484.0  27.3  -20.9  -24.5
283.2  -176.8  1510.4  0.4  -18.3  17.7
265.2  -214.8  1547.2  41.2  7.0  3.7
286.4  -159.2  1521.6  77.2  96.1  -39.8
248.8  -141.2  1576.8  36.4  -11.4  -11.2
238.8  -158.0  1504.8  -2.8  -128.3  7.8
273.2  -160.4  1485.2  33.5  -111.2  31.9
254.0  -168.0  1535.2  12.6  -86.6  40.4
226.0  -196.8  1513.2  -3.5  -101.5  39.1
238.0  -152.0  1512.0  12.5  -66.8  32.9
257.2  -160.0  1501.6  32.1  -5.3  19.8
237.6  -163.6  1496.8  10.9  -34.9  71.7
387.6  -146.8  1572.0  -6.0  241.6  127.7
829.6  -201.2  1428.8  281.3  736.6  -293.3
1361.6  -192.4  1750.8  292.4  849.1  -867.8
1363.2  -209.6  1747.6  617.9  -613.1  -1698.7
6.0  -580.8  1453.6  616.0  -2015.2  -1944.1
-1260.8  -591.6  1739.6  482.5  332.3  -2313.5
-1613.6  152.8  1929.6  520.9  934.7  -1097.6
-1278.0  4.4  1227.6  515.2  147.3  763.9
-664.0  -78.4  1347.2  -458.1  -299.8  1768.2
-57.6  -86.0  1500.4  -791.9  -351.5  2036.5
595.2  -274.8  1568.8  -731.2  410.5  1418.2
999.6  -320.8  1946.4  -558.7  -187.0  1252.4
674.4  -314.8  1459.2  -179.5  -120.3  453.2
552.8  -145.6  1647.6  -32.3  -288.5  140.9
358.4  -234.0  1610.8  120.1  -107.5  -7.3
325.6  -174.8  1491.2  48.2  -101.4  -52.4
156.8  -152.0  1510.0  20.7  -212.6  -21.7
114.0  -149.2  1523.6  49.8  -131.5  10.5
120.0  -175.2  1496.0  23.8  -74.1  38.5
158.8  -158.0  1499.2  -24.5  -97.4  63.0
188.8  -204.8  1530.4  -28.9  -80.3  48.5
175.6  -178.4  1531.2  -27.6  -153.0  69.7
223.6  -196.0  1512.8  -24.9  -86.4  41.2
316.0  -187.6  1494.4  -69.8  -126.5  9.1
204.0  -190.8  1531.2  -5.8  -12.7  -20.5
186.8  -183.2  1548.0  22.1  -61.9  10.5
182.8  -220.0  1493.6  51.7  -64.1  13.5
164.8  -208.8  1504.8  43.6  -69.2  22.7
192.0  -198.4  1534.4  40.1  -58.1  42.4
200.4  -213.2  1527.2  -0.6  -59.2  8.2
186.0  -225.6  1555.2  14.8  -30.5  6.0
162.0  -222.0  1507.6  51.9  -82.8  22.8
159.6  -206.0  1534.0  27.8  -57.2  20.3
170.4  -216.4  1520.0  13.1  -53.4  17.9
170.4  -226.0  1529.6  34.5  -68.3  13.7
192.4  -229.6  1518.8  35.5  -41.2  -13.8
168.4  -226.0  1480.8  45.8  -10.1  -10.6
214.8  -222.8  1572.8  -59.2  157.1  45.4
903.6  -244.4  1650.0  463.7  1340.1  -262.8
1722.4  -269.6  1894.8  927.2  904.1  -1282.7
620.8  -434.8  1703.2  428.4  -2630.4  -1719.0
-299.2  -670.0  1509.6  254.1  -1380.8  -2205.8
-1296.4  -370.0  1460.8  174.8  329.1  -1903.1
-1353.2  114.4  1649.6  334.2  739.6  -547.1
-918.4  -106.8  1268.4  240.4  213.0  796.3
-306.8  -105.2  1557.6  -306.0  -396.1  1429.1
-120.8  -145.6  1430.8  -389.1  -77.2  1566.4
304.0  -250.8  1448.0  -648.2  138.1  1417.8
684.0  -263.6  1591.6  -562.2  211.7  1128.5
740.8  -257.6  1729.6  -293.1  320.6  576.9
715.6  -165.2  1844.8  -71.6  27.2  203.6
465.6  -186.0  1582.0  212.4  -239.9  -16.8
265.6  -198.4  1525.2  53.8  -569.4  91.8
156.4  -218.4  1476.8  -12.0  -340.0  31.7
137.2  -183.2  1486.0  22.2  -108.6  62.6
150.0  -229.2  1486.4  -19.9  -184.8  68.1
158.4  -206.8  1521.2  -47.7  -89.0  54.6
227.6  -209.6  1531.2  12.1  -129.8  58.9
206.4  -227.6  1557.6  -16.8  -111.9  60.8
226.0  -251.2  1530.4  18.9  -76.4  28.1
221.2  -240.8  1516.8  34.3  -95.2  15.8
196.8  -261.6  1493.6  51.4  -77.6  12.1
210.8  -220.0  1517.6  57.3  -75.0  -6.8
214.4  -218.0  1534.8  58.6  -75.3  -10.2
217.6  -221.2  1504.8  76.3  -80.9  -1.8
214.0  -229.6  1520.0  54.8  -71.2  -2.8
182.0  -229.2  1529.6  42.3  -65.7  3.1
214.4  -213.6  1525.6  38.3  -55.5  -3.0
206.4  -216.4  1521.6  59.2  -61.4  1.5
220.4  -213.6  1548.0  26.6  -52.1  -1.1
180.4  -210.4  1525.6  50.5  -58.1  -7.0
200.4  -205.6  1506.0  25.7  -61.9  -0.5
201.6  -205.6  1559.2  48.1  -52.2  -5.9
226.8  -220.8  1522.8  60.1  -97.0  10.0
218.0  -213.6  1503.6  56.3  -58.8  -19.8
199.2  -230.4  1508.0  24.3  -61.2  -17.6
196.0  -212.4  1508.4  10.5  -57.7  -10.9
196.0  -201.2  1549.2  55.0  -49.7  24.7
186.0  -208.8  1512.4  35.8  -41.2  2.1
192.4  -208.4  1529.2  45.2  -67.0  6.5
197.6  -218.0  1524.8  65.9  -58.0  25.2
172.0  -210.4  1518.4  34.7  -68.7  7.5
134.0  -209.6  1483.2  3.3  -106.4  53.8
232.4  -302.8  1462.8  -75.4  36.1  137.2
1413.2  -186.4  2100.4  615.8  2274.5  10.1
1738.8  -108.8  1996.8  649.9  -299.7  -1232.9
564.0  -403.2  1565.2  1093.8  -1866.2  -1860.3
-653.6  -406.4  1133.6  639.7  -1107.6  -2205.0
-1570.8  -262.4  1473.6  -100.0  407.7  -1944.0
-1462.0  191.2  1786.4  225.7  383.0  -91.0
-693.6  -122.0  1497.2  43.7  27.5  1284.4
-144.8  -141.2  1450.4  -265.6  -216.6  1622.8
162.4  -132.4  1490.4  -791.8  -399.4  1614.5
418.0  -76.0  1397.2  -669.2  137.5  1305.5
708.0  -138.0  1490.4  -204.3  459.9  359.4
730.8  -212.4  1618.4  -491.1  -331.9  382.5
522.0  -189.2  1773.6  -39.8  -464.5  151.4
326.8  -244.4  1510.8  42.1  -376.8  19.4
226.8  -200.0  1457.2  29.8  -272.4  36.5
240.8  -198.0  1465.2  43.0  -21.3  39.8
264.0  -190.0  1466.8  47.1  -61.8  40.1
275.6  -197.2  1524.0  -10.7  -47.6  6.9
221.6  -208.8  1573.6  76.4  -21.5  -10.2
202.8  -225.6  1544.8  32.0  2.2  -6.7
214.4  -198.4  1554.8  56.1  15.2  1.2
214.0  -201.2  1509.6  20.1  -78.8  11.5
231.2  -191.6  1514.0  0.5  -31.4  4.2
220.0  -194.4  1489.6  16.8  -42.2  -3.0
213.6  -180.0  1545.6  16.0  -30.0  -14.1
174.8  -227.6  1572.4  7.6  -33.3  -9.8
180.8  -228.4  1533.2  28.2  -72.4  -24.7
191.6  -214.0  1490.0  43.7  -81.8  7.2
194.4  -217.2  1517.2  9.7  -107.7  14.0
200.4  -222.0  1503.6  15.5  -78.2  -0.9
200.0  -216.0  1534.4  35.0  -77.4  -11.1
194.8  -225.6  1532.8  27.2  -50.2  -12.8
202.8  -212.0  1531.6  20.0  -60.5  -2.4
187.6  -226.0  1520.8  20.7  -73.1  0.8
202.8  -206.4  1534.8  28.5  -85.4  20.1
220.4  -186.4  1494.0  23.0  -94.0  0.0
292.0  -214.4  1492.0  -64.7  -29.8  60.1
639.6  -193.2  1617.2  185.0  861.4  -72.7
1347.6  -254.0  1428.8  363.3  832.2  -651.4
930.4  -540.0  1415.2  -48.2  -899.0  -1463.7
214.0  -443.6  1957.2  -157.9  -1856.1  -1677.2
-878.8  -488.0  1698.4  440.8  -77.6  -1831.9
-1118.8  -62.8  1706.0  642.5  1278.6  -995.8
-882.8  -150.8  1270.0  445.2  425.0  365.6
-460.4  -117.6  1450.0  -340.9  -486.2  1413.6
-80.8  -192.0  1397.2  -590.3  -617.4  1736.2
352.4  -272.4  1451.2  -321.2  154.9  1388.1
752.0  -290.0  1611.6  121.6  706.8  637.4
799.2  -242.8  1698.4  -57.9  134.3  229.3
574.0  -170.4  1631.6  106.4  -366.9  80.8
312.8  -177.2  1552.4  76.4  -349.3  8.3
177.6  -205.2  1461.2  64.2  -454.1  45.6
175.6  -178.4  1512.8  -21.1  -268.5  14.7
196.8  -193.6  1549.2  -63.0  -65.1  16.5
287.6  -304.8  1680.0  -270.9  -47.9  59.0
209.2  -222.0  1906.0  -409.2  326.3  -155.8
43.6  -216.4  1423.2  98.8  331.7  -141.8
109.6  -144.0  1430.4  387.9  -341.8  259.5
372.4  -42.8  1373.2  498.7  -197.4  77.4
291.6  -232.8  1336.0  87.6  -203.9  81.9
216.8  44.0  1189.6  -230.4  -468.6  -111.3
257.6  -320.0  1702.4  -215.1  261.1  265.2
156.8  -98.8  1544.4  180.3  81.7  57.0
58.4  -190.8  1443.2  38.1  -41.7  153.3
272.0  -181.6  1718.0  146.7  219.7  99.5
173.6  -229.6  1504.0  197.7  -184.1  24.4
160.0  -208.4  1499.6  -73.4  -64.0  27.8
178.0  -175.2  1574.8  23.8  102.0  -33.7
98.4  -275.6  1542.4  76.9  77.4  -59.8
54.0  -122.4  1660.4  172.7  6.3  -35.3
84.4  -188.4  1559.2  302.2  121.7  -16.7
89.6  -106.0  1462.0  16.8  -113.5  -106.5
32.4  -167.6  1589.6  39.1  -196.6  -35.0
101.6  -92.0  1488.4  53.3  -92.2  -50.6
121.2  -76.0  1518.4  56.3  -81.3  -3.0
169.2  -80.4  1519.6  133.0  -1.3  -31.0
127.6  -84.0  1473.2  39.0  -3.9  -19.3
51.2  -94.0  1556.0  -31.8  -87.9  21.6
51.2  -106.8  1548.4  -33.9  44.0  11.5
130.0  -50.4  1582.4  0.6  62.2  15.1
37.2  -108.0  1493.6  30.9  -20.9  36.0
110.8  -170.4  1500.8  -70.3  -91.8  -14.4
198.0  -232.4  1529.2  -234.6  163.2  63.8
691.2  -309.6  1784.0  100.9  1182.4  -2.3
772.4  -276.0  1604.8  383.4  210.9  -722.6
594.4  -139.2  1492.4  840.0  -743.1  -1574.9
-54.4  -37.6  1656.0  1216.2  -1968.5  -1965.5
-1139.2  -360.0  1643.6  1254.7  -1197.7  -1502.5
-1064.8  122.4  1560.4  49.8  807.7  -90.0
-585.6  256.8  1600.8  -539.7  866.4  416.6
-563.2  290.0  1751.6  -1056.5  -205.9  1123.4
-58.4  -5.2  1674.8  -596.6  52.5  1470.7
297.6  -222.0  1353.2  -518.6  -75.4  1262.3
506.8  -188.8  1543.6  71.6  306.1  838.8
502.0  -222.0  1386.8  -96.4  -56.4  341.4
401.2  -133.6  1737.2  -98.1  -239.5  50.7
228.8  -148.4  1562.0  236.6  -181.9  -37.3
73.6  -170.8  1487.6  157.2  -315.1  -221.2
-132.4  -71.6  1601.6  23.8  -364.6  -79.2
-30.4  -44.4  1601.6  156.7  99.6  13.5
74.8  -54.4  1535.2  59.1  -58.6  113.4
180.0  -73.2  1520.8  84.0  -129.5  77.7
162.0  -74.4  1487.2  26.9  -278.0  63.4
134.0  -62.8  1485.6  -71.1  -176.6  41.2
69.6  -80.8  1532.8  -90.9  12.5  71.9
105.6  -45.2  1622.4  50.1  19.4  28.3
63.6  -120.8  1516.0  67.3  -50.7  55.3
1.2  -123.6  1338.4  -167.5  -330.6  430.6
171.2  -71.2  1647.6  -112.8  -89.1  253.9
76.8  -135.2  1538.4  -73.6  66.4  208.0
186.8  -143.6  1594.0  24.7  -9.1  52.2
156.0  -188.0  1535.2  55.2  -52.1  -13.9
102.0  -145.6  1522.0  68.6  -44.2  -22.3
89.2  -133.6  1549.6  44.9  79.9  -41.5
75.6  -143.6  1534.4  30.6  -55.0  17.4
56.0  -176.0  1518.8  11.0  -82.6  6.5
70.4  -138.8  1495.6  -12.1  -36.5  16.4
57.6  -133.6  1531.6  36.8  -46.6  44.1
49.6  -132.4  1512.4  25.8  -19.2  42.6
72.8  -158.8  1521.2  28.3  -40.7  83.4
52.8  -134.8  1493.2  17.4  -34.6  86.3
32.8  -174.0  1502.0  -4.6  20.3  54.9
32.8  -229.6  1505.2  -115.4  163.2  86.3
118.4  -272.4  1489.2  -112.3  642.0  32.1
625.6  -36.8  1756.4  500.7  698.4  -430.6
1054.0  86.8  1868.8  1073.0  -513.5  -1932.5
419.2  -398.0  1997.2  2030.9  -1372.2  -3237.8
-791.6  -532.8  1436.4  2344.4  -1297.4  -3237.6
-1099.2  172.8  1401.6  770.1  766.9  -1276.5
-676.8  434.0  1352.8  -617.8  595.6  472.8
-305.6  402.0  1576.8  -1136.5  -150.4  1751.4
-254.8  169.2  1332.4  -1108.8  -387.6  2454.7
132.8  -10.4  1404.0  -1170.6  269.4  1769.4
218.4  -43.2  1766.8  -1257.8  11.4  1919.4
440.8  40.4  1673.6  53.1  350.7  422.1
318.8  -32.0  1541.6  31.2  -575.2  364.8
188.0  -158.0  1468.4  68.3  -308.1  143.7
98.4  -120.8  1477.2  -83.3  -126.1  39.6
-14.8  -122.0  1597.6  -218.4  -148.8  54.4
-9.6  -28.0  1640.8  54.9  81.8  50.3
60.0  -96.4  1543.2  65.7  -53.0  71.6
77.6  -104.0  1533.2  -22.3  -50.6  26.3
74.8  -69.2  1534.4  29.8  -25.7  59.7
49.6  -109.2  1518.8  26.7  -69.2  24.5
33.6  -79.2  1537.6  39.7  -53.0  21.3
17.6  -101.2  1523.2  29.5  -69.0  37.6
61.6  -89.6  1559.6  20.0  -35.9  18.4
63.2  -103.6  1523.2  5.3  -43.5  5.1
24.0  -99.2  1552.0  35.7  -25.7  -23.5
-8.0  -101.2  1534.0  8.9  -79.0  26.3
22.4  -91.6  1544.4  16.3  -82.5  58.4
60.8  -110.8  1558.0  48.7  -82.5  10.1
48.4  -107.2  1559.6  48.7  -100.3  39.2
55.6  -106.4  1535.6  26.1  -91.7  -1.1
10.4  -112.0  1530.4  40.1  -69.7  -11.7
29.6  -85.6  1580.4  57.3  -63.2  1.8
41.2  -88.4  1525.2  91.5  -48.2  -45.7
46.0  -76.8  1550.4  79.9  -48.7  -44.2
62.8  -102.0  1558.4  147.2  -6.8  -130.1
85.6  -108.0  1522.8  203.6  50.6  -232.2
-57.6  -134.4  1420.4  -102.3  -160.2  -165.2
-294.8  -14.4  1496.4  -413.4  67.2  265.4
22.4  8.4  1722.8  107.2  370.7  290.4
222.8  -148.8  1525.2  240.6  -128.2  -61.0
110.0  -181.2  1549.6  158.8  -399.2  -305.5
-122.4  -148.0  1465.6  9.0  -313.7  -182.0
-183.6  29.6  1398.8  -166.0  87.4  113.6
-17.6  78.0  1619.2  194.8  174.2  133.0
148.4  -148.8  1560.8  295.1  -187.5  -110.5
63.2  -154.0  1464.8  144.4  -277.8  -288.3
-188.8  -66.8  1430.8  -129.2  -104.7  -53.0
-161.2  -92.4  1518.8  -297.3  281.1  136.7
-28.0  30.8  1663.6  45.5  189.8  76.8
65.2  -90.8  1605.6  276.4  -132.8  -15.6
7.2  -155.2  1511.6  168.0  -229.4  -163.3
-145.6  -67.2  1434.4  -84.1  -152.2  -19.1
-114.4  -24.8  1489.2  -162.3  -7.3  68.7
-52.0  -6.0  1595.6  16.0  5.4  38.0
-40.8  -135.6  1510.4  88.5  -69.7  -2.9
-36.8  -84.4  1545.2  -12.5  -73.1  25.1
-87.6  -56.8  1512.0  -0.8  -78.6  4.4
-97.2  -85.2  1475.2  -35.9  -17.2  12.7
-165.6  -115.2  1435.2  -175.1  153.9  164.6
-152.8  -165.6  1492.0  -194.9  530.4  232.7
114.8  -69.2  1743.6  -32.1  669.6  305.9
706.8  -124.8  1587.2  547.3  -687.6  -407.6
507.2  -68.8  1650.8  421.2  -1849.2  -752.2
417.6  -222.8  1465.6  1073.7  -2228.0  -1286.7
-330.0  -10.8  1462.0  298.3  -1704.1  -1244.4
-611.6  269.2  1929.2  98.0  322.8  -604.6
-371.6  439.6  1760.4  557.9  1173.5  -167.7
-249.2  358.4  1488.0  224.1  649.5  491.7
-376.0  37.2  1251.2  -540.4  681.7  749.5
89.6  67.6  1739.6  -808.1  787.7  895.0
433.2  -178.8  1599.2  -630.0  200.3  654.9
362.0  -77.6  1420.0  -316.5  -118.7  175.0
274.8  -125.2  1537.2  -298.6  -103.0  99.2
242.8  -123.6  1606.8  -24.1  -141.3  -149.0
33.2  -150.8  1513.6  61.9  -198.2  -97.4
-75.2  -98.0  1498.0  -3.5  -184.5  -18.8
-79.2  -86.8  1526.8  -91.3  -211.1  130.5
26.0  -119.2  1602.0  -29.3  -241.9  282.7
104.0  -182.8  1588.0  21.4  -153.2  171.4
112.0  -153.6  1455.2  -30.1  -46.9  131.7
136.4  -139.2  1518.4  -9.9  -105.5  27.6
86.8  -161.6  1507.6  -23.3  7.2  14.1
82.4  -144.0  1572.0  1.1  -42.5  5.7
50.8  -194.8  1549.6  176.5  15.5  -52.3
31.6  -148.8  1514.4  -48.6  -23.6  24.4
64.0  -156.0  1542.0  -9.7  -41.5  71.4
32.0  -168.0  1488.4  -51.9  -95.2  73.3
26.0  -170.0  1514.8  37.1  -100.4  -1.2
54.8  -130.8  1492.0  30.7  -180.8  -40.4
10.8  -162.0  1550.0  50.5  -33.6  10.2
31.2  -168.4  1562.8  16.4  12.6  108.1
45.2  -178.8  1526.4  -10.6  -10.3  66.5
48.0  -171.2  1516.8  75.6  36.0  64.7
98.0  -192.4  1528.8  74.9  5.8  72.3
83.6  -217.2  1466.0  23.2  -22.1  41.0
24.0  -191.2  1517.2  -30.6  -1.3  -9.5
-11.6  -158.4  1589.2  56.3  -60.9  11.9
38.4  -211.2  1494.4  29.3  -55.0  -23.3
-3.6  -240.0  1516.0  -47.9  -234.9  17.0
18.8  -190.0  1506.8  29.6  -15.7  132.5
618.0  -374.0  1597.2  -28.4  365.9  121.3
948.4  -413.6  1556.4  228.9  -143.9  -546.5
502.0  -372.8  1537.6  192.0  -1100.6  -1450.9
-374.4  -116.0  1508.4  318.8  -1137.7  -1138.0
-478.8  -39.2  1535.6  798.3  -100.3  -740.5
-620.8  43.6  1684.4  336.2  182.5  101.5
-385.2  127.6  1844.4  -247.1  -27.0  343.3
-138.0  -52.4  2300.4  19.6  -76.3  809.3
-78.8  -64.4  1679.2  277.6  853.4  306.8
12.4  -279.2  1352.0  -135.1  485.4  790.1
271.2  -217.6  1365.6  -259.3  264.1  689.9
423.6  -323.2  1404.4  -253.7  234.4  224.9
478.4  -185.6  1732.0  8.8  -147.0  24.5
249.6  -152.0  1556.8  69.9  -435.4  -42.8
171.6  -148.4  1549.2  232.6  -172.8  -81.7
-36.4  -167.6  1462.4  86.1  -195.3  -34.4
5.6  -162.0  1529.2  -70.2  -205.6  -1.2
-43.2  -91.2  1586.4  -9.0  -112.5  34.4
122.0  -167.6  1506.8  18.9  -94.2  44.0
103.6  -156.0  1502.4  -53.6  -150.3  46.8
124.4  -166.4  1513.2  31.7  -135.2  18.7
74.8  -159.6  1552.4  -14.3  -138.3  -2.7
85.6  -150.4  1562.8  52.9  -71.1  -7.8
84.8  -167.6  1506.0  20.4  -99.4  19.4
98.4  -220.0  1558.0  76.5  -98.5  17.7
116.8  -160.0  1539.2  47.1  -119.2  19.9
114.4  -174.4  1508.0  -15.1  -153.6  28.1
125.2  -157.6  1551.6  26.7  -121.0  32.1
107.6  -184.8  1496.8  3.1  -100.9  36.0
145.2  -172.8  1556.8  38.8  -60.2  14.4
104.8  -189.6  1516.4  -0.2  -40.7  88.6
124.4  -176.8  1548.4  14.8  -44.1  53.6
98.0  -198.8  1526.0  18.5  -41.3  50.2
126.4  -180.8  1506.8  5.3  21.6  33.2
98.0  -189.2  1530.4  14.4  43.6  -34.1
78.0  -188.8  1523.6  -5.9  -3.4  21.7
93.2  -200.4  1552.8  11.9  -30.5  37.3
86.8  -211.2  1534.0  -4.9  -36.7  48.8
92.4  -236.4  1494.4  -14.3  -36.1  20.8
59.2  -262.0  1461.2  -61.3  39.7  -7.5
55.2  -234.4  1507.2  -81.6  110.8  26.3
73.2  -254.4  1554.0  -36.7  -8.4  74.2
112.8  -259.2  1513.6  -133.0  -81.7  144.0
374.4  -285.6  1595.2  84.1  231.1  94.8
966.0  -204.4  1426.8  124.8  -577.0  -360.4
606.8  -113.6  1556.0  513.4  -1320.5  -727.9
16.8  -243.2  1543.2  787.4  -2223.9  -1157.6
-179.2  -398.8  1321.2  982.9  -619.1  -707.1
-506.8  176.8  1887.2  -289.3  675.5  -385.9
-396.0  180.4  2206.8  -375.7  952.3  542.6
28.4  56.0  1936.4  -397.7  757.4  803.3
104.4  -96.8  1469.6  -193.4  991.1  741.3
495.6  -266.0  1442.4  -373.1  306.9  729.5
623.2  -494.8  1563.6  -209.3  52.0  148.3
462.8  -274.4  1629.2  -77.7  -327.5  -48.8
310.0  -213.6  1533.6  24.4  -486.2  -55.2
204.4  -157.2  1376.4  116.5  -214.7  -76.7
125.2  -173.2  1435.6  13.9  -18.3  -28.8
80.0  -191.6  1606.8  31.4  60.5  -36.7
53.2  -224.4  1591.6  56.4  -19.8  -0.8
136.0  -215.2  1524.0  59.3  -64.1  -0.7
170.8  -183.2  1533.2  40.4  -75.2  -32.3
81.2  -183.6  1534.8  33.2  -0.3  -8.1
100.0  -220.8  1537.2  58.7  -76.2  11.9
112.4  -203.6  1544.4  42.7  -82.0  36.7
143.6  -217.6  1545.2  47.7  -86.4  0.8
127.2  -222.8  1493.6  59.2  -90.0  -9.1
85.6  -210.8  1478.0  -1.3  -42.6  -2.0
109.6  -155.6  1580.4  55.3  -26.2  13.0
95.6  -220.4  1519.2  42.3  -56.8  30.6
146.4  -188.4  1513.2  42.2  -34.2  6.2
95.6  -204.0  1525.2  28.2  -74.2  1.6
95.2  -209.6  1514.0  26.8  -24.1  -29.3
54.4  -189.6  1525.6  1.5  -1.9  15.3
92.4  -188.0  1541.2  37.5  -24.7  34.6
100.8  -213.6  1488.0  36.8  -74.1  19.9
92.4  -198.8  1522.8  2.9  -50.1  -16.1
75.2  -220.8  1513.6  8.5  -47.7  -3.0
58.0  -206.8  1520.4  2.1  -10.3  -23.0
65.2  -196.0  1546.0  26.7  -48.8  3.3
45.6  -222.8  1513.6  40.3  -49.1  3.6
71.2  -217.6  1540.0  36.8  -49.9  -3.9
62.4  -238.8  1524.0  47.1  -62.8  1.8
50.8  -220.4  1503.6  22.0  -34.1  -15.6
38.8  -213.2  1516.4  14.8  -45.6  3.7
39.6  -202.0  1536.8  71.2  -61.4  -10.9
25.2  -225.2  1520.8  24.0  -79.3  -4.9
42.8  -157.2  1525.2  16.7  -38.9  10.0
33.6  -229.6  1492.0  -4.8  2.6  14.4
64.8  -317.6  1430.4  -126.6  208.3  -42.0
-8.8  -320.4  1482.8  -348.4  628.2  165.2
1759.6  -268.0  1657.6  355.2  531.0  -267.9
874.0  -114.0  1817.6  230.0  -2469.2  -1651.1
-132.0  -676.4  1715.6  877.5  -2618.7  -2180.9
-1069.6  -245.2  1838.0  790.2  -652.7  -1270.2
-769.2  42.4  1468.0  89.8  786.3  252.7
-211.2  99.2  1534.4  -540.6  1010.9  1203.4
83.2  -134.4  1586.8  -856.3  715.7  1496.1
614.0  -102.0  1901.6  38.6  1107.0  923.6
595.2  -443.2  1305.6  -12.8  474.7  681.5
636.4  -309.6  1598.4  -191.1  -65.7  69.1
305.2  -174.0  1597.2  38.8  -261.1  -152.8
82.8  -161.6  1446.4  85.6  -206.8  -78.7
-50.0  -183.6  1496.8  8.8  -99.8  -38.0
-0.4  -203.6  1599.2  64.4  38.5  5.7
39.6  -228.4  1514.8  72.1  -8.3  26.9
92.8  -223.6  1472.8  37.7  2.2  -37.9
66.0  -221.6  1479.2  -5.0  13.5  -54.4
15.6  -178.0  1589.2  -14.0  -82.1  -34.6
22.4  -220.4  1570.0  68.1  -117.6  2.0
44.4  -208.8  1497.2  58.8  -139.1  5.2
34.8  -192.4  1528.0  30.2  -166.4  -9.4
3.6  -199.6  1524.4  37.9  -94.9  7.5
66.8  -181.6  1560.8  73.3  -69.9  0.9
45.6  -211.2  1500.0  49.0  -91.8  7.0
43.2  -179.6  1532.4  43.6  -58.2  7.8
40.8  -194.4  1556.0  53.5  -89.6  55.0
56.4  -196.8  1512.8  51.9  -85.4  44.1
60.0  -188.0  1524.0  69.5  -63.9  35.6
61.6  -224.8  1532.4  50.1  -83.4  20.1
49.6  -172.0  1555.2  47.0  -65.9  14.2
44.0  -187.6  1518.8  51.5  -56.1  7.2
24.0  -181.2  1539.6  39.9  -53.7  7.5
94.8  -154.8  1520.0  46.2  -44.2  -5.9
26.0  -199.2  1505.2  34.5  -81.2  -0.3
39.6  -175.6  1528.0  20.4  -51.3  -1.7
65.6  -179.6  1522.4  30.1  -35.6  23.9
50.4  -195.2  1497.2  15.4  -1.4  33.8
41.2  -203.6  1555.2  25.1  -40.3  8.1
-4.0  -190.0  1542.4  39.0  -45.4  -6.2
21.6  -187.6  1525.2  33.5  -40.7  10.2
26.4  -189.6  1530.8  35.1  -20.0  -3.8
38.8  -222.0  1485.6  -15.0  50.3  8.6
133.6  -322.8  1586.4  -12.3  475.4  49.9
1072.8  -353.6  1415.2  350.6  367.4  -356.9
620.4  -105.6  1724.0  340.0  -1412.2  -1043.3
318.8  -535.6  1405.6  1151.7  -1982.9  -1762.5
-1324.4  -205.6  1816.8  -213.8  -1687.7  -1310.7
-964.0  568.8  1905.2  -15.1  860.5  478.4
20.0  222.8  1504.8  111.7  652.7  999.1
167.2  -107.2  1386.0  -304.8  473.9  790.1
190.8  -220.0  1499.6  -429.6  489.0  702.9
316.0  -222.4  1605.2  -339.1  403.3  402.5
339.2  -184.8  1476.0  -110.7  96.6  270.6
413.2  -243.2  1492.0  -43.7  -118.4  70.6
258.0  -155.2  1463.6  28.9  -173.0  2.9
106.8  -227.6  1436.0  45.6  -122.7  -1.7
-27.2  -168.4  1597.6  13.8  -77.6  -26.9
14.8  -156.8  1574.0  67.9  -97.4  3.4
96.0  -197.2  1528.0  40.2  -181.1  0.3
117.2  -204.4  1530.0  0.6  -169.8  24.6
122.8  -190.4  1532.0  5.9  -106.3  -4.9
92.8  -184.4  1522.8  34.8  -94.9  -8.5
80.4  -192.8  1539.6  32.5  -57.2  -25.3
100.8  -183.6  1526.4  53.3  -85.5  11.2
66.0  -196.8  1521.6  48.1  -97.1  8.8
95.6  -166.8  1521.6  48.1  -69.4  23.9
108.0  -177.6  1527.6  51.0  -65.3  8.7
98.4  -194.8  1541.2  23.4  -64.5  -5.1
79.6  -191.6  1516.0  51.1  -87.2  3.5
53.2  -230.0  1534.4  -12.4  -89.8  -17.4
121.2  -168.0  1541.6  18.3  -32.8  21.0
122.0  -181.2  1523.2  8.0  -69.3  11.9
131.6  -171.2  1556.0  40.4  -69.5  4.5
131.6  -229.6  1489.2  28.2  -82.4  -3.5
99.6  -184.8  1552.8  29.3  -57.8  -11.4
98.4  -188.0  1516.4  38.2  -53.5  -15.2
70.4  -199.6  1519.6  4.4  -49.3  -6.6
92.4  -204.0  1553.2  2.9  -8.3  -8.3
103.6  -212.0  1525.2  39.1  24.0  -44.6
64.4  -209.6  1533.6  -23.0  36.6  0.8
54.0  -193.6  1520.0  -24.8  33.9  -4.9
58.4  -208.8  1522.0  -17.7  22.8  -8.3
156.4  -275.2  1469.2  1.7  38.9  -106.7
246.8  -340.4  1476.4  -113.9  126.4  -123.7
747.2  -306.4  1558.0  234.3  44.3  -338.5
787.6  -117.6  1623.6  369.7  -1399.7  -1061.6
500.4  -347.2  1549.6  643.1  -3090.1  -1777.7
-931.2  -401.6  1770.8  624.8  -591.7  -916.9
-215.6  86.8  1733.6  254.4  1530.1  294.0
-99.2  205.2  1646.4  -285.7  589.5  548.5
200.8  24.0  1606.4  -98.3  373.6  1052.8
370.8  -112.8  1508.0  10.7  693.2  847.0
422.4  -199.2  1393.6  -235.6  527.3  618.7
466.8  -219.6  1485.6  -322.1  62.0  362.4
437.2  -162.0  1564.8  -82.8  4.8  94.9
322.4  -106.0  1485.2  59.9  -118.7  -34.7
143.2  -156.8  1480.4  100.5  -71.0  -49.1
10.8  -138.4  1543.2  6.6  -26.1  -59.3
37.2  -117.6  1631.2  51.6  -74.4  27.4
118.8  -138.4  1562.0  119.6  -97.4  13.6
125.2  -143.2  1483.6  101.4  -99.0  -19.0
98.8  -130.8  1497.2  -36.4  -64.2  -9.0
69.2  -106.8  1511.2  -50.4  -72.5  -12.4
75.6  -162.4  1537.6  -39.9  -13.7  55.4
84.8  -161.6  1537.6  8.5  -21.0  50.8
141.6  -167.6  1547.2  19.7  -82.6  23.9
94.8  -171.2  1506.8  26.9  -78.5  9.2
67.6  -148.4  1517.6  14.5  -53.8  -2.9
57.2  -148.0  1536.8  23.3  -59.6  8.6
85.2  -148.0  1566.8  48.1  -72.4  14.5
84.4  -169.6  1531.6  38.8  -58.9  18.1
41.6  -172.8  1532.4  43.9  47.2  55.4
79.2  -184.4  1525.6  27.6  36.6  15.2
57.2  -162.8  1534.4  -9.6  -63.8  15.5
66.8  -192.0  1526.8  6.5  -29.4  8.5
53.6  -164.0  1541.6  42.7  -44.4  6.9
28.0  -184.8  1518.0  30.5  -26.9  -6.2
-1.6  -166.0  1513.2  -7.8  120.0  64.0
54.4  -240.8  1552.8  -25.8  269.6  85.8
226.0  -271.2  1511.6  124.2  744.7  227.3
843.6  -216.8  1379.6  -63.9  -655.1  -657.5
575.6  -46.4  1891.6  382.4  -1322.0  -896.7
294.4  -261.6  1548.4  1397.4  -2501.3  -1056.6
-549.6  -278.0  1472.0  833.3  -1858.1  -601.4
-308.4  84.8  1640.0  78.8  675.0  -100.9
-129.6  454.4  1845.2  -766.4  833.7  395.8
-24.8  121.6  1731.2  -390.9  765.2  664.1
308.0  -51.2  1608.4  101.6  895.5  539.7
368.8  -250.0  1338.4  -528.1  373.2  587.2
403.2  -258.4  1524.8  -571.7  320.9  342.9
515.6  -252.4  1620.8  -64.7  206.8  147.2
376.4  -188.4  1529.2  16.2  -142.4  10.9
251.6  -219.2  1393.2  176.1  -178.5  -64.6
30.8  -177.6  1472.4  41.2  7.0  -94.1
-39.6  -107.2  1612.0  43.1  0.7  -89.4
-14.8  -160.4  1573.2  93.4  -36.1  17.9
74.0  -223.6  1491.2  53.7  11.1  14.5
86.0  -170.8  1496.0  29.6  -43.1  -14.9
60.4  -187.6  1519.6  36.1  -52.6  -17.7
34.0  -171.6  1547.2  30.4  -55.3  -17.0
30.0  -149.2  1551.6  31.9  -119.3  -7.6
44.8  -180.0  1520.8  53.3  -94.9  -4.1
44.4  -149.2  1518.4  30.9  -136.5  -21.1
70.4  -170.0  1526.4  40.0  -115.2  -2.2
57.6  -176.8  1522.0  19.1  -53.8  19.6
75.6  -162.4  1555.2  46.9  -47.0  14.7
64.4  -185.2  1514.0  29.9  -63.0  -12.3
57.2  -183.6  1533.2  9.8  -23.8  -6.1
36.8  -168.0  1529.2  -5.9  11.5  2.2
14.8  -171.2  1532.8  -1.7  5.5  27.8
7.2  -173.6  1546.4  27.4  -24.7  34.3
29.6  -193.2  1519.2  21.9  -42.6  4.3
31.2  -187.6  1494.0  4.8  -76.5  -2.0
29.6  -208.0  1524.4  -13.7  -39.8  -14.1
5.2  -196.4  1550.4  -18.8  -16.0  -23.1
-10.8  -212.8  1532.0  -31.1  38.9  -4.7
47.2  -203.2  1493.6  -14.5  269.6  103.3
297.2  -354.4  1266.8  -6.2  467.0  5.3
591.2  -365.6  1677.2  42.0  560.6  -212.3
798.4  -222.8  1837.2  822.9  -1680.2  -1224.0
115.2  -684.8  1775.6  874.3  -2621.3  -1670.9
-768.4  -2.0  1743.2  430.5  -1311.9  -1159.2
-414.4  318.0  1783.6  149.8  588.7  -121.6
-248.4  453.2  1676.8  -131.8  402.9  457.9
-46.0  102.0  1516.0  -0.1  532.9  925.1
193.2  -202.4  1382.4  -432.8  605.2  1065.8
392.8  -214.4  1474.0  -394.8  491.0  692.1
580.8  -273.2  1495.2  -375.8  93.4  394.1
518.8  -274.8  1514.0  -241.7  -368.7  63.3
362.4  -251.2  1498.0  -36.2  -222.1  -10.4
302.4  -220.4  1461.6  29.7  -141.2  -21.5
172.0  -187.6  1515.2  -10.4  -86.9  -57.5
126.4  -182.4  1558.8  -4.0  -50.3  -51.0
186.8  -218.0  1538.0  64.6  -65.5  24.2
250.8  -254.8  1500.8  11.0  -85.3  29.0
239.2  -212.0  1513.2  49.1  -74.0  3.4
239.2  -200.4  1490.8  46.4  -104.8  -7.9
210.4  -196.0  1523.6  65.4  -98.9  -24.9
190.0  -223.6  1488.4  41.5  -74.8  -7.8
203.2  -210.4  1532.8  7.4  -20.9  -15.1
202.4  -192.0  1564.0  14.1  -51.1  -5.3
163.6  -227.2  1530.4  18.4  -48.7  12.8
178.0  -224.4  1512.8  -18.4  -29.4  32.6
219.2  -208.0  1537.6  46.4  -36.5  58.8
217.2  -251.6  1513.2  37.8  -68.8  18.8
176.0  -219.2  1518.0  38.3  -73.2  1.2
154.8  -207.2  1539.6  53.6  -47.9  13.1
154.4  -207.6  1539.2  43.7  -40.5  30.0
152.4  -210.4  1534.0  52.2  -38.9  51.0
156.4  -231.6  1534.4  25.6  6.9  50.0
127.6  -216.4  1526.8  2.7  99.4  14.5
120.4  -266.4  1482.4  -94.2  201.7  -37.6
103.6  -191.6  1598.0  -15.7  142.3  -7.1
113.6  -232.4  1576.0  61.5  47.7  15.9
213.2  -406.8  1547.6  157.7  324.2  183.6
686.8  -603.2  1326.8  -150.8  463.3  -139.5
504.0  -287.2  1587.2  -298.0  -199.3  -656.2
760.0  -81.2  1564.0  674.3  -847.1  -944.4
98.8  -296.8  1890.4  981.6  -2455.2  -1442.4
-1110.0  -338.0  1475.6  1003.2  -768.6  -797.0
-759.2  302.0  1660.4  -26.8  948.6  191.4
-73.6  316.8  1808.8  -607.6  469.9  819.2
255.2  -70.0  1599.2  -300.9  243.1  952.4
403.6  -65.6  1605.2  -157.8  238.1  680.8
272.4  -304.4  1398.4  -314.1  -42.5  466.1
413.6  -290.8  1566.8  -128.7  201.8  160.9
462.0  -236.0  1494.4  -72.8  -29.3  82.1
424.4  -227.6  1466.4  -25.9  -185.2  -14.3
298.0  -197.6  1499.6  37.3  -140.1  10.5
249.6  -226.0  1503.2  48.1  -146.0  -24.2
120.4  -189.2  1572.0  96.6  -121.8  26.7
139.2  -185.2  1526.0  106.5  -95.2  50.9
166.8  -156.4  1498.4  80.8  -20.3  7.8
161.2  -194.8  1506.0  41.9  -4.6  6.6
156.4  -171.2  1520.0  24.9  14.8  -9.5
158.0  -168.8  1574.4  55.4  -49.8  34.0
167.2  -184.4  1482.4  40.3  -86.7  29.4
181.6  -155.2  1519.2  34.5  -51.6  -1.8
173.6  -201.2  1523.2  42.2  -54.0  -19.5
147.6  -174.4  1568.8  46.5  -67.0  -7.1
158.4  -170.8  1518.8  43.3  -68.0  -5.2
177.6  -169.2  1500.4  14.0  -62.2  -4.1
103.6  -169.6  1536.0  -10.2  -47.6  -5.0
141.6  -172.0  1532.0  39.8  -31.8  14.5
174.8  -181.6  1545.6  32.3  -72.4  11.0
157.6  -187.6  1526.4  42.2  -26.2  -7.8
130.0  -178.4  1526.8  15.6  -53.4  -9.9
104.0  -171.2  1549.6  22.2  13.5  35.0
81.6  -198.4  1516.8  16.0  17.1  54.8
76.0  -230.4  1528.8  9.5  74.4  29.3
-18.4  -225.2  1430.8  -73.2  246.9  89.5
98.0  -218.4  1537.2  -156.1  367.4  111.8
496.0  -360.0  1520.0  -6.0  463.3  77.8
819.6  -366.0  1782.0  49.9  -279.9  -163.5
851.6  -334.0  1530.8  607.9  -1314.8  -927.8
336.8  -192.0  1531.6  339.7  -2127.9  -1514.5
-418.8  -210.8  1447.2  620.9  -936.4  -1411.7
-488.8  117.6  1649.6  337.7  455.5  -595.9
-302.0  412.4  1812.4  -169.1  747.7  241.9
-115.2  162.0  1600.0  -124.4  250.3  681.9
49.6  -48.8  1404.0  -394.7  221.0  854.5
73.2  -181.2  1462.8  -471.3  691.8  877.1
408.0  -110.8  1593.2  -190.1  519.6  660.3
570.4  -326.4  1570.0  62.9  393.0  277.2
461.6  -341.2  1603.6  105.2  -177.1  -121.8
137.6  -251.6  1551.6  93.1  -257.5  -152.1
24.0  -72.8  1577.2  195.2  -75.5  -155.8
-0.8  -48.4  1488.0  124.4  -148.1  -52.7
44.8  -55.6  1440.8  113.9  56.9  28.5
-198.4  418.8  3251.2  -864.9  1817.5  -3276.8
286.8  -956.8  2204.0  -334.9  -1723.6  -377.4
34.0  -122.4  1835.6  163.9  475.5  439.9
270.8  -472.8  1696.8  270.1  64.5  267.9
87.2  -161.2  1512.8  170.7  115.8  126.2
207.2  -150.0  1393.2  -153.6  275.2  -55.5
190.0  -122.0  1536.4  48.3  29.2  49.7
149.6  -47.6  1575.6  715.5  -292.1  1025.5
104.4  -69.2  1530.0  82.1  -34.0  80.3
120.4  -157.2  1464.4  11.5  -33.9  83.1
94.0  -142.0  1496.4  -72.0  -100.7  90.3
170.8  -99.2  1573.6  -33.7  -14.8  82.2
-104.4  -587.2  617.6  -216.6  209.0  -483.2
50.0  -151.6  1460.4  207.5  -235.2  62.7
78.8  -107.6  1545.6  124.8  -182.2  26.7
-53.6  -554.0  1631.6  -172.8  -420.3  67.5
80.8  -259.6  1416.4  325.1  -1339.7  -334.0
285.6  -139.6  1441.6  186.8  -476.8  -45.2
509.2  -165.2  1588.0  150.2  345.4  -26.1
327.2  -241.2  1584.0  -126.8  351.4  209.9
100.8  -227.2  1557.6  -73.4  -8.4  26.6
226.4  -269.6  1490.8  -77.9  -127.3  -8.1
243.6  -224.8  1480.0  -102.2  188.1  -24.7
208.8  -220.4  1494.0  78.9  108.5  -22.2
188.4  -182.8  1512.8  62.0  -54.5  53.5
174.8  -243.6  1562.4  51.0  -73.5  63.9
187.6  -247.6  1526.8  -55.0  -68.2  -31.8
200.4  -242.8  1531.2  19.0  -89.1  22.2
174.0  -259.6  1498.0  18.8  -49.2  7.8
184.8  -249.2  1544.4  42.9  -18.3  10.3
160.0  -236.4  1521.6  -23.7  -70.4  39.8
158.4  -292.4  1518.4  45.4  -62.3  -4.6
158.0  -276.8  1529.2  60.0  12.7  -54.4
155.2  -228.4  1534.4  59.4  -70.8  -20.6
160.0  -242.4  1553.6  41.1  -76.0  -21.9
155.2  -246.8  1526.0  29.1  -69.2  -39.1
162.4  -251.2  1529.6  7.4  -79.1  -12.8
154.0  -254.0  1511.6  58.8  -31.9  -8.6
132.8  -225.6  1558.4  39.1  -14.6  -8.2
135.6  -299.6  1521.6  4.4  -17.4  -40.1
144.0  -237.2  1389.2  -22.9  -68.0  -58.7
130.8  -280.8  1414.0  140.4  -146.4  -26.4
180.0  -207.2  1474.0  126.4  -18.1  -51.6
170.8  -172.8  1620.8  183.9  -57.5  -14.4
91.6  -237.6  1600.8  59.5  -139.9  32.1
158.0  -250.4  1535.2  -101.0  -157.0  -3.2
128.4  -212.4  1522.8  -7.4  -70.4  2.2
165.6  -126.0  1596.8  49.4  -154.4  -74.5
172.4  -330.0  1628.8  158.2  -377.3  185.5
130.4  -230.4  1224.4  -197.2  383.3  366.8
168.4  -266.0  1550.4  126.6  58.9  165.3
45.2  -240.8  1751.2  139.1  -112.7  42.2
145.6  -213.6  1594.0  -9.9  -241.3  -20.9
107.2  -264.4  1458.0  -47.5  -120.5  -1.9
139.2  -225.2  1442.0  -62.5  -79.8  -1.2
208.0  -224.4  1535.2  57.2  -103.4  -24.6
126.8  -245.6  1549.6  58.8  -193.1  -31.6
155.2  -286.8  1429.6  -16.3  -128.3  -35.6
291.6  -262.0  1581.2  33.8  -92.0  -60.9
223.2  -199.6  1608.8  21.7  -226.1  -33.0
251.6  -257.2  1555.6  5.1  -39.4  18.4
