315.6  -110.4  1541.6  295.6  -310.6  -116.9
488.0  70.4  1833.6  -4.5  -419.7  -195.8
295.6  -119.2  1515.6  66.2  -291.6  -247.0
421.2  -45.6  1730.4  -121.8  -74.8  -203.1
345.2  -122.8  1459.6  32.5  -6.1  -210.4
319.6  -118.4  1492.0  -150.1  -61.6  -55.1
276.0  -169.6  1402.0  59.5  -128.1  25.6
397.6  -26.8  1568.4  -24.1  -159.7  33.2
340.4  -72.0  1464.8  -21.2  -65.4  12.9
368.0  -89.6  1473.6  -9.1  -90.7  -7.6
302.0  -220.4  1348.0  198.5  -266.6  -35.3
389.6  -34.4  1575.2  244.1  -216.4  -54.4
456.4  7.6  1501.2  173.0  -201.2  -69.6
414.4  -17.6  1480.8  185.2  -111.4  -4.9
470.0  43.2  1480.4  102.1  -122.2  -19.1
422.0  46.8  1473.2  68.5  -72.6  0.6
422.4  42.8  1445.6  184.4  -108.9  -17.8
478.0  46.8  1485.2  228.1  -107.4  -53.5
444.4  76.4  1455.6  167.9  -118.7  -24.9
424.0  74.4  1448.0  39.1  -63.3  9.4
481.6  74.0  1478.4  98.7  -87.6  -12.3
494.0  102.4  1463.2  30.5  -53.3  -8.0
464.8  68.8  1454.8  29.3  -64.7  -3.3
476.0  99.6  1455.2  56.0  -73.2  -5.6
466.0  86.4  1458.8  35.9  -68.8  -5.2
480.0  120.4  1434.8  38.9  -68.1  -5.5
475.2  90.0  1458.8  38.2  -66.4  -7.4
469.2  90.0  1453.6  40.5  -69.2  -6.2
465.6  98.4  1455.2  34.2  -66.1  -5.2
467.6  85.2  1447.6  38.6  -67.9  -6.6
476.4  99.6  1451.6  37.7  -69.2  -4.8
469.6  93.6  1460.0  37.4  -66.7  -4.0
471.6  88.4  1461.6  36.5  -66.7  -7.9
466.4  103.2  1450.4  32.6  -63.6  -4.1
472.8  90.4  1457.6  42.3  -67.4  -6.5
476.0  99.2  1439.6  37.6  -62.7  -4.6
472.8  93.6  1450.4  43.0  -66.4  -3.3
487.2  102.8  1456.0  33.0  -67.4  -5.4
464.4  96.0  1448.8  49.5  -76.2  -7.1
488.4  109.6  1440.0  58.9  -73.2  -6.6
460.8  104.0  1460.0  5.8  -53.1  -7.6
498.0  104.4  1449.6  52.5  -62.1  -9.2
462.4  84.4  1478.8  41.0  -60.5  -20.3
464.0  110.8  1449.2  52.0  -67.2  -11.7
484.4  103.6  1436.0  27.2  -61.0  -5.2
472.4  124.0  1444.4  39.6  -66.4  -3.2
472.0  102.4  1458.8  35.4  -60.7  -5.3
482.8  108.8  1457.2  33.7  -64.4  -4.9
486.0  102.8  1447.2  37.2  -63.9  -5.8
468.4  102.4  1451.6  34.7  -62.8  -7.1
482.4  108.8  1456.8  36.8  -63.8  -4.5
476.4  103.2  1446.0  35.6  -67.6  -6.0
476.8  106.8  1445.2  37.7  -63.3  -6.7
482.0  97.2  1449.2  35.0  -65.2  -5.8
468.8  78.4  1451.6  37.6  -64.3  -3.7
486.4  84.4  1444.4  36.2  -60.7  -3.6
503.2  78.8  1458.4  32.4  -63.4  -5.6
483.6  105.6  1448.0  34.7  -64.5  -6.2
481.6  107.2  1464.4  36.2  -60.1  -8.9
483.2  109.2  1434.0  34.1  -62.8  -6.9
486.4  115.2  1436.0  33.2  -65.2  -6.0
476.4  109.6  1457.6  36.6  -64.4  -5.1
483.2  112.0  1454.0  33.9  -62.7  -6.0
485.2  114.4  1451.6  33.9  -65.3  -4.4
480.4  122.0  1448.4  37.4  -65.4  -5.4
478.0  113.2  1455.6  35.9  -65.0  -5.5
478.8  113.2  1451.2  34.5  -63.1  -5.2
472.4  102.8  1461.2  33.2  -64.8  -4.6
482.4  103.6  1464.8  34.1  -65.0  -5.1
480.0  108.0  1452.4  32.9  -65.8  -7.4
479.2  126.8  1458.4  33.7  -62.1  -5.7
479.6  123.6  1448.0  35.2  -65.4  -4.2
482.4  102.4  1450.4  35.0  -63.3  -3.0
484.8  108.8  1446.4  32.7  -66.2  -6.4
478.0  122.4  1443.2  35.5  -66.3  -6.5
486.0  104.4  1447.2  34.4  -65.7  -6.2
473.6  99.2  1448.0  34.2  -62.7  -5.6
478.8  108.8  1471.2  35.3  -63.6  -3.9
480.8  103.6  1440.0  36.2  -64.7  -5.2
485.2  108.4  1459.6  33.1  -63.7  -6.6
476.4  107.6  1452.0  34.3  -63.4  -5.2
490.8  106.8  1447.6  35.1  -65.4  -7.6
483.6  104.4  1438.0  33.3  -64.4  -5.8
478.8  101.2  1453.6  34.0  -65.0  -4.3
477.6  100.8  1472.0  35.4  -64.3  -6.5
492.4  110.4  1447.6  32.7  -65.4  -5.9
475.6  118.0  1446.0  50.3  -52.0  -12.5
486.4  121.2  1441.6  50.3  -47.8  -12.9
485.6  104.4  1438.4  37.7  -67.7  -1.1
480.4  110.8  1458.0  38.3  -65.1  -5.5
486.4  105.6  1460.4  30.7  -63.7  -2.9
476.0  116.0  1476.8  36.0  -60.5  -6.6
506.0  103.2  1469.2  36.2  -61.3  -8.2
472.8  112.4  1465.2  40.4  -68.5  -9.9
506.8  102.4  1447.2  38.2  -65.2  -5.9
494.4  112.4  1454.0  31.9  -61.9  -5.7
472.4  102.8  1457.6  34.8  -68.3  -4.3
482.8  109.2  1446.0  43.0  -66.5  -6.3
477.2  83.6  1450.8  28.7  -61.5  -3.8
476.4  120.8  1448.4  34.9  -66.1  -3.9
-76.0  -272.0  1422.8  62.5  -126.7  54.3
-86.8  -242.8  1542.4  -24.7  8.5  43.0
-54.8  -273.2  1532.0  26.1  59.0  15.5
-35.2  -270.0  1638.0  110.5  27.7  -61.0
-116.0  -276.4  1547.2  159.5  145.4  -79.2
-121.2  -236.4  1460.0  243.9  137.0  -94.9
-175.6  -222.4  1406.0  84.9  107.5  -92.4
-194.8  -155.6  1438.4  -13.9  26.0  -30.8
-208.8  -224.0  1484.4  -116.7  130.6  -18.6
-216.4  -320.0  1518.8  -94.1  147.0  -18.1
-240.0  -303.2  1534.0  -49.5  267.2  -24.8
-208.8  -297.6  1370.0  188.2  93.3  -54.6
-296.8  -208.0  1370.0  246.3  -36.6  -55.2
-364.8  -156.8  1279.6  198.8  -141.6  -19.7
-309.2  -189.2  1328.8  114.0  -84.9  -4.4
-199.6  -111.2  1549.6  -20.0  4.0  -48.9
-312.0  -200.8  1455.2  110.1  170.2  -5.5
-245.2  -191.2  1531.2  -164.1  0.7  43.9
-304.4  -193.2  1466.8  -59.0  79.3  -0.9
-364.0  -403.2  1424.8  171.6  43.0  -41.6
-360.4  -202.0  1507.6  -128.4  199.5  -78.4
-327.2  -286.4  1383.2  -24.0  -115.8  43.1
-381.6  -218.8  1449.6  126.0  -313.5  -14.1
-393.6  -273.6  1380.4  286.6  -254.1  -130.6
-324.0  -223.2  1426.4  180.2  -332.7  -76.4
-282.8  -253.2  1450.0  101.3  -284.3  80.4
-225.6  -177.2  1504.4  1.3  -282.5  68.7
-226.4  -197.2  1534.0  54.3  -174.7  29.2
-214.0  -184.4  1511.2  77.2  -90.2  9.4
-191.2  -184.4  1504.0  83.9  -117.4  -21.4
-192.8  -177.6  1426.4  36.0  -153.0  41.8
-215.6  -182.4  1506.8  -22.0  -202.4  134.2
-170.0  -189.2  1511.2  -26.7  -211.3  107.9
-202.4  -183.2  1486.0  -31.7  -161.2  169.9
-180.8  -220.8  1497.6  14.4  6.6  149.4
-86.8  -273.6  1472.0  -24.0  -122.2  234.5
-147.2  -252.4  1618.4  109.6  -163.1  276.6
-115.2  -286.8  1461.6  2.7  -254.4  308.4
-173.6  -196.0  1641.6  -66.5  -58.5  308.4
-169.6  -150.4  1419.6  172.4  22.5  223.4
-224.8  -122.8  1344.8  107.7  55.5  274.6
-176.4  -102.4  1360.8  -20.0  -138.0  318.3
-178.8  -128.4  1492.0  -29.6  -225.9  276.5
-55.6  -132.4  1465.6  -7.2  -361.4  268.9
4.4  -105.2  1574.8  9.5  -292.6  251.2
686.8  -178.8  1770.0  -155.0  -315.9  231.7
978.4  -145.2  1990.4  124.7  -449.2  -491.1
289.6  -153.6  1634.4  803.4  280.8  -1151.5
-658.8  -304.8  1089.2  711.9  697.7  -1287.1
-1332.8  -191.2  1178.0  -93.4  424.1  -761.3
-1154.8  -276.0  1244.8  -40.3  281.9  0.9
-634.0  -268.8  1371.2  -94.4  88.5  451.1
-404.4  -237.6  1245.6  -90.4  -242.8  536.5
-234.4  -140.4  1491.6  19.7  -206.3  518.8
-60.4  -95.6  1617.2  -74.9  -110.8  547.7
-65.2  -132.4  1496.8  207.5  -227.7  355.6
-15.6  -51.2  1584.4  66.2  -369.6  289.8
26.4  22.4  1545.6  155.4  -281.4  185.5
-52.0  80.0  1627.6  211.7  -176.5  111.3
-70.0  71.6  1471.6  147.5  -91.6  94.7
-125.6  63.6  1498.0  62.8  -40.9  52.6
-120.0  78.8  1467.2  -3.5  -39.5  32.0
-150.8  59.6  1600.0  29.2  -55.7  37.5
-150.4  30.8  1502.4  71.8  42.5  28.9
-124.4  14.4  1470.4  10.6  -61.7  106.1
-95.2  25.2  1498.4  -31.0  -62.2  28.1
-53.2  14.4  1480.0  102.9  -83.9  5.2
-186.8  54.4  1572.0  -35.8  -116.4  -21.5
-149.2  20.8  1491.2  131.2  53.9  -32.8
-192.4  29.6  1469.6  79.1  -69.4  -38.3
-122.0  40.4  1412.8  -71.0  -99.4  1.9
-162.0  69.2  1576.4  61.5  -35.7  -23.9
-167.6  22.0  1462.8  15.5  -39.8  -2.2
-125.2  46.4  1530.8  42.7  -66.9  -27.5
-114.4  33.6  1507.2  19.7  -102.4  -10.7
-148.0  72.4  1505.2  93.2  -61.1  -68.0
-192.8  38.4  1396.0  41.1  -128.5  -54.7
-196.0  36.0  1521.2  -19.4  4.1  -3.5
-110.4  12.8  1521.6  57.1  -60.2  -33.3
-132.0  15.2  1518.0  70.7  -42.1  -35.6
-127.6  45.6  1491.6  42.4  -69.8  -17.4
-151.2  50.4  1524.8  54.1  -49.6  -13.7
-156.0  38.4  1478.0  69.4  -61.1  -1.2
-166.0  58.8  1495.6  51.1  -71.3  -20.6
-179.2  6.4  1448.8  70.4  -61.5  9.0
-160.0  7.2  1550.8  2.0  -96.0  30.5
-164.0  51.2  1476.8  58.6  -59.5  -13.9
-155.6  46.0  1512.8  41.2  -58.4  9.8
-149.2  52.8  1488.4  82.7  -47.5  10.3
-175.2  34.8  1502.0  19.1  -65.5  16.9
-137.2  36.8  1503.6  40.2  -68.8  13.7
-174.8  72.0  1538.4  41.0  -41.1  -3.7
-156.8  62.4  1476.4  48.9  -73.4  -9.2
-160.0  57.6  1505.6  -14.3  -25.0  5.4
-153.6  36.8  1534.0  57.2  -10.6  -13.0
-134.4  41.2  1466.4  52.1  -89.7  -3.8
-192.0  70.0  1500.0  24.2  -53.3  -7.5
-160.8  39.2  1531.2  -36.1  -69.7  46.4
-177.6  51.6  1567.6  56.9  -36.4  -31.5
-201.2  62.0  1471.2  23.0  -39.2  7.1
-175.2  41.2  1484.0  37.5  -57.0  -3.9
-155.6  45.2  1484.8  -27.3  -25.8  33.9
-187.6  41.6  1493.6  34.8  -62.8  0.0
-163.2  32.0  1496.0  -1.7  -71.4  17.7
-176.8  28.8  1453.6  10.7  -62.6  10.7
-187.2  41.6  1534.4  -27.6  -93.8  13.7
-137.6  37.2  1530.0  55.5  -26.2  -29.8
-204.0  13.2  1471.2  43.0  -41.4  -29.3
-152.0  -6.8  1497.6  41.8  -61.3  -1.0
-156.8  21.2  1535.2  32.9  -59.4  0.8
-108.0  14.4  1508.8  50.9  -76.0  -27.4
-200.8  43.2  1486.0  14.3  -61.9  -20.8
-169.2  20.0  1494.4  36.2  -28.8  -7.0
-192.8  6.0  1483.2  24.8  -65.9  -18.4
-186.4  27.2  1490.0  23.2  -55.4  -9.1
-156.8  30.8  1462.8  26.2  -73.2  -9.5
-165.2  12.4  1502.8  9.8  -69.1  -6.6
-159.2  17.6  1515.2  19.9  -59.0  -11.6
-166.4  15.6  1522.8  46.9  -61.7  -22.7
-158.8  -5.2  1487.6  39.3  -83.5  -13.9
-210.0  8.0  1504.8  32.2  -45.4  -24.9
-192.0  -2.0  1428.8  31.9  -68.1  -6.9
-192.0  10.8  1515.2  13.7  -69.1  10.5
-178.0  11.2  1473.6  12.1  -74.7  6.9
-160.4  0.8  1508.8  12.7  -65.9  3.6
-152.0  23.2  1518.8  18.3  -70.1  -1.0
-199.6  18.0  1489.2  13.0  -36.3  -9.3
-188.0  -2.8  1502.0  33.3  -48.9  -3.4
-201.6  17.6  1382.4  72.9  -59.5  25.4
-183.2  7.6  1481.2  -96.3  -117.8  51.2
-168.8  -5.2  1614.4  -76.9  -34.6  53.2
-144.8  -32.8  1486.8  132.5  -112.7  -19.2
-181.2  27.6  1519.6  60.8  -91.5  1.0
-172.4  -6.8  1498.0  33.0  -23.0  -10.7
-150.0  -41.2  1466.0  -52.0  -74.8  38.2
-204.8  -22.0  1523.6  -14.0  -89.3  33.8
-161.6  -20.8  1534.8  99.0  -94.3  -23.9
-176.8  -0.4  1504.8  85.8  -35.0  -33.5
-186.8  -8.8  1442.8  46.9  -54.9  -4.9
-169.6  -17.6  1474.4  -46.2  -57.0  46.1
-184.8  -2.8  1478.0  -1.3  -89.8  35.6
-132.0  -6.0  1498.4  -20.1  -63.8  39.3
-158.0  -22.4  1502.8  32.9  -70.7  29.2
-127.6  -6.8  1502.0  11.5  -83.0  48.5
-71.2  -27.2  1489.2  20.6  -119.9  118.2
236.8  -87.6  1584.8  -152.7  -297.4  297.4
646.0  -22.8  1827.2  -64.7  -731.7  -103.9
222.8  -7.2  1615.6  521.3  -301.6  -730.1
-287.2  20.0  1158.4  510.9  35.5  -799.0
-636.4  -67.2  1430.0  -82.4  -257.1  -388.5
-762.0  -7.2  1709.6  47.5  335.9  -196.8
-542.8  -170.4  1466.4  111.6  560.2  130.7
-297.2  -206.8  1239.2  -123.8  211.7  299.2
-152.4  -135.2  1416.4  -114.1  35.7  346.4
-18.4  -49.6  1555.6  -106.2  -66.6  283.3
28.4  37.6  1620.4  2.2  -138.2  228.6
-63.6  47.2  1544.0  73.2  -181.0  92.4
-56.0  81.2  1549.6  -38.0  -87.4  35.2
-158.8  76.4  1567.2  132.5  -51.2  -3.8
-112.4  34.4  1492.8  97.0  -7.0  49.9
-25.6  -3.6  1430.0  47.7  -47.8  -11.2
-168.4  31.2  1467.6  28.2  -114.7  -10.8
-167.2  2.4  1490.8  30.7  -44.5  20.0
-226.0  30.0  1491.2  51.3  -38.9  18.8
-167.6  24.8  1477.6  44.4  -40.4  51.6
-111.6  -12.4  1492.8  8.4  -61.5  11.0
-116.0  5.2  1539.6  5.2  -128.3  16.7
-172.8  28.4  1541.2  24.5  -98.0  -26.1
-146.0  -1.6  1472.8  42.7  -81.5  -9.9
-172.4  22.0  1499.2  56.0  -67.4  -37.2
-143.2  -4.4  1442.0  55.7  -102.3  9.3
-129.6  31.6  1541.6  32.7  -102.4  3.8
-137.6  2.0  1491.6  57.9  -54.9  -22.0
-164.4  2.8  1534.4  41.0  -53.3  -15.4
-160.4  6.8  1482.0  94.0  -58.5  -47.4
-167.2  14.8  1458.8  -6.7  -67.4  19.3
-115.2  19.2  1516.4  17.7  -41.5  0.7
-140.0  48.0  1503.6  -30.2  -77.8  18.4
-149.2  29.2  1547.2  3.9  -35.1  -10.2
-147.2  24.0  1480.0  52.3  -49.5  -32.8
-158.8  20.8  1523.2  35.6  -30.5  -37.1
-200.8  4.8  1435.2  63.7  -39.3  -33.8
-169.2  17.2  1507.6  -17.1  -52.4  14.8
-151.2  -9.6  1516.4  22.8  -54.1  -10.8
-142.0  -4.0  1530.0  -25.5  -51.3  -12.7
-185.6  6.8  1492.0  52.4  -48.8  -32.4
-152.4  -4.0  1500.0  22.2  -64.3  -2.8
-230.4  -11.2  1495.2  41.0  -59.4  -18.6
-170.8  -4.8  1473.6  4.5  -55.3  2.4
-163.2  -22.0  1500.0  -25.6  -66.2  15.7
-129.2  7.2  1538.0  16.5  -80.4  9.2
-170.8  18.8  1530.4  47.9  -43.7  -16.6
-145.6  -17.6  1500.8  26.0  -42.5  -23.3
-181.6  -20.8  1478.0  44.8  -80.0  -23.8
-159.2  -18.0  1511.2  47.1  -41.4  -5.2
-200.8  -8.8  1473.2  37.6  -70.3  -8.0
-172.8  -12.0  1502.0  33.7  -53.5  -8.0
-174.0  10.8  1467.2  20.8  -69.3  6.6
-179.6  -2.4  1518.0  31.9  -58.0  -11.2
-153.2  -25.2  1493.2  48.8  -65.1  19.6
-178.0  -6.0  1485.2  9.5  -83.3  16.3
-162.0  4.0  1541.6  28.2  -69.9  2.3
-165.2  -8.0  1526.8  29.4  -46.7  -0.2
-157.6  -19.6  1509.2  68.1  -76.1  -19.3
-183.6  -5.2  1508.4  35.8  -36.2  -1.9
-162.4  -24.0  1461.6  63.4  -58.4  2.1
-156.4  3.2  1504.4  10.6  -60.6  13.8
-158.4  2.4  1494.0  54.9  -64.4  -7.2
-175.6  -21.2  1495.6  15.0  -68.2  15.1
-189.2  -20.0  1474.8  48.0  -37.0  -7.6
-176.4  -20.0  1487.6  2.2  -80.8  22.8
-166.8  -10.4  1508.8  39.6  -59.5  14.2
-174.4  -4.8  1521.6  33.5  -67.9  16.8
-192.0  3.2  1493.6  37.2  -77.5  -2.3
-199.6  -2.4  1503.6  42.4  -64.4  5.1
-174.0  -14.0  1475.6  40.5  -50.3  -3.5
-191.2  -2.8  1512.8  33.6  -79.7  2.2
-201.6  -8.4  1481.2  56.4  -52.4  -8.1
-178.8  -4.8  1491.6  23.4  -88.1  2.4
-179.6  0.0  1485.6  53.2  -47.9  -2.8
-179.2  5.6  1481.6  31.9  -60.0  3.7
-180.8  0.4  1482.8  41.4  -42.4  5.8
-164.4  6.8  1523.6  12.2  -71.5  19.0
-181.6  8.4  1492.8  47.3  -62.4  1.6
-177.6  8.8  1495.6  43.8  -58.1  -5.9
-170.8  10.4  1490.8  22.1  -55.3  8.3
-150.8  7.2  1496.8  43.6  -67.1  -8.8
-165.6  -3.2  1499.6  46.2  -59.8  -1.1
-215.2  9.2  1505.2  30.9  -66.8  -7.6
-185.2  6.4  1454.4  68.7  -45.6  -22.0
-172.0  2.4  1463.2  6.9  -71.9  25.1
-201.2  22.4  1496.8  31.9  -61.5  11.6
-173.6  3.6  1499.2  26.4  -55.2  13.9
-162.4  12.8  1536.8  22.7  -80.3  24.8
-174.4  10.8  1510.0  58.5  -63.7  -13.0
-171.6  15.6  1525.2  52.4  -75.8  -15.2
-211.6  4.0  1476.4  54.3  -14.2  -13.7
-185.6  -11.2  1463.2  17.3  -83.3  13.4
-212.8  26.8  1513.2  18.0  -74.7  -3.7
-137.6  -12.0  1484.8  23.9  -40.6  2.1
-173.6  7.6  1503.2  33.9  -74.2  -5.7
-194.4  14.8  1507.6  41.5  -47.3  -15.0
-155.2  3.6  1506.4  7.0  -78.7  6.2
-191.6  4.4  1510.0  27.5  -60.5  -5.2
-195.2  -10.0  1462.4  26.6  -57.0  -3.7
-156.0  -9.6  1512.8  6.3  -69.4  8.2
-204.8  -13.6  1486.0  40.0  -58.4  -0.7
-202.8  -0.8  1500.8  24.7  -57.3  -7.4
-191.6  -22.0  1464.4  -2.6  -63.3  13.0
-186.4  20.8  1498.0  37.2  -55.8  -0.6
-154.0  -6.4  1518.8  9.8  -64.9  6.4
-184.4  -0.4  1506.4  49.1  -59.8  -10.2
-199.2  -12.4  1493.2  30.9  -69.4  -9.6
-194.4  -12.0  1494.8  39.9  -38.2  -8.7
-169.6  -25.6  1474.0  19.9  -80.2  4.6
-212.8  10.8  1500.8  59.4  -78.9  -27.7
-171.2  -15.2  1475.6  29.8  -60.0  -6.3
-192.4  -9.6  1496.0  32.6  -74.9  -9.3
-174.8  -12.4  1493.2  35.6  -48.1  -4.7
-208.0  20.8  1496.8  17.5  -70.5  -4.9
-164.8  -14.4  1492.0  12.8  -60.7  25.0
-192.4  -5.2  1515.2  34.5  -48.0  -10.9
-199.2  -18.8  1476.4  18.6  -51.2  -5.7
-184.0  -22.0  1500.8  17.7  -60.3  1.4
-247.2  -17.6  1479.2  19.0  -59.3  8.8
-163.2  -34.4  1453.2  -39.0  -74.7  45.0
-143.6  -23.2  1493.2  -26.9  -78.6  45.1
-46.8  18.0  1510.4  -90.1  -159.5  108.6
609.2  -43.6  1753.6  -375.8  -595.0  159.5
917.6  -71.6  1833.2  -98.4  -1115.1  -644.0
141.2  -87.2  1724.8  824.2  -41.8  -1414.8
-987.2  -35.6  1285.6  188.8  -100.4  -1053.3
-1124.0  -101.6  1101.6  216.5  531.7  -376.6
-539.6  -257.6  1085.2  -434.2  184.6  396.3
-314.0  -242.0  1508.8  -191.4  78.7  413.8
-272.0  -180.4  1557.6  -75.4  107.5  340.8
-198.0  -136.8  1442.8  67.9  174.1  312.6
-8.4  -28.4  1664.0  -42.9  67.3  348.3
-24.4  -7.6  1511.6  143.9  -115.3  306.3
16.8  -23.6  1523.2  -11.9  -82.5  219.6
-48.0  47.2  1500.8  33.0  -82.9  157.1
-41.6  10.0  1505.2  3.7  -56.1  31.6
-174.8  -4.8  1490.4  8.6  -57.1  19.3
-227.2  -33.2  1530.0  -3.0  -49.4  8.2
-112.0  -41.2  1499.2  76.5  -22.3  -7.7
-108.4  -48.4  1501.2  30.7  -99.8  -10.9
-177.2  -12.4  1529.2  15.8  -137.9  -0.6
-131.2  -24.8  1512.4  68.5  -94.5  -17.8
-162.0  -17.6  1560.0  81.9  -63.0  -32.7
-174.8  -40.8  1498.8  74.0  -39.3  -49.9
-177.2  -32.4  1549.6  67.2  -31.3  -44.3
-186.0  -48.8  1475.6  104.8  -75.5  -76.6
-182.8  14.0  1457.2  44.7  -70.3  -13.3
-227.2  15.2  1393.6  13.0  -87.2  7.3
-204.0  21.6  1472.0  16.3  -27.7  10.9
-176.4  -28.0  1496.0  0.1  -57.0  18.6
-167.2  -51.2  1549.2  9.2  -47.3  0.8
-167.2  -46.4  1498.4  29.1  -49.6  -11.6
-208.0  -2.8  1476.0  10.4  -69.4  -35.6
-178.8  -30.0  1454.0  25.4  -62.1  -19.2
-214.0  -10.8  1504.0  -2.3  -76.5  -10.6
-194.4  -22.0  1463.2  33.2  -45.0  -26.9
-198.4  -25.2  1499.2  -11.8  -90.0  -24.8
-178.0  -38.8  1531.6  12.2  -35.6  -18.7
-217.6  -39.6  1502.4  37.5  -43.4  -25.7
-198.8  -52.8  1487.6  31.5  -65.1  -23.9
-204.8  -48.4  1480.0  2.7  -63.5  -2.9
-198.0  -36.0  1489.6  52.4  -46.7  -28.9
-202.0  -39.6  1504.8  25.6  -44.4  -22.5
-206.0  -41.6  1460.4  21.3  -62.4  -13.1
-191.2  -48.8  1501.6  39.4  -45.8  -4.2
-214.4  -48.4  1489.6  12.0  -78.2  -8.0
-189.6  -44.0  1494.4  31.1  -67.8  -8.4
-176.4  -49.6  1488.8  27.5  -66.8  -6.8
-228.0  -49.2  1512.8  38.8  -65.8  -22.6
-207.2  -62.0  1495.2  33.2  -56.4  -13.6
-191.6  -47.2  1499.6  19.4  -49.3  24.5
-184.4  -52.4  1501.6  31.6  -71.6  -13.8
-211.6  -40.8  1516.4  60.4  -69.4  -31.2
-200.4  -6.0  1466.0  39.3  -44.2  -14.1
-192.4  -55.2  1492.4  43.6  -51.5  -12.6
-203.2  -53.2  1489.6  38.1  -57.5  -11.6
-184.0  -42.4  1473.6  36.2  -63.0  -3.5
-218.4  -40.0  1490.4  38.8  -51.0  -7.4
-132.8  -70.8  1474.4  66.9  -75.0  -1.6
-205.6  -26.4  1463.2  54.6  -48.6  -6.9
-181.2  -45.2  1471.6  32.3  -56.5  7.2
-212.8  -45.2  1509.6  35.5  -67.4  7.4
-211.2  -61.6  1501.2  33.8  -54.7  12.4
-235.2  -40.4  1489.2  28.2  -51.5  6.8
-186.8  -49.6  1466.4  27.1  -68.0  18.7
-207.2  -8.8  1459.2  19.2  -81.4  18.7
-182.0  -34.8  1497.2  30.1  -76.0  18.2
-223.6  -31.2  1476.0  53.0  -66.7  -6.2
-193.6  -44.0  1539.2  32.3  -72.3  -2.7
-226.0  -58.0  1457.2  95.3  -44.3  -32.0
-242.0  -32.4  1457.2  44.3  -85.3  -16.8
-214.8  -28.4  1446.4  5.2  -80.7  11.2
-210.0  -38.8  1489.2  -12.1  -79.3  10.4
-170.8  -43.6  1518.8  47.8  -63.6  -17.0
-195.2  -29.6  1494.4  45.7  -71.9  -27.0
-206.0  -50.8  1504.8  44.7  -42.2  -19.8
-201.6  -42.0  1508.8  47.1  -72.2  -26.7
-214.8  -30.4  1461.2  62.7  -56.2  -37.3
-215.6  -32.8  1467.2  46.6  -53.9  -27.0
-207.2  -39.6  1452.4  35.8  -65.4  -10.9
-194.0  -23.2  1519.6  -11.7  -68.5  25.0
-195.6  -23.2  1515.2  58.8  -56.3  -34.1
-210.0  -34.4  1475.6  47.5  -54.5  -19.0
-193.2  -38.0  1485.6  25.7  -102.1  -4.0
-207.6  -24.4  1472.0  19.0  -53.3  -9.3
-194.0  -35.6  1486.8  27.6  -82.5  -4.7
-224.8  -34.8  1509.2  16.7  -37.5  -2.2
-187.6  -43.2  1497.6  21.5  -71.7  25.5
-228.8  -40.4  1503.6  46.9  -32.5  -11.0
-211.6  -54.8  1467.6  21.9  -77.6  3.2
-231.6  -39.6  1477.6  28.4  -49.4  5.8
-206.4  -44.8  1486.0  8.1  -57.4  11.7
-203.2  -36.4  1504.0  -5.6  -66.7  11.3
-199.2  -61.2  1502.0  60.0  -40.8  -21.3
-217.6  -63.6  1481.2  52.6  -69.1  -11.6
-229.6  -59.6  1480.4  85.6  -65.2  -21.3
-219.6  -47.6  1470.8  6.6  -71.0  11.0
-225.2  -39.6  1460.0  60.1  -72.8  -14.2
-208.0  -28.8  1474.8  16.9  -90.1  3.4
-184.8  -22.4  1518.8  6.4  -102.4  10.2
-186.4  -4.0  1534.0  38.7  -59.7  -12.0
-202.0  -39.2  1534.0  52.4  -43.2  -31.2
-230.0  -68.4  1477.2  76.8  -72.8  -38.7
-219.6  -50.4  1502.8  44.5  -29.8  -0.7
-228.4  -41.6  1441.6  35.4  -51.9  -14.0
-216.0  -49.6  1509.6  -6.7  -64.8  4.0
-190.8  -48.8  1476.0  50.8  -73.9  -13.8
-184.0  -23.6  1520.8  -6.1  -65.0  -6.7
-200.4  -38.4  1501.2  22.4  -68.5  -11.1
-196.8  -47.2  1494.4  26.5  -47.0  -21.5
-217.2  -50.8  1476.4  39.9  -60.1  -24.0
-205.6  -59.2  1502.4  31.3  -38.8  -5.6
-206.4  -48.0  1472.0  27.5  -73.2  -9.3
-220.8  -57.2  1476.8  24.3  -47.7  -9.1
-198.0  -66.8  1504.4  5.4  -69.9  8.6
-214.4  -58.0  1493.2  51.8  -76.6  -16.6
-216.4  -68.0  1464.8  0.0  -76.9  4.4
-229.6  -49.2  1484.0  13.3  -57.7  8.0
-187.2  -58.4  1466.0  15.9  -82.6  5.2
-213.6  -46.0  1529.6  13.2  -58.0  -4.6
-198.8  -75.6  1498.4  47.8  -79.2  -15.0
-226.8  -62.0  1535.6  43.5  -40.0  -16.3
-210.8  -85.6  1474.8  52.0  -77.4  -15.4
-242.4  -59.2  1488.0  25.9  -47.7  -11.8
-184.8  -62.0  1470.8  21.0  -100.7  5.5
-213.2  -39.6  1546.4  37.9  -49.4  -11.0
-189.2  -74.0  1522.4  74.1  -12.1  -28.5
-224.8  -58.0  1482.8  77.5  -29.1  -13.2
-249.2  -74.8  1440.8  -16.0  -30.7  15.6
-377.6  -36.0  1447.6  -40.1  -14.3  42.6
-344.4  -15.2  1350.0  -114.6  1.2  142.9
-93.2  -102.0  1333.6  -448.3  -19.4  423.6
1536.0  -325.6  2366.8  -708.2  -950.5  466.5
1034.8  -412.4  2374.4  211.1  -1234.7  -1431.5
-906.8  -274.4  1352.0  1411.9  586.4  -2388.2
-1805.6  -134.4  844.4  782.9  689.7  -1065.5
-974.4  -272.0  922.4  76.2  431.7  426.1
-282.8  -130.4  1228.8  -402.7  110.2  611.9
-318.0  -80.8  1448.4  -294.6  -31.1  426.2
-178.0  -29.6  1570.8  -1.3  -9.1  393.8
-198.0  -49.2  1604.0  -23.4  -43.9  504.6
23.6  -40.8  1528.4  8.6  -182.8  352.5
-72.4  56.8  1436.8  44.7  -96.2  216.9
24.0  26.8  1515.6  -13.3  -183.2  106.9
-210.0  74.0  1522.4  -16.3  -195.0  70.9
-126.4  50.4  1512.0  37.6  -17.8  96.1
-100.8  62.0  1499.6  -0.3  -53.2  26.2
-107.2  64.0  1540.8  29.5  -164.7  -22.9
-184.4  6.4  1490.0  34.0  -81.1  21.3
-190.4  -4.8  1537.2  30.5  -21.0  1.0
-135.6  -15.6  1524.4  69.5  -14.2  -0.1
-156.8  -4.0  1492.4  52.2  -63.3  -8.9
-176.0  23.6  1494.4  -11.6  -91.7  10.9
-177.6  47.6  1458.4  12.5  -49.3  10.0
-176.0  27.2  1532.4  13.3  -69.9  -14.8
-211.6  14.8  1502.4  37.9  -29.7  -14.9
-158.4  -2.4  1478.0  59.7  -41.9  -29.3
-191.6  -6.8  1491.6  9.6  -72.2  -12.6
-178.0  -21.2  1482.0  48.8  -33.9  -12.5
-219.6  6.4  1504.8  -10.8  -73.4  -5.7
-202.4  -22.4  1469.2  25.1  -47.6  4.4
-210.8  -0.4  1501.2  -21.3  -96.0  5.5
-179.6  4.0  1498.8  31.6  -9.5  -22.2
-217.2  -5.6  1500.0  3.5  -45.1  -26.3
-189.2  -14.8  1495.2  49.7  -4.6  -31.3
-229.2  -7.2  1466.0  25.3  -64.4  -9.5
-226.0  -19.2  1501.2  35.0  -36.4  -16.6
-255.2  -26.0  1491.6  40.6  -36.5  -40.9
-228.4  -0.4  1454.8  85.5  -29.3  -37.5
-210.0  -13.6  1504.8  -32.2  -56.1  7.5
-208.4  -16.4  1503.6  60.4  -59.5  -41.1
-262.4  -14.4  1486.0  44.3  -52.5  -39.7
-233.6  -21.2  1439.6  85.7  -38.8  -47.3
-212.4  -22.0  1481.2  -19.2  -73.2  -8.9
-228.8  -14.0  1483.6  76.1  -45.1  -32.2
-236.0  -16.0  1510.0  0.5  -57.2  -18.8
-212.8  5.6  1466.8  73.0  -44.3  -21.2
-226.4  -12.4  1480.0  6.3  -72.8  -12.0
-224.8  -12.4  1490.0  42.1  -59.6  -16.6
-221.2  -14.4  1522.4  32.2  -68.9  -14.6
-206.0  -15.2  1483.6  71.5  -67.1  -12.3
-226.4  20.0  1531.2  -13.3  -73.5  6.1
-186.8  0.4  1503.2  7.1  -59.0  0.2
-233.2  -2.0  1494.4  54.2  -22.6  -19.6
-248.4  -40.4  1479.6  8.7  -59.8  9.6
-231.6  -28.4  1466.4  76.5  -54.3  -21.0
-239.6  -13.6  1479.6  -5.7  -49.2  0.7
-195.2  -40.0  1471.6  30.5  -48.0  7.2
-266.4  -11.2  1501.6  65.0  -60.7  -17.8
-217.6  -21.2  1478.8  73.8  -67.1  -19.0
-271.2  -26.4  1489.2  40.2  -56.3  5.9
-225.6  -36.8  1467.6  40.5  -102.1  3.8
-239.2  30.4  1491.2  14.7  -57.1  22.2
-199.2  17.2  1527.6  50.3  -65.0  -12.8
-246.8  -19.6  1488.4  66.1  -31.5  -26.7
-228.4  -24.8  1500.8  68.2  -61.9  -24.4
-260.8  -21.2  1461.6  63.8  -41.2  -9.6
-251.6  -14.0  1452.0  40.8  -84.6  -2.1
-257.6  0.4  1504.4  -14.0  -80.4  18.2
-254.4  -1.2  1462.8  10.3  -77.3  9.2
-224.0  -13.6  1496.0  48.1  -44.4  -15.0
-252.0  -7.6  1476.8  42.0  -63.9  -15.1
-236.8  -36.4  1494.8  20.9  -47.2  0.2
-220.0  -20.8  1470.4  86.6  -84.2  -21.2
-215.6  -13.2  1501.6  -10.2  -67.6  21.7
-278.4  4.4  1489.2  41.9  -59.7  -13.5
-197.6  -18.8  1506.4  28.3  -50.7  -9.3
-239.6  -10.0  1444.0  40.0  -77.9  -12.9
-237.6  6.4  1556.4  7.1  -63.5  -3.9
-180.0  -50.8  1496.4  50.3  -61.2  -22.1
-262.4  -5.2  1519.2  57.1  -47.3  -33.4
-242.0  -42.8  1445.6  79.6  -33.4  -12.9
-266.4  -24.0  1462.8  27.8  -76.9  -7.3
-245.6  -8.8  1500.0  5.9  -70.0  8.9
-254.0  -39.6  1470.8  38.5  -70.8  -4.5
-253.2  12.8  1466.8  -16.8  -93.4  19.8
-232.4  11.6  1542.4  22.1  -40.2  5.2
-232.4  -7.6  1496.0  11.0  -51.8  -5.0
-208.0  -20.8  1485.2  78.4  -35.5  -26.2
-262.8  -17.6  1483.2  37.8  -63.0  -8.3
-246.4  -26.0  1440.4  42.7  -53.0  -4.9
-240.8  -31.6  1506.0  15.2  -84.1  19.0
-276.0  -18.8  1474.4  30.3  -68.1  -0.5
-236.4  1.2  1502.0  11.5  -26.2  -25.2
-229.2  -11.6  1467.2  20.4  -76.8  24.8
-272.0  20.8  1512.4  54.2  -36.6  -8.4
-263.6  -42.8  1442.4  51.7  -58.6  -6.8
-245.6  -36.4  1522.4  -15.1  -45.2  18.3
-232.4  -20.0  1488.8  55.2  -61.2  -7.5
-248.4  -16.0  1525.2  36.5  -62.1  -16.3
-275.6  -50.4  1449.6  63.3  -60.3  -18.4
-246.4  -38.4  1434.0  17.4  -56.0  6.0
-272.8  -13.2  1508.4  -11.5  -89.5  30.9
-206.0  -7.2  1502.4  29.5  -68.9  -1.9
-228.0  -19.6  1547.2  -5.0  -68.4  13.2
-248.8  -8.8  1532.4  119.9  -30.1  -45.7
-232.8  -31.6  1447.2  15.5  -75.1  -1.2
-236.0  -44.4  1471.2  74.7  -61.2  -20.5
-272.8  -18.8  1490.0  -3.5  -75.8  11.9
-252.0  -14.8  1455.6  84.1  -79.3  -22.7
-231.2  9.6  1503.6  -34.0  -85.9  24.0
-169.2  -28.0  1537.2  63.2  -36.9  -13.3
-246.4  -14.4  1519.6  57.4  -47.5  -28.3
-276.4  -49.2  1453.6  52.3  -58.2  -17.4
-284.4  -5.6  1475.6  11.6  -65.3  -5.4
-240.4  -20.0  1463.6  39.7  -69.3  -12.1
-268.0  4.8  1510.4  33.2  -48.1  -6.0
-242.4  -34.0  1473.6  40.5  -54.8  -4.4
-238.8  -41.2  1514.8  43.5  -63.6  -11.6
-241.6  -13.2  1414.8  40.1  -86.9  3.8
-270.4  34.0  1499.6  -32.3  -84.6  16.5
-208.0  15.2  1497.2  15.7  -44.0  -11.8
-228.8  -27.2  1535.2  62.4  -40.4  -35.1
-256.4  -30.8  1439.6  90.6  -46.8  -50.5
-271.6  -42.0  1436.0  -10.1  -45.3  21.4
-248.4  -28.0  1502.8  13.1  -79.9  15.7
-240.0  -22.0  1521.2  17.7  -71.8  -5.3
-211.2  -10.0  1503.6  32.9  -55.2  -13.2
-248.8  -13.6  1486.4  65.5  -67.3  -31.4
-261.6  -47.6  1449.6  26.9  -0.5  -8.1
-270.0  -47.6  1490.0  24.5  -81.1  1.3
-276.4  -23.2  1410.8  10.2  -71.1  16.4
-255.2  -16.8  1508.4  8.9  -71.6  5.7
-231.6  -14.0  1494.4  8.5  -44.0  25.5
-292.8  -38.4  1425.2  0.5  -5.9  24.3
-274.8  23.6  1367.6  -202.7  -28.6  169.7
969.2  -25.6  2010.0  -539.3  -324.8  390.7
1152.8  -292.8  1842.8  -157.9  -1700.2  -648.8
-888.0  -92.4  2203.6  582.8  214.1  -1764.0
-1574.8  -252.8  927.2  592.9  740.0  -645.8
-724.4  -239.6  854.4  338.3  837.7  443.3
-332.0  -300.0  1081.2  -512.8  -262.5  567.1
-283.6  -162.8  1502.0  -226.6  42.0  338.4
-60.8  -75.2  1621.2  -18.9  -125.2  247.5
-118.8  -14.8  1612.4  -40.4  -214.4  255.4
-88.8  -14.0  1678.4  254.8  -224.0  191.3
-33.2  89.6  1654.0  193.2  -32.5  175.1
-131.2  3.2  1461.6  182.8  -123.3  32.1
-106.0  -5.6  1462.0  7.6  -49.3  -39.1
-139.6  20.8  1470.4  126.2  -48.0  -32.4
-178.8  20.0  1448.4  17.2  -56.9  -3.1
-151.6  2.4  1523.2  -30.0  -9.0  33.8
-162.4  5.6  1507.2  34.9  -60.8  28.1
-145.2  16.8  1531.6  -24.8  -94.1  5.0
-143.6  33.2  1486.0  59.4  -8.2  -6.6
-190.4  -17.6  1499.6  -25.6  -46.6  20.2
-190.0  1.6  1558.8  40.3  5.6  -1.2
-216.0  2.4  1488.8  81.4  -30.2  -22.3
-198.8  -19.6  1470.0  4.3  -30.5  0.4
-184.0  -2.4  1511.6  53.1  -37.6  -10.6
-170.8  -6.0  1470.4  65.7  -22.0  2.1
-253.6  32.0  1476.0  -17.8  -142.7  8.7
-196.0  -6.8  1531.2  35.8  3.5  -0.9
-229.6  -10.4  1499.2  40.5  -83.6  -19.0
-223.2  -35.6  1452.4  30.0  -18.5  -18.9
-232.8  -15.2  1457.2  58.9  -101.6  -27.5
-233.2  -10.4  1428.8  -15.2  -59.5  20.2
-208.4  7.6  1464.8  -47.1  -61.3  36.7
-200.4  10.0  1532.8  -28.4  -75.7  31.1
-186.0  18.0  1511.2  38.3  -52.6  -0.2
-188.4  -8.0  1548.0  22.4  -50.7  -13.5
-250.0  -27.2  1498.0  64.6  -2.1  -26.1
-205.6  -48.4  1477.2  33.9  -29.7  4.1
-222.4  -46.4  1487.6  19.1  -0.2  -4.2
-276.0  -35.6  1480.8  -14.1  -60.5  2.9
-227.6  -28.4  1480.8  25.0  -77.5  4.6
-219.6  -19.6  1477.6  -2.7  -61.4  -1.3
-243.2  -17.6  1509.2  27.6  -55.3  -22.3
-276.8  -45.6  1472.8  -18.7  -80.2  -25.1
-211.2  -52.0  1501.6  0.1  -42.6  4.7
-236.8  -29.6  1491.6  35.9  -44.3  -13.5
-208.0  -63.2  1466.4  24.2  -37.1  15.1
-261.2  -43.6  1461.2  -4.7  -54.6  26.8
-265.2  -51.6  1471.6  -57.2  -38.4  76.6
-162.8  -101.2  1288.4  -201.1  -118.9  190.1
38.8  -116.0  1350.0  -620.6  -519.8  522.0
1587.6  -130.4  2034.8  -323.4  -361.4  -189.5
589.6  -393.2  1198.4  689.1  85.0  -2160.6
-1367.2  -320.4  1811.2  882.3  -114.3  -1722.2
-1874.8  75.2  1828.8  286.9  147.9  -78.9
-384.8  -380.4  1042.8  -234.0  234.9  450.5
-59.2  -390.8  1357.6  -266.3  12.4  437.2
-196.4  -297.6  1535.6  29.5  85.3  170.7
-268.4  -124.4  1556.4  84.2  -20.6  261.8
-176.4  -83.2  1522.4  197.3  -25.4  184.4
-186.4  -123.6  1529.6  138.8  -29.4  244.4
-134.4  21.2  1511.6  146.5  -75.1  227.4
-68.8  19.6  1505.2  187.9  -33.3  162.1
-196.4  20.0  1412.0  178.1  -103.5  74.1
-137.2  30.0  1455.6  21.4  6.7  27.4
-156.8  54.8  1502.0  74.9  -88.2  14.7
-182.4  35.2  1482.8  -19.9  -37.3  37.8
-236.0  35.2  1522.8  18.4  -40.0  48.9
-204.0  40.0  1483.6  44.7  -26.3  72.9
-156.4  6.8  1463.6  14.2  -31.9  33.3
-181.6  -0.4  1439.2  8.8  -81.1  26.6
-191.2  -7.6  1476.4  -40.3  -79.7  18.3
-203.6  6.0  1573.2  -8.0  -40.0  4.5
-188.0  -10.0  1495.6  36.3  -59.3  -12.1
-222.0  -8.0  1479.2  -40.4  -66.0  3.4
-202.4  -33.2  1461.6  26.6  -45.8  -1.6
-206.4  -16.4  1500.0  -25.1  -74.8  -2.0
-194.8  -25.6  1519.2  36.8  -44.8  -13.1
-212.0  -24.4  1504.4  4.8  -23.4  -1.2
-187.2  -40.4  1483.2  21.5  -38.2  -14.3
-226.4  -42.4  1474.0  -23.9  -76.8  10.1
-214.0  -68.8  1485.6  -26.4  -63.3  18.4
-218.8  -47.6  1503.2  50.2  -58.5  -6.1
-226.8  -43.2  1501.2  -0.5  -68.4  0.6
-221.2  -59.2  1466.8  55.5  -62.5  -4.1
-227.6  -34.0  1478.0  -12.5  -82.6  9.6
-216.4  -62.8  1500.0  30.6  -64.8  8.0
-224.4  -68.0  1450.8  71.8  -64.1  -24.9
-181.2  -52.8  1472.8  -1.7  -83.9  16.0
-250.0  -71.2  1495.6  55.9  -41.2  -2.0
-224.4  -68.4  1472.0  -3.2  -84.4  6.1
-211.6  -74.0  1502.4  53.8  -60.4  -8.3
-228.8  -45.2  1492.8  19.3  -79.1  -25.0
-183.6  -68.0  1503.2  32.4  -71.4  -10.8
-208.0  -66.0  1500.0  25.8  -38.3  -14.1
-220.4  -67.2  1433.6  69.2  -60.7  -33.0
-224.0  -26.0  1473.6  -18.9  -59.0  17.1
-198.0  -59.2  1500.4  35.5  -49.9  -16.3
-216.0  -39.2  1498.4  28.1  -57.9  -16.7
-206.4  -52.8  1495.2  55.3  -44.2  -29.1
-242.0  -54.4  1501.6  -6.3  -47.9  3.2
-199.2  -71.2  1484.0  50.6  -82.9  3.6
-235.6  -36.0  1502.8  2.6  -43.5  2.2
-225.2  -75.2  1490.8  57.7  -41.3  -6.7
-268.4  -62.8  1456.8  51.6  -58.1  -2.8
-241.2  -54.8  1487.2  32.5  -41.9  -17.4
-294.4  -56.8  1432.8  30.2  -40.7  11.3
-207.2  -69.6  1504.0  -70.9  -72.1  52.4
-208.8  -76.4  1541.6  32.3  -64.6  15.9
-281.6  -57.2  1492.4  49.2  -73.8  -1.9
-218.4  -52.0  1483.2  77.5  -77.0  -14.8
-244.4  -46.8  1468.0  104.7  -30.0  -20.0
-227.6  -45.6  1454.4  88.2  -72.8  -9.7
-238.8  -32.8  1461.2  38.5  -56.4  6.8
-227.6  -36.0  1478.0  44.1  -78.1  14.7
-241.6  -17.6  1526.0  24.8  -35.1  18.2
-224.4  -52.0  1490.0  102.2  -17.7  -18.8
-253.6  -34.4  1499.6  45.5  -24.5  7.6
-264.8  -55.6  1496.0  97.7  -5.9  -37.0
-292.8  -46.4  1450.4  58.1  -17.6  -17.6
-269.6  -50.0  1464.0  24.8  -68.6  23.5
-266.4  -16.0  1296.8  -59.1  -125.4  158.5
-40.8  -46.8  1050.0  -734.3  -509.3  777.3
1929.6  -380.4  1724.0  -1166.1  -1310.1  994.3
761.2  -298.4  2322.0  82.4  -236.2  -2112.2
-2016.0  -148.4  1843.6  1947.7  1136.3  -2008.1
-1002.8  -105.6  787.2  878.2  548.2  -129.2
-266.4  -310.4  911.6  -488.5  146.3  664.5
-255.6  -263.6  1496.8  -204.5  -57.0  301.4
-267.6  -136.0  1648.4  107.9  232.4  134.3
-268.4  -17.2  1539.2  170.0  -43.3  204.6
-91.2  86.4  1637.6  203.7  -23.0  315.4
18.8  100.4  1539.2  275.9  38.7  225.2
-15.2  160.0  1506.0  308.1  96.4  29.0
-160.4  132.0  1367.2  349.0  55.9  -98.5
-253.6  204.4  1319.6  263.0  -22.6  -112.2
-246.0  164.4  1369.6  44.8  -35.5  -69.0
-318.0  191.6  1458.0  -2.5  -121.3  -7.8
-248.0  141.6  1448.8  -49.9  -31.6  -26.9
-186.4  102.4  1568.0  -22.9  -76.9  35.5
-248.4  136.0  1529.6  32.9  -82.8  -22.3
-216.8  110.0  1501.2  86.3  -68.6  -14.7
-238.0  174.4  1480.8  57.8  -49.2  1.2
-287.2  162.4  1435.2  -4.6  -73.0  10.2
-280.0  154.0  1525.6  -36.4  -25.7  24.2
-279.2  158.0  1460.0  64.0  -74.4  4.8
-258.0  186.4  1489.2  18.6  -55.4  8.1
-285.2  179.2  1483.2  120.5  2.4  -29.3
-266.8  162.0  1458.4  42.2  14.5  -26.4
-272.8  160.8  1444.8  126.3  59.8  -62.1
-279.2  148.8  1384.0  48.5  11.4  -40.6
-318.0  168.0  1474.0  4.9  -36.3  -25.2
-310.0  164.4  1446.0  39.9  -49.3  -27.0
-271.2  159.6  1452.8  1.8  -87.4  -8.3
-343.2  167.2  1423.6  19.6  -65.7  -33.9
-282.0  129.2  1460.0  18.5  -89.1  -13.8
-312.4  201.6  1484.0  38.1  -75.8  -29.3
-294.4  158.8  1521.6  11.8  -61.7  -8.2
-311.2  129.2  1474.4  43.2  -38.8  -23.8
-274.4  145.2  1501.2  54.2  -55.5  -14.2
-324.4  138.4  1420.8  67.4  -51.8  -17.4
-308.8  139.2  1448.8  -4.6  -61.5  11.6
-354.8  155.2  1424.4  3.5  -54.8  14.2
-266.4  130.8  1480.0  -12.2  -81.2  28.3
-328.4  164.4  1483.6  46.6  -73.3  -13.9
-267.6  148.0  1499.2  16.3  -55.3  13.0
-293.6  144.4  1509.2  44.4  -77.9  -18.7
-300.0  174.4  1500.4  25.4  -54.1  -5.7
-284.8  143.6  1474.8  74.9  -34.1  -16.6
-309.6  168.4  1425.2  48.6  -55.4  -37.5
-388.8  156.4  1437.6  4.4  -46.1  11.4
-296.8  128.0  1453.6  18.0  -31.8  35.6
-272.8  137.2  1525.2  44.9  -72.8  -8.1
-302.4  130.0  1470.4  51.1  -59.7  -21.9
-331.6  146.8  1443.6  0.7  -41.3  -7.9
-334.0  148.4  1441.2  1.5  -35.0  -3.8
-310.0  161.6  1457.2  0.6  -62.1  -3.0
-382.8  150.8  1458.0  56.5  -52.6  -11.8
-357.6  115.6  1453.6  36.4  -45.3  25.2
-286.8  106.0  1465.6  51.0  -75.6  3.2
-314.4  104.8  1461.6  15.6  -65.8  6.8
-355.2  134.4  1438.4  19.9  -44.4  1.3
-300.8  133.2  1432.4  -20.4  -77.8  22.7
-328.4  154.4  1475.6  -1.6  -69.6  -3.5
-346.4  119.6  1431.2  -75.0  -92.0  -15.3
-342.8  123.2  1412.0  -139.6  -69.7  5.4
-357.2  100.0  1483.2  -112.0  -44.8  63.6
-332.8  64.4  1471.2  -50.0  -64.3  56.3
-323.2  42.4  1483.2  -17.4  -80.0  32.6
-293.6  49.6  1456.0  -11.9  -74.7  23.6
-262.4  41.2  1383.6  -24.3  -107.4  70.3
-106.4  -23.6  1384.0  -155.1  -251.8  306.9
1295.2  54.4  1717.2  -459.0  -705.2  650.9
842.0  -22.8  1711.6  -113.2  -828.6  -1443.2
-1453.2  -80.4  2163.2  218.7  -292.0  -1526.3
-1719.6  -250.4  1775.2  293.2  151.1  -477.1
-408.0  -199.6  845.2  -83.2  408.4  335.9
-139.2  -223.6  1334.4  -153.0  -2.7  301.7
-435.6  -131.6  1494.8  89.3  150.2  188.9
-330.4  19.2  1590.4  -3.8  101.2  351.0
-229.6  24.0  1598.0  168.9  -14.5  277.8
-153.2  52.4  1580.8  201.6  68.0  200.1
-19.2  150.8  1427.6  239.7  6.5  55.6
-100.4  99.6  1435.2  112.6  -131.3  -10.6
-254.8  102.8  1437.2  189.0  -38.6  -75.1
-349.6  133.6  1523.6  59.6  -45.3  -19.9
-328.8  113.2  1460.4  197.5  81.7  3.3
-255.2  128.4  1430.4  53.0  -32.6  51.9
-214.0  143.6  1497.2  -17.9  -32.8  40.7
-243.2  148.8  1462.0  31.0  -24.0  1.3
-261.2  144.0  1469.2  -23.8  -47.2  -20.8
-311.6  132.4  1485.6  43.3  -35.4  -15.7
-313.2  120.4  1464.0  44.5  -75.6  -8.4
-283.2  114.4  1455.6  50.9  -35.4  5.5
-358.4  127.2  1484.0  23.9  -75.0  14.2
-309.2  116.0  1434.8  81.6  -30.1  -25.3
-342.0  131.2  1448.8  70.7  -42.9  4.4
-304.0  152.0  1491.2  110.6  -58.5  29.0
-334.0  149.2  1480.4  109.8  -44.2  -16.6
-328.8  140.8  1448.4  47.2  -61.5  -1.3
-348.4  144.0  1453.6  30.7  -49.0  9.0
-319.6  165.2  1432.0  54.1  -58.1  -11.4
-358.4  159.2  1433.6  -5.9  -71.2  6.0
-325.2  151.2  1456.4  43.4  -52.0  -1.8
-331.2  140.0  1448.8  22.2  -59.2  1.7
-321.2  159.2  1441.6  58.5  -65.9  5.0
-327.2  158.4  1482.4  29.3  -62.3  -7.5
-345.2  159.2  1427.6  27.7  -58.8  -4.1
-345.2  144.0  1479.2  -6.0  -41.9  -1.3
-354.0  131.2  1488.8  8.7  -68.0  2.9
-355.2  128.4  1420.0  -37.9  -57.1  17.1
-444.4  157.6  1330.4  -222.1  -138.9  152.0
-347.6  88.4  1269.2  -409.7  -190.7  388.2
9.6  -49.2  1259.6  -632.2  -205.5  601.6
1059.6  77.6  2007.6  -711.7  -577.4  767.1
690.0  -222.8  1961.2  496.1  -617.5  -1428.3
-950.8  -110.4  1825.6  836.5  -69.7  -2006.0
-1504.4  35.6  1476.4  712.8  201.5  -669.3
-552.0  -302.0  945.6  -42.4  540.3  70.9
-620.4  -192.0  1269.2  -491.0  -243.1  402.3
-511.2  -59.2  1544.0  -122.0  20.3  317.5
-189.2  31.6  1544.4  -207.3  -4.3  366.4
-146.4  65.2  1675.6  52.6  113.5  276.8
21.6  78.4  1574.4  254.6  111.4  107.8
-48.8  89.6  1521.2  164.5  63.8  108.7
-138.4  98.0  1410.4  198.4  43.0  -55.5
-254.8  122.0  1434.8  135.5  12.9  -55.0
-285.2  140.0  1430.8  131.8  -14.3  -55.0
-287.2  146.4  1444.8  117.3  34.3  -42.7
-352.0  164.8  1426.8  56.1  -41.6  -29.8
-346.8  126.8  1457.6  4.2  -3.9  38.2
-304.4  131.6  1485.2  40.2  2.3  -12.9
-340.4  104.8  1444.0  1.6  -35.2  2.1
-310.4  133.2  1498.8  0.7  -75.6  12.6
-332.8  135.2  1454.0  65.7  -57.3  10.3
-352.0  121.6  1437.6  40.3  -41.5  1.0
-336.4  127.6  1422.4  53.0  -60.7  8.1
-377.2  140.4  1437.2  11.4  -62.6  -24.7
-342.0  123.2  1445.2  15.0  -60.2  7.6
-351.6  126.0  1453.2  4.9  -77.4  9.2
-371.2  126.4  1448.4  -10.0  -92.1  1.3
-349.2  124.8  1501.2  19.5  -77.5  -9.6
-363.2  121.2  1503.6  10.9  -50.5  8.2
-367.2  128.4  1453.6  45.3  -40.3  11.3
-375.6  126.4  1427.2  31.8  -35.5  4.2
-363.6  131.2  1470.0  34.6  -39.8  11.8
-362.4  119.2  1426.8  37.8  -14.0  11.3
-348.4  131.2  1455.2  -6.6  -39.8  7.2
-313.6  119.2  1469.2  13.5  -21.7  0.0
-375.2  120.8  1428.8  31.3  -71.0  -0.3
-358.8  97.6  1475.6  26.0  -27.3  -2.4
-369.2  109.6  1399.2  18.0  -60.7  -1.8
-388.4  116.8  1426.8  -44.0  -81.6  33.6
-353.6  109.2  1357.6  -43.5  -119.6  39.8
-349.2  91.6  1305.2  -177.9  -185.6  189.6
-190.8  70.8  1338.8  -417.7  -361.0  456.2
1002.0  33.6  1658.4  -443.9  -580.8  628.5
582.8  -6.8  1667.2  468.8  -591.6  -1105.6
-748.4  -129.2  1055.2  945.7  -373.5  -1551.7
-1856.0  -254.0  1422.0  118.2  75.5  -724.7
-864.8  -161.6  1432.4  133.3  728.9  -104.8
-483.2  -228.0  1316.8  -174.5  50.2  545.0
-354.8  -71.6  1304.4  -67.5  28.3  368.3
-130.8  18.4  1529.2  -90.4  179.0  374.5
-135.2  54.0  1503.2  44.9  46.8  192.2
-134.8  106.0  1537.2  -12.1  -19.1  130.2
-122.0  108.0  1478.4  70.6  -49.7  10.7
-179.6  115.2  1486.8  77.2  -43.1  -19.8
-328.0  141.6  1506.8  129.0  -36.0  -38.9
-363.2  120.4  1433.2  122.8  51.0  33.4
-328.8  104.4  1373.2  76.4  33.7  18.1
-297.6  100.8  1431.2  -75.7  -11.2  97.3
-341.6  89.2  1500.0  28.0  -67.2  26.8
-348.4  112.4  1479.6  17.4  -11.6  49.6
-342.8  110.0  1478.0  74.7  -25.9  30.7
-340.4  125.6  1438.8  20.7  -0.9  38.3
-331.2  117.6  1467.6  46.2  1.3  58.8
-350.0  109.6  1381.6  65.0  -31.7  44.7
-348.8  113.2  1434.8  -20.1  -37.2  12.8
-350.4  104.8  1479.2  45.5  -70.4  13.0
-333.6  123.2  1447.6  32.5  -37.3  -3.1
-377.2  96.8  1502.0  38.0  -38.4  5.9
-402.0  116.8  1468.0  84.6  -41.4  -5.4
-364.4  113.6  1412.4  91.7  -19.3  -4.7
-394.0  122.0  1432.0  36.4  -47.8  17.8
-354.4  127.2  1398.0  53.5  -61.0  -2.8
-396.0  129.2  1481.6  24.1  -56.2  -10.6
-391.6  122.4  1449.6  67.2  -39.7  2.5
-390.0  128.8  1442.0  19.2  -49.4  -24.6
-380.0  126.8  1442.4  45.9  -54.5  -12.1
-416.8  125.2  1428.4  6.8  -62.3  -12.4
-424.8  125.6  1416.4  35.9  -49.1  -0.4
-408.0  128.4  1458.0  9.6  -34.0  22.5
-416.8  117.2  1452.4  35.2  -36.2  13.4
-402.4  151.6  1438.0  34.4  -44.3  18.0
-393.2  121.6  1399.2  21.4  -59.9  9.9
-389.2  120.8  1413.6  -6.4  -51.8  -0.7
-414.4  117.2  1460.8  -6.9  -45.8  25.8
-426.8  112.4  1450.0  20.3  -69.3  17.2
-376.4  119.6  1440.0  31.1  -45.5  13.4
-362.0  107.6  1430.0  13.2  -45.1  -15.0
-392.8  85.6  1440.4  34.4  -54.1  23.8
-398.8  115.6  1431.6  56.0  -78.6  -10.4
-420.8  110.8  1422.4  -9.5  -70.2  32.3
-381.6  127.2  1400.4  -41.3  -85.6  69.9
-394.4  91.2  1419.2  -34.7  -79.6  45.0
-384.8  99.6  1486.4  -6.5  -77.8  33.3
-418.0  60.4  1492.8  2.8  -45.0  -39.8
-387.6  11.2  1462.0  6.4  -58.4  -19.9
-384.8  22.0  1499.2  28.6  -75.4  -33.9
-426.8  55.2  1409.6  87.5  -108.2  -50.3
-379.6  86.4  1418.4  23.5  -72.7  -13.6
-354.8  118.0  1444.8  35.3  -87.7  16.4
-373.6  108.8  1484.4  46.2  -56.9  -33.2
-378.4  110.8  1416.0  27.9  -57.9  -9.1
-387.2  56.4  1430.4  10.7  -34.1  -1.3
-421.6  72.0  1449.6  0.5  -49.4  8.1
-368.4  52.4  1424.8  23.6  -37.3  -6.6
-428.8  61.2  1480.4  -7.9  -101.2  16.8
-395.2  74.8  1425.2  31.3  -66.0  -5.1
-405.2  83.6  1463.2  5.1  -49.8  -5.6
-391.2  53.6  1400.0  27.9  -90.0  -9.3
-398.8  65.2  1444.0  37.6  -55.7  -10.9
-414.8  71.2  1447.6  12.5  -94.0  -0.6
-377.2  67.6  1450.8  36.0  -46.5  -19.6
-402.0  57.6  1467.6  26.9  -67.0  -4.4
-402.4  54.0  1426.4  51.8  -62.1  -13.0
-391.6  63.6  1439.2  0.4  -69.7  10.2
-397.6  54.4  1460.4  9.5  -26.5  12.9
-424.8  67.6  1416.4  54.3  -62.1  -5.0
-370.8  59.2  1418.8  -14.7  -56.9  41.6
-335.6  80.8  1414.0  4.8  -113.3  85.5
-28.0  104.8  1546.4  -88.2  -212.8  301.7
460.0  224.0  1654.4  -70.9  -890.5  43.5
611.2  270.4  1554.8  154.2  -934.0  -975.2
-434.8  -88.0  1204.4  158.8  -636.4  -1667.9
-1780.0  -242.4  1392.8  -151.5  -356.0  -846.0
-989.6  -333.6  2029.2  202.1  584.9  -86.7
-726.4  -313.2  1297.6  208.0  425.0  398.2
-482.8  -262.4  1418.8  148.9  133.8  770.8
-142.0  -85.2  1430.4  -158.6  110.1  1010.6
229.6  14.0  1517.2  -280.2  -67.0  786.2
210.4  123.2  1630.8  -4.1  -4.7  261.5
101.6  114.8  1497.6  120.3  -58.4  -33.8
-196.0  196.0  1586.8  65.9  -162.8  -24.2
-223.6  163.6  1516.0  220.5  18.1  -132.7
-238.0  120.4  1440.8  183.9  63.1  -103.1
-276.4  88.4  1415.6  205.7  34.4  -67.8
-288.4  107.2  1424.4  103.6  -13.0  -41.2
-317.6  78.4  1472.0  25.3  -27.5  5.0
-274.4  92.4  1476.4  16.2  -34.4  33.3
-274.4  88.4  1465.6  -17.8  -75.6  38.0
-292.8  111.2  1487.2  -36.5  -85.5  62.4
-276.0  124.4  1474.8  -21.8  -70.8  32.2
-252.8  132.4  1457.2  59.6  -38.5  19.4
-286.4  152.0  1460.0  42.6  -75.6  -14.1
-294.4  99.6  1447.6  96.8  -23.8  -43.2
-344.8  119.6  1373.6  109.4  -65.7  -56.9
-278.4  98.0  1469.2  -4.5  -36.7  30.7
-298.0  103.2  1490.0  48.8  -112.5  -1.8
-283.6  80.0  1468.4  -5.9  -62.5  36.6
-284.4  130.4  1490.4  3.8  -135.6  51.5
-254.0  131.2  1470.4  -2.6  -69.1  43.1
-274.4  125.6  1534.4  20.2  -73.5  -0.3
-276.0  78.4  1477.2  36.9  -71.9  7.1
-296.0  117.2  1466.0  26.0  -77.7  17.0
-287.6  110.8  1455.2  -21.8  -93.8  31.2
-280.4  95.6  1512.4  23.9  -46.7  3.6
-232.4  92.8  1492.8  29.4  -87.5  5.8
-288.4  90.0  1456.4  54.4  -56.1  -12.3
-294.8  109.2  1430.8  32.2  -67.9  -6.9
-256.4  104.8  1480.4  0.9  -70.8  11.4
-290.0  105.6  1472.4  40.4  -63.6  -13.6
-243.2  93.2  1488.8  11.7  -32.0  3.1
-257.6  118.0  1507.2  44.1  -71.7  -14.5
-268.8  90.8  1476.8  32.9  -59.7  -9.5
-272.8  104.0  1445.6  18.9  -89.4  17.0
-283.2  124.0  1462.4  25.5  -31.5  -10.4
-270.8  76.8  1443.2  22.0  -75.6  4.0
-275.6  92.0  1499.6  24.3  -55.6  5.8
-284.4  107.6  1477.6  50.4  -60.9  -9.3
-263.6  85.6  1457.6  33.1  -51.2  -8.5
-289.6  107.6  1454.4  -3.3  -68.6  -6.0
-277.2  88.8  1518.0  50.0  -35.7  -23.1
-332.8  62.8  1482.8  40.0  -48.1  -27.3
-328.0  85.6  1479.2  66.1  -45.9  -14.3
-278.8  71.2  1484.0  81.4  -61.5  -30.9
-310.0  101.2  1460.8  49.5  -39.2  -9.8
-304.8  99.2  1445.2  45.6  -21.4  -11.0
-299.6  122.0  1390.4  20.8  -41.8  8.7
-270.0  106.0  1469.2  -57.0  -51.9  52.9
-282.4  104.8  1437.2  -14.6  -94.1  58.8
-204.0  102.0  1375.6  -105.2  -170.6  153.4
63.2  1.6  1484.0  -303.5  -295.9  486.8
1606.8  31.6  2370.8  -408.7  -894.8  -18.7
576.4  -134.4  1622.0  1022.1  -617.5  -2036.9
-1659.2  -52.4  1032.4  531.5  107.1  -1761.2
-1655.2  -55.6  1571.6  14.9  -26.4  -108.9
-546.8  -192.0  970.0  -378.4  539.9  521.8
-474.8  -66.4  1595.6  10.3  -32.2  356.5
-339.6  -12.8  1584.0  13.4  62.6  285.2
-374.4  113.2  1490.8  1.3  103.4  320.2
-136.4  84.0  1635.6  -14.3  95.4  346.8
52.4  94.0  1551.2  -14.1  161.4  243.0
-88.0  83.6  1348.0  70.9  -11.2  140.9
-81.2  145.6  1436.4  4.5  -51.7  15.8
-298.0  204.0  1462.4  142.8  -65.3  -87.9
-342.0  183.2  1457.2  141.0  11.8  -73.5
-309.6  156.0  1454.4  29.2  -0.3  17.1
-300.8  158.8  1485.2  -1.1  -9.6  32.6
-286.0  119.2  1426.8  28.2  4.0  0.0
-234.0  76.8  1476.4  -41.0  -40.2  39.8
-338.8  139.2  1514.8  -24.5  -54.3  14.5
-311.6  141.6  1462.4  58.2  -31.4  -12.0
-342.8  138.0  1462.8  4.4  -43.5  -0.7
-328.8  144.8  1462.4  87.6  -14.1  -26.7
-344.8  128.0  1376.4  53.0  -58.0  -20.6
-386.8  155.6  1415.2  26.5  -33.2  -8.2
-337.6  152.0  1460.4  -13.5  -58.4  6.6
-337.6  103.2  1504.0  25.8  -12.6  4.8
-374.8  136.4  1438.4  39.8  -11.9  15.9
-363.6  131.2  1444.8  20.9  -27.1  -8.0
-376.0  136.4  1426.8  35.3  -36.8  12.6
-365.6  122.0  1416.4  43.5  -27.8  -14.3
-398.8  119.6  1418.4  7.7  -51.6  -0.7
-374.0  114.4  1408.0  -19.1  -40.7  11.5
-347.2  120.8  1514.8  18.9  -25.6  3.5
-409.6  129.6  1446.0  87.2  -38.7  -27.9
-368.4  111.2  1455.2  84.7  -12.9  -12.1
-424.0  136.0  1411.6  43.5  -40.6  -10.3
-373.2  128.0  1421.2  64.1  -44.6  -4.8
-399.6  139.2  1398.0  27.9  -41.1  3.0
-409.6  130.8  1430.8  8.3  -61.0  11.2
-422.8  143.2  1438.8  27.5  -70.2  -14.7
-387.2  142.8  1458.8  55.1  -37.2  0.8
-430.0  140.0  1448.4  26.6  -71.9  3.5
-388.0  120.8  1390.8  47.7  -50.7  -1.1
-397.2  142.0  1441.6  8.9  -61.1  0.9
-393.6  139.6  1440.4  -2.0  -100.2  13.0
-410.4  135.6  1440.4  -21.3  -33.7  13.3
-476.4  117.6  1339.6  -60.8  -132.6  59.0
-419.2  112.8  1223.6  -217.3  -191.2  222.3
-85.6  18.0  1298.0  -456.2  -263.9  471.8
830.4  18.4  1784.4  -600.1  -913.5  473.6
490.0  -53.6  2003.2  352.7  -469.2  -1374.6
-516.8  303.6  1398.8  1138.0  -413.3  -1646.1
-1171.6  80.0  1619.2  166.8  -145.7  -767.3
-910.0  -164.0  1856.0  159.8  761.4  -99.7
-591.6  -321.2  1282.8  -60.4  313.6  441.2
-382.0  -161.2  1338.0  -56.0  91.7  528.1
-256.4  -2.4  1397.6  -260.3  201.9  546.5
-89.6  68.8  1502.8  -179.5  195.6  387.7
-2.4  106.0  1540.4  -147.1  73.9  223.2
-138.4  71.2  1522.0  -62.1  5.8  103.9
-155.2  91.2  1489.6  82.0  -47.6  18.9
-298.4  89.6  1445.6  95.2  -104.0  -41.3
-321.6  102.4  1439.6  114.9  3.2  -23.8
-397.2  125.6  1438.4  67.2  -7.4  22.4
-337.2  113.2  1424.8  85.6  -24.4  -5.4
-335.6  91.2  1436.0  63.2  33.8  3.8
-404.8  91.2  1448.0  13.6  -54.3  11.2
-345.2  65.2  1512.4  39.7  58.4  36.3
-326.4  65.2  1469.6  57.4  -33.4  2.7
-384.8  93.6  1413.6  82.7  -51.5  -11.0
-400.0  110.4  1417.6  66.3  -45.4  -29.3
-413.6  90.8  1375.2  45.2  -64.4  -14.5
-379.2  101.2  1413.6  2.0  -62.3  7.8
-412.0  85.2  1424.0  25.1  -107.3  1.0
-362.0  101.6  1449.2  18.0  -52.9  -9.9
-356.0  67.6  1464.0  -8.4  -79.9  6.7
-379.6  87.6  1466.0  23.3  -75.7  1.9
-396.8  82.4  1438.0  -17.8  -59.4  17.7
-347.6  91.6  1468.8  9.5  -25.8  1.4
-404.8  92.4  1496.8  3.7  -48.2  -7.8
-357.6  67.6  1438.4  40.6  -36.8  -21.9
-392.4  53.2  1432.8  60.4  -45.8  -21.9
-390.4  66.4  1448.0  18.1  -76.8  -9.2
-393.2  56.4  1441.2  28.8  -52.9  -1.6
-394.0  72.0  1462.4  13.8  -65.0  0.2
-381.6  60.4  1449.6  44.6  -41.8  6.5
-396.8  71.6  1419.6  9.8  -84.2  -3.1
-398.0  65.2  1453.2  20.7  -49.2  6.3
-429.6  50.0  1424.4  39.8  -74.3  -3.3
-380.0  60.0  1455.6  17.4  -72.3  11.2
-428.0  76.0  1436.8  0.5  -68.3  21.6
-383.6  101.6  1442.4  43.0  -42.0  12.8
-377.2  63.2  1426.0  -1.8  -76.6  15.9
-422.4  99.6  1419.2  16.9  -64.7  -1.2
-409.6  70.8  1332.8  -70.7  -134.2  63.0
-433.2  47.2  1305.6  -156.7  -136.1  124.9
-215.6  20.0  1270.4  -262.4  -299.5  281.3
302.4  -28.4  1418.4  -349.5  -684.0  426.0
764.4  46.4  2002.0  44.9  -241.6  -767.3
-430.4  -93.2  1870.0  865.6  -528.7  -1041.2
-910.8  -11.2  1625.6  514.5  -174.3  -1065.4
-1048.0  -168.8  1541.2  102.9  -97.0  -171.7
-552.4  -341.6  1352.8  -95.2  410.9  76.3
-491.6  -208.4  1414.8  -119.6  3.9  404.5
-445.2  -10.4  1530.0  -156.1  199.0  502.0
-324.8  72.0  1549.2  -275.9  198.1  469.8
-105.2  25.2  1450.0  -93.6  269.4  322.1
-146.0  45.6  1532.0  27.5  209.6  238.2
-119.6  41.6  1440.8  150.4  112.4  63.3
-210.4  44.8  1391.6  96.3  -1.5  11.2
-358.0  86.0  1394.0  188.9  -59.6  -60.2
-446.8  115.6  1382.8  64.4  -38.6  5.9
-354.4  66.0  1422.4  19.1  -35.5  47.5
-432.8  74.0  1434.8  70.8  -96.9  -27.5
-394.8  54.4  1407.6  45.1  -36.2  -6.2
-424.0  26.0  1483.2  -37.8  -66.8  9.1
-411.2  49.6  1468.0  4.0  -67.9  43.5
-395.6  60.0  1459.6  -1.3  -102.1  24.3
-435.2  63.6  1456.8  34.9  -28.3  5.5
-418.8  52.0  1437.2  26.9  -31.8  -5.9
-410.0  68.0  1407.2  30.8  -44.0  -10.4
-434.0  63.6  1402.4  29.9  -70.9  -23.6
-448.4  69.2  1465.6  12.6  -35.5  3.2
-426.4  49.6  1422.0  36.3  -45.8  6.6
-400.8  60.0  1441.6  3.3  -35.7  -16.9
-449.2  55.6  1434.8  30.9  -53.9  -23.4
-422.4  32.8  1426.8  6.8  -40.0  1.0
-423.6  46.8  1455.6  17.2  -50.0  -18.7
-405.2  47.6  1440.8  37.3  -13.5  -5.5
-398.8  42.8  1428.0  56.0  -57.7  -20.4
-408.0  59.2  1511.6  33.5  -27.5  -23.1
-474.8  64.4  1386.0  179.7  -55.5  -72.4
-484.4  38.4  1398.0  29.9  -18.1  -24.1
-481.6  34.8  1345.6  35.7  -52.6  -12.9
-465.6  32.0  1416.0  -55.2  -44.8  49.5
-467.2  23.2  1379.6  -17.7  -60.4  43.4
-422.4  28.8  1456.8  -56.4  -85.9  41.2
-404.0  37.6  1505.6  23.7  -112.6  -34.6
-428.8  32.0  1433.2  58.1  -56.3  -34.4
-370.0  40.4  1370.4  45.5  -152.4  -8.9
-452.0  22.8  1398.8  -114.0  -130.3  61.2
-441.6  27.6  1447.6  -43.9  -100.6  22.4
-432.0  -14.0  1476.4  13.8  38.1  -20.1
-425.6  -46.0  1414.4  127.3  -50.9  -72.1
-446.4  -11.2  1414.4  -53.3  -56.7  46.9
-103.6  -46.8  1628.4  -87.0  -66.2  192.5
522.4  33.6  1602.0  379.8  -571.9  -53.3
281.2  36.4  1136.4  514.1  -846.8  -906.3
-854.4  -75.6  1467.6  583.0  -600.3  -964.6
-1250.0  62.8  1910.0  -47.1  -339.6  -490.2
-912.4  -100.0  1325.6  483.1  587.4  -172.7
-394.4  -159.2  1125.6  -103.5  122.1  301.8
-381.6  42.4  1360.0  -147.0  127.6  335.8
-338.4  102.4  1476.0  -189.9  95.7  276.7
-345.6  121.6  1526.0  -71.1  110.4  205.5
-283.6  120.8  1543.2  -90.1  119.0  251.5
-252.8  90.8  1488.8  -117.8  78.0  200.5
-281.2  116.8  1438.8  20.7  45.1  116.8
-350.8  121.2  1381.6  59.2  -12.8  25.8
-344.8  105.2  1417.6  16.0  2.5  51.7
-417.2  84.4  1397.6  9.5  -48.9  75.4
-402.4  95.2  1401.2  -6.5  -19.0  48.3
-364.0  61.2  1448.0  -84.5  -51.2  82.1
-434.0  71.2  1445.6  -11.1  -50.7  22.6
-397.2  53.6  1518.8  -11.3  -43.0  8.9
-413.6  70.0  1426.4  63.9  -47.6  -23.9
-428.4  74.4  1479.6  -2.4  -56.1  15.0
-428.0  72.4  1449.2  83.2  -35.0  -0.2
-421.6  61.2  1472.0  46.4  -33.5  -7.5
-474.8  98.4  1360.8  100.1  -34.3  -47.9
-435.6  58.4  1397.6  33.2  -37.8  8.5
-432.4  64.0  1395.6  14.1  -58.3  5.2
-458.4  59.6  1478.8  7.2  -34.8  5.7
-441.2  58.8  1445.6  45.6  -58.1  -5.5
-474.4  77.6  1414.8  36.4  -59.8  -15.1
-488.0  71.6  1385.6  3.2  -65.4  -4.4
-429.2  79.6  1422.4  40.4  -18.0  7.0
-456.0  55.6  1466.4  -11.4  -91.5  18.6
-456.8  58.0  1477.2  30.3  -55.1  7.3
-460.0  61.2  1460.0  18.1  -49.9  -5.3
-478.4  49.6  1421.2  52.2  -39.8  9.2
-540.8  72.8  1365.2  -17.1  -75.0  82.8
-404.8  81.6  1332.8  -93.8  -56.6  133.4
-172.4  66.8  1317.6  -215.9  -188.5  144.6
47.2  75.2  1316.4  -312.4  -412.6  288.8
751.6  125.6  1758.8  -679.8  -825.5  96.7
712.4  -147.6  1814.8  282.4  -488.0  -1260.2
-1059.2  -353.2  1813.2  631.2  -167.8  -1807.2
-1594.8  -236.8  1534.0  76.0  178.9  -881.4
-835.6  -360.0  1201.6  429.2  818.3  110.9
-508.4  -243.2  1183.6  -73.1  -60.0  328.7
-509.6  -149.2  1536.8  -86.2  -9.3  420.7
-481.6  -4.0  1458.4  82.7  163.1  424.7
-352.4  55.6  1495.6  -69.0  61.2  529.6
-176.8  26.4  1471.6  -51.9  111.5  373.8
-176.0  36.8  1508.8  12.3  79.2  214.6
-287.2  63.2  1419.6  100.5  14.6  74.9
-233.6  102.4  1366.0  44.9  -12.5  45.6
-372.4  70.0  1395.6  17.7  -135.4  12.4
-377.6  102.4  1491.6  26.3  34.4  -8.0
-435.6  71.6  1404.4  87.8  -66.8  -30.0
-432.4  62.0  1450.8  16.9  -19.7  10.1
-394.0  27.2  1422.0  64.5  -27.6  -28.9
-452.0  27.2  1473.6  38.6  -26.0  10.8
-478.0  32.4  1414.8  32.4  -71.1  3.8
-428.4  58.0  1388.8  41.2  -22.1  24.5
-462.4  64.8  1439.2  37.7  -97.1  -6.7
-434.8  33.2  1430.0  39.0  -67.3  -5.6
-458.4  34.8  1441.6  59.0  -37.1  -13.8
-450.4  73.6  1428.8  25.1  -62.9  -2.7
-436.4  53.6  1463.6  22.2  -72.2  3.3
-466.0  76.4  1403.2  47.3  -42.1  -1.7
-448.8  72.0  1426.4  29.2  -25.7  28.1
-491.6  54.4  1440.4  24.4  -48.2  40.7
-518.8  75.6  1436.8  23.4  -26.1  62.0
-535.6  65.2  1403.2  11.9  18.8  124.5
-485.6  28.4  1364.0  -70.1  28.5  267.6
-91.6  15.6  1361.2  -197.2  -38.2  277.3
216.8  43.2  1532.8  -282.4  -539.9  325.9
1288.0  13.6  1870.4  32.8  -1066.4  -377.8
283.2  -34.0  1768.0  815.5  -706.7  -2078.1
-2209.6  -270.4  1670.4  474.9  -287.3  -1634.6
-1615.6  -248.0  1552.8  390.8  490.9  -112.7
-338.4  -310.4  818.0  -182.6  609.2  586.6
-348.8  -84.8  1414.8  -306.0  -180.9  451.0
-383.2  -18.4  1661.6  -92.7  176.9  258.8
-323.2  22.4  1608.8  -94.2  100.8  338.4
-287.6  125.6  1615.6  34.2  177.3  216.8
-272.4  98.4  1576.8  156.4  276.8  232.4
-306.8  85.6  1300.0  118.4  54.7  182.3
-235.6  84.4  1397.2  43.1  42.7  121.8
-342.0  131.6  1371.6  100.9  -28.6  33.7
-421.2  107.6  1380.8  26.0  -41.5  48.8
-362.4  123.2  1436.0  -23.3  -16.9  59.9
-420.0  115.2  1447.6  3.3  -128.1  32.4
-475.2  114.4  1486.0  2.3  -37.1  -1.5
-396.4  77.6  1472.0  37.0  -25.5  54.5
-394.8  81.2  1449.6  1.4  -33.6  47.1
-448.4  92.0  1380.4  39.3  -0.8  19.5
-420.0  102.4  1414.4  3.9  -42.4  14.1
-442.0  93.6  1347.6  46.3  -42.8  5.6
-473.2  98.4  1479.6  -66.2  -93.2  18.9
-486.4  78.4  1446.4  34.2  -44.1  -13.4
-433.6  70.8  1394.8  26.6  -38.8  -18.4
-502.4  95.2  1485.2  15.3  -45.8  -30.9
-421.6  82.4  1442.0  49.9  -32.2  23.8
-515.6  84.0  1426.4  42.4  -54.7  -16.4
-497.2  96.0  1442.4  54.1  -33.1  31.8
-472.0  91.6  1453.2  57.0  5.1  45.7
-444.0  62.8  1384.4  -9.4  -45.7  67.8
-513.6  62.4  1414.4  -99.1  -59.1  101.6
-494.4  59.6  1292.0  -104.5  -42.3  136.8
-366.0  26.8  1182.4  -369.4  -211.2  261.5
-2.4  -2.8  1548.0  -414.2  -354.9  507.7
1170.8  154.4  2254.0  -130.6  -1139.8  -10.8
480.8  51.6  1626.0  984.6  -571.8  -1807.1
-1485.6  -246.4  1142.8  568.3  -883.0  -1540.4
-1719.2  -134.4  1510.0  83.3  127.7  -410.0
-674.0  -189.6  1166.0  127.8  895.8  219.0
-444.4  -155.6  1483.2  -169.6  105.7  264.5
-556.0  -26.8  1473.6  39.1  31.5  285.2
-336.4  20.4  1376.8  -28.8  187.5  400.3
-226.8  97.2  1464.0  -94.9  135.8  431.0
-244.8  83.2  1572.8  2.9  186.5  340.5
-237.2  114.8  1495.6  11.9  97.4  238.1
-280.8  104.4  1336.8  109.5  4.8  67.2
-323.6  141.6  1387.2  -39.3  -51.7  88.7
-414.0  135.2  1391.6  90.6  -45.8  -5.9
-342.8  119.2  1482.0  27.7  -21.2  14.3
-330.8  78.4  1398.4  171.8  -111.5  48.9
-558.4  196.0  1548.8  4.5  -129.1  -16.5
-481.6  127.2  1446.4  136.7  104.2  -70.6
-432.4  94.4  1370.8  54.6  10.6  -39.3
-456.8  113.2  1376.4  30.9  -39.2  2.8
-502.0  145.6  1377.2  19.1  -80.2  29.7
-487.6  155.2  1418.8  11.9  -73.4  -6.3
-481.2  135.2  1385.2  43.8  -54.1  -4.4
-499.6  115.2  1446.8  13.4  -63.9  9.5
-456.4  140.0  1464.8  -40.9  -54.8  41.8
-531.6  125.2  1364.4  29.3  -42.9  -6.4
-570.4  159.2  1426.8  -85.1  -75.6  36.4
-559.2  135.6  1431.6  -17.5  63.4  14.8
-532.0  115.2  1334.0  -56.3  -38.5  144.2
-288.4  45.2  1246.4  -145.3  -3.5  295.4
74.0  -2.8  1242.0  -425.8  -389.3  288.1
830.4  60.4  1877.6  -383.9  -788.7  260.9
581.6  53.6  2058.4  298.4  -1524.5  -1654.7
-1138.0  -196.0  1326.8  529.2  -517.0  -1882.9
-1657.6  -503.6  1243.6  239.1  -48.5  -655.4
-935.2  221.2  1206.4  272.1  790.2  146.5
-410.0  -94.0  1454.0  -87.5  370.9  180.0
-504.8  -30.0  1430.0  -63.9  7.5  275.2
-391.2  46.4  1525.6  -107.6  275.2  456.7
-302.8  16.4  1377.2  -145.4  128.5  413.2
-232.8  85.6  1557.2  -34.2  177.8  309.4
-196.8  90.0  1492.4  -66.7  122.0  301.4
-268.8  130.4  1504.8  45.7  92.7  137.0
-314.0  118.8  1411.6  27.2  28.4  96.7
-408.0  132.0  1362.8  134.2  23.5  6.8
-331.6  111.2  1404.8  18.1  18.0  76.0
-480.8  108.0  1395.2  55.3  -77.1  40.0
-362.0  86.0  1453.2  -55.3  -30.2  71.9
-457.6  113.2  1462.8  -6.9  -118.9  34.1
-508.4  125.2  1475.6  52.2  35.5  -2.7
-456.8  104.8  1389.6  98.1  -49.5  -20.0
-387.6  76.8  1363.2  42.1  -53.1  2.6
-527.6  100.4  1446.0  35.2  -92.5  -15.6
-442.0  58.0  1378.4  58.2  -63.3  8.4
-481.6  86.4  1423.2  42.0  -72.3  18.4
-474.8  103.6  1439.6  -2.9  -92.1  -18.9
-431.2  108.4  1398.8  93.4  -17.4  16.4
-462.0  105.6  1428.8  16.2  -55.7  8.0
-508.4  109.6  1395.2  -8.1  -37.3  29.1
-543.2  106.8  1382.8  -48.1  -51.6  8.7
-499.6  127.6  1320.4  -106.7  -19.7  137.2
-251.2  18.4  1223.6  -265.4  -102.5  262.3
-98.0  -102.4  1472.8  -442.2  -497.7  463.1
150.0  22.8  1814.0  -482.4  -680.7  465.7
820.4  -43.2  2098.0  646.1  -708.9  -885.8
-158.4  -157.2  973.6  866.7  -776.0  -2221.1
-1978.4  119.6  1826.4  199.7  -477.2  -985.1
-1042.4  126.4  1408.8  278.6  662.4  64.9
-343.2  -95.2  1096.8  -85.3  747.3  257.7
-445.2  -65.6  1416.4  -76.9  -105.8  245.3
-468.4  35.2  1533.2  -124.5  173.0  423.9
-442.8  87.6  1425.6  28.8  186.2  302.1
-355.6  80.4  1485.2  -40.4  121.1  376.1
-236.8  135.2  1407.6  24.6  156.7  253.8
-202.4  121.2  1498.8  -22.6  29.4  177.6
-301.6  135.2  1288.8  140.2  -130.3  63.0
-365.6  130.0  1425.6  3.4  -111.7  36.7
-519.2  135.2  1398.8  28.1  -61.5  45.1
-378.4  120.4  1486.0  -2.0  -42.5  111.8
-441.6  122.0  1458.0  59.3  -48.3  17.1
-392.8  115.6  1464.4  3.6  -33.0  83.4
-437.6  113.2  1360.8  78.3  -30.4  29.2
-359.2  105.2  1373.6  4.4  -33.4  32.7
-429.2  78.8  1445.6  11.0  -90.6  16.5
-477.2  118.4  1402.8  52.1  -75.1  -5.0
-421.6  121.6  1458.8  -1.7  -69.0  16.8
-483.6  122.4  1412.0  49.7  -98.2  3.9
-409.2  110.0  1460.4  44.4  -47.7  21.7
-440.0  120.8  1399.6  99.7  -127.4  1.9
-417.6  114.0  1433.6  17.2  -70.1  28.7
-394.4  132.8  1431.6  59.6  -197.0  -5.3
-392.0  104.8  1452.8  57.5  -74.1  -4.4
-458.0  135.6  1415.2  92.3  -171.5  -22.7
-409.6  113.6  1455.2  -62.8  -71.8  53.4
-427.6  147.6  1474.4  -2.9  -97.2  -21.8
-405.6  152.8  1439.2  -16.7  -41.9  14.5
-353.6  122.4  1400.0  51.9  -66.1  15.8
-384.8  123.6  1454.8  -36.6  -77.0  26.4
-407.2  122.8  1456.4  30.2  -60.0  -11.8
-432.8  120.4  1450.0  7.5  -73.3  36.4
-316.4  92.0  1452.8  -9.5  -32.8  63.8
-383.6  101.2  1449.2  14.6  -98.6  -22.1
-388.8  98.4  1457.2  -11.6  -59.4  10.8
-433.2  96.0  1435.2  10.4  -73.3  0.4
-390.0  78.8  1415.6  0.7  -72.7  54.0
-408.0  87.6  1421.6  -41.4  -94.1  25.9
-409.2  62.0  1296.8  -61.7  -102.5  121.8
-55.2  -1.6  1197.6  -426.5  -419.2  427.0
913.6  -84.4  1767.6  -696.3  -1213.6  719.2
1152.8  1.2  2162.8  12.9  -1049.0  -1283.0
-598.4  -41.2  1563.2  551.9  -346.2  -2150.7
-1789.2  -320.0  1159.6  319.8  -113.6  -1152.5
-811.2  -245.2  1435.6  334.4  931.8  141.4
-313.6  -250.0  1218.0  104.4  470.3  441.0
-367.6  -34.4  1430.8  -125.8  -55.4  321.5
-322.0  -23.2  1560.8  -58.3  238.7  449.1
-349.6  6.0  1538.0  -94.0  79.1  428.7
-175.2  77.6  1573.6  -127.6  -58.1  434.6
-61.6  23.6  1578.4  -207.4  -106.2  407.3
-169.2  44.4  1481.2  91.8  2.0  218.4
-129.2  68.4  1517.6  -35.0  -82.9  213.0
-134.8  44.0  1484.8  10.7  -37.9  128.1
-223.2  56.8  1418.4  -3.6  -155.9  90.2
-176.0  25.2  1523.2  -69.7  -85.6  100.8
-256.0  42.0  1502.8  35.8  -68.5  33.1
-143.6  13.2  1530.0  37.5  -53.5  99.6
-205.2  28.0  1432.0  1.4  -211.0  61.0
-184.0  44.0  1526.8  22.9  -34.4  26.4
-213.6  20.4  1454.0  54.2  -75.6  30.5
-200.4  42.8  1466.4  64.0  -119.6  -13.3
-249.2  68.0  1497.2  43.8  -30.1  -0.9
-279.2  31.2  1440.0  13.5  -36.7  36.4
-198.0  18.0  1461.6  -28.1  -31.7  35.0
-229.2  20.0  1488.8  -1.0  -51.8  50.3
-210.8  26.8  1510.4  -28.9  -62.3  22.8
-257.2  20.8  1490.8  -13.2  -45.3  51.1
-221.6  -24.4  1488.4  -44.9  -45.3  19.0
-248.8  -18.8  1460.8  -0.7  -51.4  28.0
-237.2  -13.6  1479.6  -22.5  -55.6  44.0
-292.0  -19.2  1467.6  18.1  -20.7  59.3
-282.0  11.2  1430.8  -55.1  -67.4  127.6
-188.0  -1.6  1441.2  -136.3  -46.9  143.4
-112.4  -70.8  1502.4  -157.2  -64.7  169.4
-116.4  -70.4  1554.4  -123.4  -171.5  187.4
160.8  -108.4  1513.6  -55.6  -346.1  205.3
916.8  -62.4  1748.0  -1.0  -637.1  72.9
706.8  -44.4  1420.8  442.1  -687.4  -1092.3
-430.4  -207.2  1712.8  385.5  469.1  -1706.2
-1167.6  -299.2  1870.0  -49.4  -401.9  -997.3
-896.4  -173.6  1364.0  474.3  718.2  -196.2
-352.8  -171.2  1271.2  52.0  231.2  150.6
-434.4  -102.0  1346.4  -90.9  -66.9  302.9
-356.0  -12.4  1478.4  -126.4  39.3  404.2
-240.8  -0.4  1434.0  -95.3  42.2  447.6
-66.8  16.4  1542.4  -82.7  -24.9  393.0
-24.8  13.6  1566.8  -89.9  65.0  275.7
-82.0  -20.4  1536.8  65.3  1.0  175.3
-144.0  36.0  1566.0  3.0  20.0  104.3
-214.0  12.8  1471.2  124.9  44.2  78.6
-207.2  19.2  1490.0  53.8  13.6  50.1
-280.0  -11.2  1452.4  33.0  4.9  73.1
-223.6  -24.8  1445.6  -24.1  -43.1  118.2
-214.4  12.4  1500.0  -61.9  -35.9  67.6
-232.8  10.4  1472.0  23.9  -7.1  -24.4
-273.2  24.4  1492.8  -6.9  -71.6  31.4
-306.4  8.0  1461.2  65.0  -65.6  -14.8
-313.6  8.4  1482.8  35.5  -47.5  -17.9
-329.6  -6.0  1474.8  10.5  -62.0  4.9
-323.2  -12.4  1497.2  30.0  -29.6  8.4
-280.8  0.4  1469.2  49.8  -40.0  19.3
-252.0  -2.0  1497.6  24.3  -22.2  18.1
-302.4  -14.8  1497.6  30.0  -56.7  -7.1
-338.8  -1.6  1447.6  36.4  -42.1  12.8
-340.0  3.2  1426.4  9.9  -54.0  50.4
-284.0  23.6  1442.4  -49.1  -40.6  78.4
-280.0  -14.4  1435.2  -18.8  -89.9  42.2
-304.8  -4.0  1484.8  1.5  -74.4  9.7
-377.2  -14.4  1462.8  -16.2  -62.9  57.9
-293.2  -40.4  1412.8  -8.4  -70.3  119.1
-197.2  -58.0  1392.4  -33.9  -213.1  102.9
-66.4  -139.6  1316.4  -184.1  -585.0  449.3
950.4  -105.2  1830.0  -243.3  -945.2  311.5
1029.6  -120.8  1645.2  412.0  -1066.5  -1435.2
-790.4  -142.4  1578.0  685.2  206.6  -2049.0
-1296.4  57.2  1692.4  -109.7  -171.0  -944.3
-635.6  -36.0  1482.0  82.0  466.6  131.8
-231.6  -149.6  1316.4  2.0  391.8  110.4
-246.4  -141.6  1560.4  119.4  330.3  55.2
-368.0  -35.2  1505.2  -39.8  274.0  223.1
-323.6  -7.2  1483.6  41.0  111.8  367.2
-211.6  -2.4  1426.4  -80.4  124.2  375.0
-68.4  5.2  1511.2  -8.2  127.9  341.4
-140.4  22.4  1376.0  -75.0  124.8  270.9
-174.0  34.4  1469.2  4.5  -18.3  233.6
-183.2  26.8  1442.8  -68.9  -2.0  169.4
-272.8  31.6  1479.2  -35.8  6.0  160.4
-172.4  14.4  1510.0  -56.4  0.5  128.9
-312.4  -35.6  1536.0  -4.9  -65.2  67.8
-215.6  -16.4  1485.6  52.8  -12.6  55.4
-268.8  -22.0  1442.8  -3.6  -131.6  4.7
-324.0  24.0  1460.4  52.4  -41.4  11.1
-300.4  -8.4  1506.8  -28.0  -72.9  18.3
-308.4  -21.2  1410.0  66.2  -43.3  -14.8
-369.2  3.6  1486.0  2.3  -58.7  -5.6
-290.4  -37.6  1408.8  19.9  -47.1  30.0
-324.4  -15.6  1489.2  0.2  -78.6  17.8
-281.6  2.4  1448.0  21.8  -55.8  24.8
-354.0  -15.6  1496.0  0.7  -41.6  16.5
-346.4  -18.4  1436.0  34.3  -92.5  38.4
-336.0  -17.6  1498.0  -11.8  -52.8  37.5
-314.8  -26.0  1452.0  19.8  -39.7  44.1
-318.0  -26.4  1474.0  -29.2  -31.7  66.5
-354.4  -51.2  1454.4  13.9  -54.7  40.8
-375.2  -6.0  1469.6  -19.1  7.4  49.7
-409.6  -18.8  1401.2  -40.2  -50.1  121.0
-141.6  -96.0  1307.2  -82.4  -68.2  226.0
5.2  -103.2  1481.2  -203.6  -553.8  291.1
534.0  -23.6  1808.8  -56.2  -703.5  96.5
657.2  33.6  1584.4  567.4  -766.1  -964.8
7.2  -12.0  1524.0  196.4  -488.2  -1537.2
-1002.4  -44.8  1566.8  274.7  224.3  -927.0
-1055.6  -143.2  1777.2  223.5  401.7  -504.2
-608.8  -106.4  1307.6  316.8  541.9  -18.7
-442.0  -155.6  1209.6  -23.6  75.3  224.2
-461.2  -55.6  1487.6  -202.0  14.0  372.6
-293.6  -22.4  1490.8  -140.1  -6.0  478.7
-115.2  -70.4  1492.8  -209.0  -61.1  496.0
-168.4  50.8  1526.4  -123.8  -1.5  485.1
-106.4  -60.8  1557.6  -92.5  56.3  335.6
-72.4  -24.0  1523.2  -37.2  -34.1  205.5
-139.2  11.2  1476.4  -1.3  -23.6  131.2
-226.4  -12.0  1503.2  7.4  -67.4  105.1
-218.4  -32.8  1462.0  67.1  39.1  69.7
-165.6  -69.2  1465.6  -44.2  -103.7  97.7
-248.0  -4.0  1520.0  19.5  -74.1  6.2
-244.0  -29.2  1483.6  27.3  -46.3  36.3
-274.4  -3.2  1516.8  31.6  -41.8  1.9
-265.6  -38.0  1432.4  26.4  -89.2  22.0
-252.8  -1.6  1484.0  22.5  -75.9  13.7
-230.8  -26.0  1484.0  62.9  -51.8  -11.6
-258.4  -32.4  1477.2  53.3  -67.1  -23.9
-306.8  -40.8  1482.0  35.7  -52.2  -1.7
-254.0  -42.8  1437.2  24.5  -101.5  23.6
-266.0  -43.6  1516.0  21.0  -19.9  22.0
-239.2  -71.2  1461.2  3.8  -89.9  3.1
-279.2  -30.4  1507.2  26.5  -32.0  -25.3
-276.0  -50.4  1437.6  23.1  -52.0  16.8
-266.8  -34.8  1526.8  18.4  -49.1  15.6
-279.2  -55.2  1454.0  18.4  -51.6  17.5
-310.4  -40.8  1494.4  13.8  -16.3  7.6
-266.0  -72.0  1456.4  -37.4  -52.6  38.8
-260.4  -62.4  1528.8  -15.7  -38.6  50.4
-322.4  -50.8  1465.2  25.6  2.1  3.7
-384.8  -44.4  1389.2  6.2  -38.2  43.2
-302.0  -83.2  1390.0  -90.0  -47.3  140.9
-188.4  -99.6  1465.2  -42.0  -67.8  147.1
18.0  -116.0  1535.6  -54.3  -369.9  222.5
587.2  -23.2  1825.2  -24.9  -485.1  127.3
621.6  -43.2  1487.2  454.3  -948.0  -722.6
-363.6  -54.4  1387.6  183.1  -383.7  -1529.5
-715.2  -204.0  1384.4  0.9  -366.3  -863.5
-990.0  -150.4  1783.2  -97.8  -266.7  -435.2
-634.4  -204.8  1619.2  409.2  761.8  7.4
-329.6  -203.6  1217.6  116.6  531.1  249.4
-352.4  -124.0  1559.6  -70.4  -6.2  555.6
-258.0  -44.8  1474.4  -40.5  130.1  505.7
-128.8  -28.4  1429.2  -134.8  -21.9  503.5
-118.4  -42.4  1547.2  -98.7  166.2  358.2
13.6  -40.0  1515.2  -59.1  102.1  309.0
-88.8  -33.2  1487.6  -26.7  18.1  150.3
-160.4  -50.4  1495.2  -86.8  50.8  118.2
-210.4  -40.4  1454.4  98.1  11.4  36.1
-218.8  -40.8  1460.4  -46.7  -117.3  61.1
-270.4  -51.6  1438.8  102.3  12.7  -50.6
-301.2  -59.2  1554.0  -40.0  -42.5  47.5
-275.6  -82.8  1468.0  55.8  -53.9  6.3
-322.8  -48.8  1499.6  31.9  -24.6  3.5
-318.0  -55.2  1451.6  6.0  -95.1  25.0
-304.8  -43.2  1454.4  68.0  -14.0  3.7
-357.2  -42.8  1513.6  30.4  -71.3  -10.8
-300.4  -70.0  1482.0  36.4  -53.1  12.2
-341.6  -65.6  1434.0  7.0  -84.1  -6.4
-320.4  -74.0  1458.8  12.3  -31.1  33.7
-332.8  -53.2  1494.8  25.4  -58.6  32.9
-312.8  -66.0  1450.0  -10.8  -50.0  47.2
-372.8  -59.6  1427.6  -35.7  -68.1  67.3
-384.0  -66.4  1397.2  -120.6  -92.3  85.0
-213.2  -138.8  1282.8  -154.6  -61.2  227.9
74.4  -184.4  1470.8  -310.7  -522.5  354.3
830.0  -214.4  1903.2  -128.1  -635.3  177.5
779.2  -195.2  1845.2  590.8  -803.4  -1202.5
-360.8  -194.8  1496.0  1147.0  -50.9  -2045.9
-1042.4  -209.2  1456.4  141.8  -145.0  -1040.3
-980.8  -84.4  1595.2  130.8  356.1  -55.6
-428.0  -255.6  1268.8  75.4  657.0  165.9
-406.0  -117.6  1446.4  -139.8  -58.7  448.8
-296.4  -30.8  1564.8  -175.1  159.7  498.6
-236.0  -20.4  1486.0  -190.0  80.0  511.1
-143.2  -79.2  1565.2  -111.6  185.5  397.5
-164.4  -89.2  1560.0  -49.3  41.7  268.0
-140.8  -40.4  1530.4  56.8  134.9  158.0
-142.8  -15.6  1445.6  -28.0  -3.2  119.6
-219.6  -16.8  1428.8  31.2  -20.7  42.0
-280.8  -24.0  1452.8  30.6  -53.0  21.4
-344.8  -10.4  1478.8  13.0  -108.5  22.0
-265.2  -6.8  1471.6  69.4  -13.0  18.8
-375.6  -18.4  1503.2  2.0  -62.3  8.0
-312.4  -37.2  1442.4  18.0  -48.0  57.1
-371.6  -38.4  1391.6  -5.7  -113.7  64.9
-304.8  -31.2  1468.0  -3.2  -45.8  53.6
-342.8  -4.4  1456.8  14.5  -91.9  37.2
-338.8  -28.0  1518.8  -19.2  -38.6  72.5
-314.0  -51.2  1474.8  33.6  -44.4  65.8
-254.0  -50.0  1447.2  50.1  -79.1  24.9
-342.8  -39.6  1518.8  24.8  -29.0  0.4
-311.6  -34.8  1437.6  52.6  -47.9  9.3
-354.4  -35.6  1483.6  17.3  -26.0  18.7
-330.0  -46.4  1410.8  20.6  -58.4  17.2
-367.6  -28.8  1496.4  -30.3  -79.3  28.4
-259.2  -68.4  1469.6  37.7  -28.9  19.7
-299.6  -54.8  1502.8  -16.4  -82.3  15.4
-314.8  -58.0  1439.6  8.0  -54.6  21.6
-323.2  -51.6  1379.6  -59.0  -178.7  98.1
-128.8  -70.4  1397.6  -182.1  -278.6  263.1
725.2  -86.8  1731.2  -144.0  -573.7  223.4
465.2  -36.4  1521.6  179.6  -836.8  -1068.7
-497.6  -233.2  1720.0  405.9  90.2  -1731.2
-1058.4  -266.4  1647.2  125.8  169.6  -710.6
-1008.0  -158.0  1570.4  214.8  231.2  -225.3
-515.6  -235.6  1315.2  161.9  418.2  79.0
-435.6  -177.2  1425.6  -51.7  27.7  275.0
-439.6  -79.6  1451.2  13.9  73.5  321.8
-345.6  -43.2  1429.6  -16.2  50.0  448.9
-187.2  -72.4  1460.4  -163.4  10.4  467.4
-50.8  -79.2  1471.2  -1.1  68.3  307.8
-72.0  -50.0  1502.0  -112.4  34.7  219.1
-212.0  -30.8  1455.6  61.8  -74.4  49.5
-255.6  -47.2  1410.4  1.1  44.8  46.2
-328.8  -44.8  1469.6  -16.4  -46.9  64.6
-262.4  -70.0  1495.2  22.4  -45.2  45.9
-342.0  -88.0  1500.4  -12.0  -69.8  41.1
-306.0  -78.0  1456.4  19.0  -59.9  38.3
-330.4  -61.2  1466.8  24.6  -93.2  29.0
-348.4  -59.2  1424.4  8.6  -92.5  7.1
-368.8  -74.8  1428.0  -36.7  -91.5  49.2
-359.6  -57.2  1449.6  -2.8  -111.1  16.6
-284.8  -124.0  1398.4  -42.4  -96.9  42.6
-296.0  -77.2  1586.0  32.5  -127.3  25.2
-308.4  -96.8  1516.8  48.1  -41.6  -32.0
-358.4  -82.8  1482.0  51.8  -36.6  -24.0
-308.0  -128.0  1483.6  73.3  -16.6  18.7
-298.4  -90.4  1440.0  38.9  -50.5  5.7
-337.6  -87.2  1449.6  50.3  -52.9  -24.7
-378.0  -68.8  1466.0  15.1  -42.5  -43.3
-335.6  -86.4  1452.0  29.3  -17.3  19.1
-345.6  -60.4  1396.4  -47.6  -17.8  113.3
-181.6  -123.6  1272.4  -192.4  -105.4  226.7
94.0  -182.8  1568.0  -445.0  -504.5  506.7
750.0  -221.6  1950.4  -303.0  -671.8  43.3
544.0  -111.6  1536.4  483.0  -632.7  -1376.0
-770.0  -174.8  1608.0  724.3  509.4  -2164.9
-1334.8  -357.2  1432.0  173.4  106.9  -1201.5
-1273.2  -288.4  1482.8  294.8  408.0  -68.2
-517.6  -326.0  1141.6  144.1  201.4  297.3
-308.4  -167.6  1390.0  -95.2  -163.2  492.2
-342.8  -122.8  1607.6  -90.6  0.9  378.3
-328.0  -74.4  1332.0  -1.3  -117.7  425.8
-270.0  -32.4  1490.4  -101.7  -11.3  449.0
-213.2  -7.2  1326.8  39.7  8.2  328.2
-137.2  -84.0  1539.2  -125.4  -89.6  275.5
-173.6  -65.2  1418.8  55.8  -49.5  155.8
-201.2  -31.2  1569.6  -27.6  -43.3  98.1
-352.8  -37.2  1467.6  73.9  25.3  70.6
-310.0  -72.0  1475.6  11.8  4.0  145.1
-200.4  -58.0  1499.6  -8.2  -14.8  135.3
-214.4  -63.2  1458.4  39.5  -65.1  27.1
-313.6  -32.0  1565.2  -36.5  -170.5  27.4
-329.6  -48.0  1419.6  68.8  7.7  -11.8
-332.0  -50.4  1528.8  -24.1  -46.6  14.8
-318.0  -72.0  1435.6  59.3  -47.1  -14.2
-359.6  -66.8  1455.2  0.8  -40.5  18.8
-334.4  -79.6  1440.4  -14.3  -73.4  4.5
-317.2  -96.4  1502.0  1.0  -23.5  37.1
-360.4  -80.0  1448.8  1.5  -72.3  3.1
-338.0  -111.2  1430.4  -41.4  -39.0  85.0
-375.2  -78.8  1450.4  -55.3  -85.4  68.8
-348.8  -83.6  1429.2  -107.8  -49.4  148.0
-204.8  -108.0  1287.2  -124.3  -80.1  180.8
-75.6  -171.6  1399.2  -458.7  -415.9  523.4
1107.6  -135.6  1887.2  -336.5  -622.4  -6.2
511.6  -247.6  1755.6  354.6  -1041.9  -1598.4
-981.6  -376.8  1672.8  953.4  354.6  -1927.0
-1226.0  -255.6  1497.6  429.0  359.6  -788.0
-675.6  -263.6  1281.6  188.2  583.1  24.9
-388.4  -235.6  1282.8  -169.5  27.5  205.2
-420.0  -129.2  1465.6  34.2  -10.3  264.9
-457.2  -57.2  1516.0  -65.7  -0.6  355.3
-336.8  -67.2  1409.2  -56.7  -44.8  424.3
-255.2  -105.2  1498.0  -107.9  -10.9  429.2
-208.8  -98.4  1409.6  50.2  119.0  287.4
-232.8  -53.6  1497.6  -73.0  -24.1  266.3
-256.0  -88.8  1356.8  74.6  39.2  225.2
-263.2  -72.8  1478.0  -64.7  -98.2  231.3
-286.4  -86.4  1444.8  -26.5  -117.6  113.3
-321.2  -52.8  1444.8  33.0  -29.7  83.9
-284.0  -93.6  1486.0  -20.8  -101.0  112.6
-284.8  -52.4  1528.0  43.1  -164.5  32.6
-333.2  -41.6  1470.0  59.0  -108.5  0.3
-371.2  -42.0  1505.2  68.3  -56.2  6.8
-316.4  -63.2  1410.4  60.6  -95.5  27.2
-336.8  -52.4  1486.4  17.2  -61.4  6.3
-314.0  -51.2  1492.8  22.9  -71.0  -2.0
-371.2  -45.2  1418.4  97.9  -37.8  -50.8
-343.6  -53.6  1414.4  15.9  -54.3  50.0
-312.0  -97.6  1432.0  -28.0  -79.4  44.3
-308.4  -95.2  1532.8  -12.7  -54.1  54.9
-356.4  -54.0  1437.6  59.3  -90.4  41.3
-272.8  -72.0  1430.0  -1.5  -125.4  115.8
-231.2  -83.6  1421.6  -23.3  -249.0  134.4
-69.6  -86.4  1457.2  -32.6  -360.9  260.9
248.4  -122.0  1434.8  -115.8  -704.1  367.5
855.6  -113.6  1825.2  -208.7  -712.5  -173.4
668.4  -117.2  1748.8  521.1  -572.6  -1560.4
-583.2  -318.4  1696.8  645.8  -16.5  -2059.4
-1354.4  -280.4  1923.2  187.0  286.1  -1112.4
-1029.2  -238.4  1419.2  409.4  530.2  -141.0
-339.6  -104.4  1012.8  4.9  131.0  258.7
-304.4  -47.2  1355.2  -413.5  -154.8  362.4
-447.6  -87.6  1582.0  -218.7  116.3  397.4
-283.2  -80.4  1489.6  -268.2  -104.4  560.5
-67.2  -148.4  1550.8  -125.9  -49.3  498.2
76.8  -101.2  1603.2  -157.6  12.1  381.1
-66.4  -60.4  1479.6  65.0  -32.0  171.5
-34.4  -104.0  1519.6  -32.6  -70.3  195.0
-128.8  -76.4  1610.0  125.0  49.9  22.7
-210.8  -76.0  1496.4  135.4  -44.4  24.5
-174.4  -68.8  1464.0  118.6  30.1  47.1
-161.6  -15.2  1439.6  -9.4  -161.8  32.1
-206.0  -31.6  1476.0  -9.0  -143.4  33.8
-194.4  -42.8  1508.4  -54.4  -176.1  53.9
-201.2  -50.4  1487.6  45.0  -170.8  33.3
-191.2  -3.2  1434.0  80.5  -198.2  16.7
-72.4  -50.0  1513.6  49.4  -163.7  68.2
-103.6  -79.2  1541.6  -50.9  -256.8  52.6
-130.8  -106.0  1547.6  -14.7  -163.5  97.5
-114.8  -98.0  1520.8  49.7  -196.4  30.8
-83.6  -88.8  1518.4  31.3  -143.5  68.9
-8.8  -101.2  1483.6  140.1  -222.7  45.2
-78.0  -51.6  1509.2  191.7  -175.4  28.1
-60.4  -0.4  1524.0  153.2  -221.0  83.2
-86.8  46.4  1471.2  93.3  -114.8  96.2
-23.6  3.6  1399.2  -118.3  -215.4  184.1
-0.4  -48.0  1514.8  -275.5  -153.9  179.9
16.4  -46.4  1437.2  -303.3  -140.8  131.8
2.8  -136.0  1651.6  -56.9  -190.6  202.8
62.8  -176.4  1438.8  222.6  -273.9  35.6
64.4  -145.6  1636.8  122.8  -282.1  106.3
125.6  -88.8  1574.4  255.5  -186.2  27.3
112.0  -11.2  1590.4  168.9  -137.8  52.1
70.8  -42.4  1458.4  115.3  -125.8  51.2
138.4  -9.6  1481.2  50.3  -81.6  111.6
84.8  -27.6  1540.4  80.2  -112.5  112.6
143.6  4.0  1464.4  31.9  -128.5  118.1
178.0  -19.6  1556.0  31.1  -64.0  11.0
98.8  -6.4  1498.4  111.5  -48.7  32.1
85.6  37.6  1495.2  31.9  17.4  66.3
127.2  -10.0  1465.2  49.6  -43.8  14.9
107.2  -10.4  1490.0  81.6  -47.5  21.3
118.0  -22.4  1524.4  38.5  -66.1  3.1
96.4  -36.8  1505.2  63.0  -92.0  4.4
147.2  -15.2  1478.8  24.4  -143.1  26.6
67.2  12.4  1506.0  -8.2  -178.5  9.1
158.0  -17.2  1568.0  -20.2  -67.7  -5.4
173.6  -44.0  1556.0  68.6  -66.3  -42.8
130.8  4.4  1567.6  53.3  -14.8  -83.7
137.2  -12.8  1518.0  75.0  28.7  -119.6
150.4  17.6  1536.8  43.2  78.7  -137.7
84.8  2.4  1505.6  120.7  53.4  -232.4
41.6  8.4  1516.0  65.9  33.0  -236.7
61.6  38.4  1550.8  161.8  140.7  -293.1
80.0  -8.8  1508.0  109.0  97.3  -272.0
9.2  35.6  1487.6  50.7  16.0  -257.0
59.2  26.8  1497.6  37.9  63.3  -196.9
-22.0  52.4  1436.8  -28.5  -6.6  -213.9
-92.4  20.8  1415.6  7.0  6.7  -125.2
-67.6  -0.8  1391.2  -149.6  -73.8  -13.2
-142.8  12.4  1576.8  -83.8  -3.5  -47.8
19.2  -69.2  1506.4  -122.0  96.2  13.0
-10.4  -95.2  1557.6  9.0  -20.4  -82.7
-92.0  -114.0  1600.8  20.5  17.3  -96.2
-70.8  -104.8  1474.8  84.4  8.3  -94.0
-92.8  -33.6  1472.4  100.7  -75.7  -96.8
-72.4  7.6  1479.2  163.1  -51.3  -130.6
-124.0  52.8  1414.4  163.0  -98.0  -128.4
-92.0  25.2  1444.4  64.4  12.9  -28.8
-69.2  -29.6  1468.4  -80.0  -35.1  49.1
-72.4  -92.8  1495.2  -159.8  -54.2  118.6
-26.0  -86.4  1583.2  -65.8  -148.3  36.9
-39.2  -77.2  1598.4  6.6  -167.9  -39.8
-100.8  -66.0  1534.4  69.2  -98.1  -34.2
-85.2  -60.4  1514.8  51.3  -80.4  -12.2
-14.8  -66.4  1455.2  24.8  -99.7  20.3
-56.0  -68.4  1536.0  10.9  -120.8  38.4
-61.6  -55.6  1530.4  23.5  -82.7  -15.3
-13.2  -40.8  1513.6  106.9  -64.2  -51.4
-56.8  -67.2  1457.6  42.4  -117.1  -29.1
-81.2  -70.0  1540.8  6.9  -107.0  13.0
-36.0  -50.4  1511.2  24.5  -60.4  -6.7
-31.2  -44.0  1489.2  66.2  -89.3  -18.5
-24.0  -48.0  1526.0  56.6  -58.3  -36.0
-19.6  -31.2  1558.4  77.8  -72.1  -35.3
-74.0  -47.2  1486.4  23.5  -60.3  -13.0
-51.6  -60.0  1488.4  -31.7  -48.9  22.1
-22.8  -70.8  1477.6  -36.5  -61.8  32.9
-28.8  -70.0  1547.2  -52.3  -62.1  38.7
-32.0  -70.4  1563.2  20.7  -70.5  -6.2
-35.6  -72.8  1484.8  41.0  -33.1  -21.5
-34.4  -82.4  1500.4  20.4  -49.5  -18.1
-46.4  -86.4  1523.6  34.7  -29.2  -19.1
