164.4  221.6  1446.8  104.9  -351.7  93.7
317.2  197.2  1489.6  82.6  -258.9  62.3
314.4  213.2  1405.2  154.9  -111.9  -8.3
267.2  240.0  1445.2  30.2  -63.9  14.2
151.2  277.2  1530.0  46.7  -81.4  -17.7
138.4  256.0  1526.4  -40.4  -79.2  61.6
203.6  250.0  1585.2  43.1  38.2  41.3
222.8  216.8  1471.6  65.9  24.3  55.5
187.2  186.4  1502.8  -56.4  -43.1  59.1
258.0  191.6  1510.4  48.7  -76.6  64.2
218.4  198.8  1502.8  41.4  -8.9  51.0
233.6  190.0  1440.8  14.3  -25.3  34.7
267.2  186.8  1415.6  40.7  -75.8  23.0
300.4  176.8  1457.2  23.8  -72.0  -2.3
286.0  205.2  1446.4  1.9  -199.9  31.7
328.0  202.8  1474.4  83.1  -138.7  -72.0
299.6  215.2  1457.2  102.8  -164.0  -22.7
411.6  203.2  1383.6  89.1  -176.3  -41.3
627.6  186.4  1369.2  207.3  -132.2  -59.6
564.8  226.0  1384.4  135.5  7.0  -285.2
342.8  279.6  1425.2  55.6  154.1  -390.4
171.2  448.4  1510.8  -143.4  94.8  -642.5
36.4  224.0  1441.2  -310.2  -18.9  -557.7
-7.6  82.8  1707.6  -550.3  -390.1  -668.8
-155.2  116.8  1877.2  -232.8  152.9  -704.1
-466.0  63.2  1753.6  69.8  399.0  -607.3
-520.0  56.4  1517.2  27.4  185.7  -44.4
-310.4  25.6  1470.0  -193.1  28.0  449.8
-86.4  56.8  1478.8  -37.1  -41.5  510.2
-14.4  28.0  1549.6  -173.7  -255.6  687.9
116.8  33.2  1484.8  -13.1  -274.0  554.7
183.2  -30.8  1460.4  -46.4  -97.0  605.1
205.6  19.6  1422.0  -80.4  -147.5  436.8
256.4  46.8  1521.2  -8.9  28.9  359.5
106.0  54.8  1502.8  21.4  81.5  202.9
150.4  85.6  1458.4  64.4  -50.7  262.1
284.0  59.2  1304.4  140.7  49.8  259.8
601.2  37.6  1265.6  -211.7  -167.1  438.7
920.8  -34.0  1416.8  -171.0  -377.7  110.3
1091.6  -159.6  1362.0  4.4  -313.1  -397.2
784.4  -139.6  1414.8  150.8  334.3  -1124.3
24.4  -156.0  1104.4  103.5  546.3  -1740.6
-1391.6  39.2  1776.4  513.9  875.0  -1270.9
-1104.4  4.8  1580.8  -77.8  -82.1  -131.7
-493.2  -74.4  1576.8  229.6  -160.6  248.4
-164.4  -58.8  1310.8  -287.2  3.9  287.5
-96.0  -36.8  1508.4  -293.2  -194.5  346.7
0.8  -47.6  1493.2  -233.8  -365.6  395.1
104.8  -50.4  1439.6  -6.3  -341.1  300.5
116.4  -27.2  1499.6  -52.9  -357.5  204.3
109.2  -16.8  1582.4  88.5  -213.6  81.7
13.2  -10.8  1576.8  202.3  -46.2  29.3
-10.8  -8.4  1508.4  130.3  -129.0  93.4
4.0  10.4  1582.0  115.9  -75.7  108.0
-10.0  32.0  1563.6  148.2  24.6  76.3
-9.6  52.8  1568.8  133.1  -13.9  76.8
-28.4  74.4  1482.4  187.5  8.5  99.7
48.4  35.6  1501.6  69.5  -27.7  146.5
120.0  18.4  1457.2  79.4  -64.5  176.4
178.4  75.2  1432.0  118.9  209.8  53.1
60.0  70.0  1400.0  9.0  95.1  70.5
76.4  76.0  1490.4  29.3  -157.7  60.7
3.2  76.0  1561.2  93.1  -133.9  -26.2
-76.4  81.6  1499.6  80.3  -126.7  9.9
13.6  96.0  1522.8  95.7  -68.1  42.7
94.0  111.2  1448.4  53.7  -67.2  24.8
29.6  85.2  1500.4  33.8  -5.3  15.4
13.6  113.6  1475.2  34.5  -86.2  23.7
8.0  107.6  1543.6  41.8  -70.9  5.9
2.8  102.0  1492.8  46.7  -59.8  -9.7
-43.2  76.4  1455.6  35.7  -45.6  38.4
-22.0  84.4  1512.0  -12.2  -68.8  51.4
10.4  84.8  1521.2  50.8  -92.3  11.3
14.4  113.2  1523.2  74.1  -103.3  -40.0
-21.6  111.2  1504.8  78.6  -89.9  -123.7
-83.2  122.0  1519.6  44.0  -112.6  -56.8
-64.8  118.0  1515.2  38.6  -107.5  -5.4
-38.4  123.2  1575.2  67.4  -203.9  21.5
-5.2  114.4  1505.6  122.3  -267.8  -61.3
13.2  132.0  1446.8  -6.9  -283.4  -200.0
6.0  102.0  1492.8  -64.5  -273.7  -32.9
151.2  105.2  1486.8  -67.7  -116.5  87.0
356.0  78.0  1386.4  78.3  78.6  68.8
352.8  88.0  1308.0  -29.7  168.6  161.3
475.6  66.0  1337.6  -67.5  -45.8  153.2
732.4  38.8  1318.8  30.4  -202.8  111.8
976.0  24.0  1234.4  -171.7  -825.2  -197.4
738.4  -62.4  1453.2  -150.0  -34.6  -831.6
34.0  -38.8  1634.4  -24.5  323.9  -1273.7
-472.8  -42.4  1910.4  -151.4  385.8  -1152.1
-1011.6  -47.2  1963.6  -54.0  -189.2  -675.3
-823.6  -136.0  1917.6  442.5  70.2  -376.7
-298.0  -77.2  1435.6  397.3  130.9  209.4
-272.0  -38.8  1389.6  -124.5  -203.9  660.7
-28.8  -30.4  1504.0  -330.9  -133.2  635.8
67.2  -36.8  1598.4  -81.3  35.1  643.4
195.6  -60.0  1549.6  86.4  -292.0  545.0
168.8  -37.2  1489.6  178.3  -35.9  386.3
294.8  -1.6  1426.8  243.9  95.2  313.2
193.6  56.4  1440.4  189.3  154.6  232.5
160.8  112.8  1381.6  235.9  195.0  132.1
173.2  142.4  1405.6  78.9  211.7  56.6
89.6  130.0  1454.0  15.5  -32.8  -7.4
86.4  126.8  1514.0  24.9  -130.9  15.3
71.2  157.2  1517.6  -29.8  -270.3  -31.0
21.6  135.6  1548.0  70.9  -99.4  -30.6
70.8  125.2  1492.0  55.4  -153.2  52.8
38.4  113.2  1496.0  12.7  -57.9  43.1
16.8  97.2  1478.8  52.0  -74.6  42.9
68.4  113.2  1511.6  39.1  -94.2  47.0
66.0  94.8  1508.8  29.5  -74.0  22.5
67.6  114.0  1498.0  38.9  -55.1  17.8
80.8  86.0  1437.6  55.2  -56.8  -2.2
88.4  91.6  1492.8  37.6  -59.5  35.3
88.4  112.8  1502.4  20.9  -33.9  6.0
58.0  122.4  1529.2  47.1  -38.5  -15.2
27.2  126.0  1531.2  39.2  -63.5  3.6
40.0  107.2  1490.0  58.4  -60.3  -7.1
40.8  103.2  1460.8  62.7  -35.3  20.0
20.8  116.4  1508.4  57.7  -42.5  23.1
1.2  130.4  1512.0  54.5  -58.2  22.2
26.4  131.6  1485.6  38.2  -35.3  13.3
45.6  127.2  1509.2  27.1  -29.6  5.5
12.0  132.8  1499.2  53.2  -23.7  0.8
4.8  141.6  1511.2  39.4  -30.4  3.4
-1.2  117.6  1502.0  56.3  -43.2  32.0
38.0  131.6  1496.0  38.9  -43.5  57.3
52.8  135.6  1509.6  43.2  -37.7  -11.1
7.2  126.4  1493.6  25.7  -59.3  50.1
53.6  138.8  1514.4  55.0  -81.0  44.6
34.4  147.2  1503.2  52.7  -34.9  -51.2
3.6  127.6  1502.4  4.8  -82.7  12.1
22.8  131.6  1510.0  28.6  -44.5  17.3
8.4  145.6  1505.2  34.1  -49.1  0.8
-9.2  140.4  1467.6  1.5  -55.6  32.9
-23.2  136.8  1517.6  8.0  -52.5  50.6
7.2  146.4  1486.4  -18.2  -57.5  81.8
37.2  118.0  1506.0  -23.9  -47.8  95.4
124.4  108.4  1461.2  1.4  -68.9  80.2
224.8  126.8  1471.6  -40.8  -41.6  10.4
325.6  86.0  1468.0  -13.0  -70.2  -46.3
645.2  74.4  1301.2  118.5  -134.0  -168.6
808.0  57.6  1381.6  -38.4  -458.7  -282.2
676.4  -5.6  1327.6  79.5  129.5  -949.0
-112.4  -56.4  1449.6  -258.5  215.4  -730.9
-489.2  -47.2  1754.0  -218.6  62.3  -1284.1
-898.4  -123.2  1750.0  -151.8  -275.8  -962.1
-928.8  -91.2  1927.6  409.5  99.9  -500.0
-648.8  -85.2  1521.6  433.0  123.1  244.1
-386.4  -61.6  1375.6  -51.7  -341.3  653.8
-124.4  10.4  1550.8  -153.6  -474.5  691.8
64.8  -34.4  1546.4  -42.0  -302.8  592.6
126.4  -21.6  1508.4  -91.1  -228.7  536.9
240.8  -32.0  1575.6  129.4  -203.5  362.4
234.4  9.6  1459.6  128.6  -42.9  238.7
216.4  54.4  1510.8  193.9  147.3  98.9
136.0  100.4  1423.2  124.2  156.8  109.6
140.0  92.4  1443.6  78.6  110.5  44.2
104.8  107.2  1481.6  28.2  -76.1  83.5
114.0  114.8  1436.0  -11.4  -229.9  56.7
92.0  99.6  1524.0  12.9  -138.9  39.8
76.4  101.6  1539.6  71.2  -100.7  27.1
104.4  115.2  1491.6  76.2  -41.4  21.3
116.4  92.0  1452.0  -36.6  22.3  -46.1
28.0  89.6  1472.4  -9.1  -96.4  18.8
2.4  91.6  1539.6  -13.3  -64.9  42.4
63.2  84.8  1522.8  91.1  -34.4  74.3
80.0  70.8  1526.4  40.7  -21.9  3.3
55.6  61.6  1497.2  29.2  -55.5  4.0
35.2  61.6  1516.4  35.3  -61.3  4.9
30.8  74.8  1494.0  28.9  -83.2  34.5
54.8  73.2  1511.2  11.6  -32.6  26.7
34.8  94.8  1494.8  37.9  -33.5  30.2
38.0  74.4  1512.0  11.7  -30.0  28.1
38.8  68.0  1529.6  29.5  -46.0  35.8
58.0  67.2  1528.0  52.1  -77.5  44.5
57.6  59.2  1473.6  39.4  -72.6  31.0
21.2  71.2  1486.4  42.1  -61.3  20.6
44.0  64.0  1508.8  1.4  -64.8  22.7
8.4  76.0  1513.2  39.6  -26.2  17.5
51.2  105.2  1517.6  37.0  -27.0  12.6
32.0  72.8  1504.0  28.7  -27.3  32.3
44.8  53.6  1516.0  38.3  -48.2  19.7
26.4  70.0  1510.0  48.8  -59.5  18.0
35.6  80.0  1531.6  37.1  -38.8  -8.0
5.6  101.6  1523.2  40.8  -56.5  3.8
6.4  55.2  1521.6  34.0  -59.1  28.1
41.2  70.4  1493.2  33.2  -86.9  25.4
16.4  83.2  1563.6  17.2  -25.7  24.5
14.8  96.4  1486.8  8.8  -58.2  13.1
43.6  94.8  1510.0  25.3  -19.0  43.5
62.4  71.2  1492.8  25.3  -46.1  40.9
115.6  52.4  1482.8  -0.5  -42.4  49.9
140.0  65.2  1464.0  12.9  -20.9  -19.1
209.6  66.8  1443.2  28.4  -76.2  -11.1
478.4  40.8  1287.2  69.7  -185.5  -6.4
725.6  28.8  1260.4  -20.6  -646.0  -83.9
860.0  -73.2  1261.2  -198.2  -230.0  -580.2
246.8  2.8  1448.8  -213.7  336.4  -1061.2
-609.6  -1.6  1610.8  -288.0  368.9  -1526.2
-746.0  -66.8  1966.0  -118.2  154.2  -906.3
-773.2  -182.0  1886.0  449.6  185.2  -788.8
-676.8  -218.4  1468.4  373.3  -26.7  -16.2
-334.4  -155.6  1332.0  169.7  -247.8  527.1
-157.6  -50.0  1497.6  -121.1  -373.6  581.8
-29.2  -50.4  1502.8  -107.2  -100.2  626.0
69.6  -17.6  1445.2  -151.8  -313.2  557.1
189.2  -79.2  1571.6  41.5  -147.4  458.8
224.8  -35.6  1413.6  74.9  -134.7  294.7
228.8  -31.6  1500.4  142.0  -85.5  224.6
130.4  3.6  1486.4  152.5  53.1  104.4
160.8  48.0  1508.4  156.5  167.6  101.5
45.2  54.0  1465.2  127.0  120.9  55.7
112.8  39.6  1485.2  26.0  34.3  43.6
-0.8  60.0  1509.2  -23.2  -78.9  95.5
68.4  35.6  1545.2  36.1  -127.6  94.8
101.2  72.0  1519.2  83.4  -53.3  71.5
69.2  27.2  1495.6  110.5  -57.4  61.2
52.4  60.8  1447.2  105.8  -70.5  32.2
31.6  43.2  1492.0  20.2  -97.8  93.2
59.6  63.6  1467.2  40.4  -95.6  42.3
74.0  66.8  1517.6  53.1  -68.9  36.5
15.6  62.8  1520.8  51.4  -58.3  -5.0
21.2  75.2  1534.8  77.5  -57.9  20.6
61.6  71.6  1502.0  82.5  -110.7  18.8
29.6  93.2  1499.6  76.9  -79.2  -15.2
50.8  70.4  1499.2  78.1  -45.7  3.8
28.8  80.0  1491.6  59.2  -68.6  31.2
38.0  66.8  1499.6  57.1  -43.5  54.6
50.4  78.4  1518.8  40.0  -62.8  -17.8
54.8  102.8  1491.2  35.4  -64.5  19.7
47.2  105.2  1530.0  57.6  -29.2  23.2
33.6  103.2  1495.6  72.1  -40.6  23.2
35.2  103.6  1490.8  75.6  -38.4  37.7
44.4  96.4  1482.4  8.3  -35.9  30.5
46.0  100.0  1519.2  -3.9  -53.7  52.3
30.4  78.4  1524.4  24.3  -36.1  16.5
28.8  106.8  1493.6  53.7  -57.0  3.1
15.2  114.8  1491.6  23.3  -85.1  7.6
30.8  87.2  1490.8  54.8  -68.3  8.1
48.0  93.2  1474.4  73.5  -46.3  -36.4
14.4  84.0  1483.6  87.4  -70.6  -44.0
51.6  114.8  1440.4  84.9  -94.2  -55.2
39.6  118.8  1441.6  121.4  -155.0  -44.3
88.4  148.8  1422.0  34.4  -372.8  98.2
214.4  140.4  1441.2  -19.4  -299.7  146.9
314.4  146.8  1474.8  2.2  -149.5  109.8
462.0  74.4  1322.0  109.2  -92.0  220.7
730.0  108.0  1350.8  -62.4  -530.5  185.7
1041.6  84.4  1401.6  -21.0  6.1  -451.3
592.0  -12.4  1419.2  -245.5  342.7  -940.3
-309.2  5.6  1740.8  -391.8  603.5  -1517.3
-1073.6  38.8  2054.8  19.3  302.5  -1215.2
-1006.0  30.8  1670.8  240.9  -50.5  -708.7
-636.0  -127.2  1521.2  239.5  -35.5  102.0
-278.8  -92.8  1332.4  58.8  -315.3  316.2
-122.8  8.4  1445.6  -371.4  -186.4  506.5
-72.0  -27.6  1564.0  -31.5  -53.4  410.7
64.4  -5.6  1493.6  -94.8  -302.8  461.8
196.0  -30.4  1572.0  108.6  -219.1  433.4
216.4  -24.4  1469.2  75.7  -34.9  218.5
188.8  25.6  1495.6  148.5  -31.4  190.7
224.0  51.6  1447.6  116.3  113.6  86.4
125.6  61.2  1473.6  148.1  207.6  -5.8
99.2  87.6  1445.2  87.8  11.8  65.2
45.2  86.4  1469.2  53.8  -48.2  43.7
50.0  86.8  1496.8  33.3  -126.1  40.8
36.8  87.2  1504.8  83.7  -80.2  88.9
122.8  81.2  1487.2  13.4  -18.2  62.9
89.2  92.4  1490.4  68.3  -4.1  1.8
12.8  84.0  1490.8  -12.4  -42.6  33.2
64.8  73.6  1509.6  41.2  -114.2  104.3
40.8  58.4  1542.4  43.3  -32.9  -7.8
37.6  56.4  1518.4  62.2  -26.1  36.0
44.4  62.0  1530.4  71.0  -89.1  0.3
40.4  74.4  1492.8  43.0  -119.3  19.0
28.4  80.0  1527.6  62.7  -59.3  -2.1
16.0  84.8  1522.0  64.0  -66.6  34.5
39.2  102.0  1528.8  65.4  -60.2  44.6
58.8  95.2  1501.6  115.4  -74.1  19.2
25.6  112.4  1498.8  72.5  -89.5  11.7
68.4  83.2  1520.0  111.7  -53.4  -12.3
22.4  104.4  1486.4  95.0  -25.9  2.2
32.0  123.6  1459.2  81.2  -48.2  -19.8
40.4  126.8  1500.0  44.8  -47.6  10.2
18.4  126.8  1494.0  42.3  -63.2  13.5
75.6  150.0  1485.2  32.8  -67.7  23.2
44.0  123.2  1508.0  53.3  -60.0  0.6
28.0  139.2  1501.2  40.4  -79.1  14.8
33.6  136.0  1481.6  32.3  -83.5  -3.8
38.8  142.8  1488.0  58.5  -103.0  17.9
31.2  140.4  1493.6  85.1  -87.5  0.7
62.8  145.6  1491.2  78.2  -142.0  47.0
96.4  156.4  1506.4  58.7  -56.0  33.7
90.0  150.0  1482.8  38.9  -92.6  63.0
81.6  150.0  1480.8  35.4  -84.9  24.0
96.8  154.0  1522.4  39.6  -110.5  65.5
149.6  163.6  1509.2  11.0  -58.3  -8.0
205.6  137.6  1470.8  84.3  -29.1  26.1
458.4  94.8  1306.0  172.8  -94.1  34.7
530.8  127.6  1381.2  85.7  -165.5  -46.4
462.0  144.0  1443.2  -98.0  -388.1  -379.3
459.2  205.2  1533.6  -105.8  130.7  -635.8
119.6  116.8  1462.8  -211.4  -122.2  -668.1
-199.6  7.6  1762.8  -358.3  314.1  -923.4
-714.8  -76.8  2137.2  -120.6  166.9  -1161.1
-856.0  -17.6  1813.2  271.2  85.1  -542.7
-543.2  -124.4  1334.8  147.3  -148.5  19.6
-213.2  16.8  1393.2  -115.0  -362.3  480.3
-148.0  48.8  1575.6  -34.4  -195.1  468.3
-65.6  68.8  1528.0  -58.5  -231.2  492.2
4.8  50.0  1556.4  -22.5  -233.5  541.5
128.0  62.8  1542.8  -51.1  34.9  495.1
210.8  23.2  1585.6  53.8  114.4  370.1
165.6  33.6  1460.0  123.4  -85.5  298.2
170.8  44.8  1516.4  152.9  223.7  156.1
74.8  18.8  1456.0  132.6  338.5  96.8
39.6  87.6  1424.8  86.3  138.4  59.5
5.6  91.2  1463.6  -15.8  -3.7  64.5
-2.4  100.4  1492.8  57.2  -105.4  101.4
50.8  117.6  1512.8  43.2  -128.6  58.0
-32.4  103.6  1560.8  120.2  -54.3  49.6
-33.6  123.2  1465.2  89.1  -75.1  60.8
-4.8  114.4  1486.0  0.5  -77.3  66.7
-19.2  105.2  1462.0  57.2  -71.8  55.9
2.0  120.4  1492.4  19.1  -47.7  50.6
-47.2  109.6  1491.2  59.0  -75.8  -11.6
-20.8  128.4  1520.8  7.1  -73.3  15.2
-34.4  115.6  1528.8  72.1  -43.3  -15.6
-62.8  126.4  1493.6  64.2  -88.3  -1.6
-19.2  122.8  1501.2  71.7  -102.1  6.0
-55.2  114.8  1503.2  55.3  -99.2  -10.6
-47.6  134.4  1506.8  34.4  -103.4  41.7
-6.0  142.0  1527.2  60.2  -56.7  34.1
-42.8  132.0  1491.6  57.7  -51.8  21.5
-23.6  132.4  1502.0  53.7  -112.2  75.9
12.8  126.0  1478.4  22.2  -92.9  39.7
-46.8  119.2  1496.4  2.6  -73.6  32.6
2.4  141.6  1496.8  43.8  -118.1  27.2
2.8  145.2  1483.6  25.5  -55.1  7.3
16.4  126.8  1508.4  19.7  -79.0  20.6
-8.8  129.2  1473.6  36.2  -87.7  -5.0
-4.0  126.0  1462.0  69.6  -126.6  29.1
39.6  146.0  1406.8  16.9  -207.6  48.9
160.4  109.6  1366.8  -16.8  -158.0  95.8
280.0  99.6  1513.2  -38.6  23.0  23.6
301.2  111.6  1437.6  -8.0  -4.8  32.6
422.4  74.0  1489.6  23.0  -105.4  -19.8
482.8  147.2  1615.6  136.9  -401.2  -225.5
514.0  130.8  1310.8  68.3  -126.6  -478.1
456.8  87.6  1311.2  -48.7  -143.6  -754.0
58.8  -4.0  1397.2  -276.9  142.7  -673.6
-470.8  -70.4  1651.2  -370.5  172.4  -1211.4
-720.8  -11.2  2095.2  -313.7  110.9  -914.0
-754.8  -78.8  1852.8  300.3  328.9  -497.4
-572.0  -100.8  1460.4  287.7  -61.2  160.1
-216.0  -27.2  1442.8  -107.0  -258.3  501.2
-150.0  -24.8  1593.6  -59.6  -154.8  533.3
16.8  16.4  1524.8  69.6  -295.3  535.0
94.8  -3.2  1554.0  112.4  -203.9  454.6
36.4  31.2  1444.4  121.5  -136.5  302.8
46.8  4.0  1503.2  86.7  58.9  416.3
18.8  15.2  1543.2  97.2  -64.6  428.9
-12.4  99.6  1405.2  268.4  15.7  269.1
-20.8  74.4  1325.6  158.3  78.1  368.5
251.2  104.8  1229.2  29.9  -6.5  494.8
566.0  41.2  1257.2  -273.3  -280.1  640.8
1193.2  -82.8  1344.8  -446.2  -432.2  557.9
1244.8  -166.8  1489.2  -23.0  -214.2  -387.0
777.6  -121.2  1862.8  -163.1  -831.9  -1127.2
106.4  -84.4  1841.6  381.8  1124.6  -1944.6
-887.2  -17.2  1404.8  460.3  1135.4  -1469.6
-983.6  24.0  1488.4  -13.3  -29.6  -665.8
-486.0  12.0  1570.8  -86.1  -540.1  103.5
-353.6  6.0  1545.6  196.1  -38.8  154.2
-319.6  28.0  1506.4  19.0  -115.3  243.2
-268.4  40.0  1569.6  -122.7  -92.1  410.5
-249.2  17.2  1596.4  77.3  -34.5  419.2
-149.6  58.4  1579.6  -116.2  -335.4  560.8
47.6  20.4  1615.6  110.4  -245.0  524.3
59.2  48.4  1528.8  191.6  -82.1  372.5
166.4  82.4  1473.2  236.3  44.4  227.0
73.2  88.4  1470.4  135.0  237.4  241.0
65.6  166.4  1420.4  263.0  368.7  73.5
-127.2  224.8  1553.6  130.0  305.6  172.2
-141.6  202.0  1477.6  112.4  63.2  156.3
-148.0  182.0  1434.8  25.0  -226.2  247.5
-43.6  163.6  1344.8  -27.0  -412.2  272.7
184.0  133.6  1366.8  -57.1  -454.1  276.6
181.6  164.8  1458.8  -85.2  -356.3  135.5
137.6  158.0  1316.8  -112.4  -449.3  92.6
222.0  154.0  1486.4  -197.8  -98.2  184.1
258.8  156.0  1577.6  -47.3  62.8  40.6
71.6  135.6  1585.2  1.2  171.5  -107.5
3.6  146.0  1510.8  57.8  -1.7  -13.0
15.6  99.6  1560.0  50.8  -69.2  15.3
72.0  78.0  1491.2  67.6  -79.2  -23.4
31.2  82.4  1494.0  55.0  -49.4  -23.2
17.6  111.2  1497.6  47.1  -30.4  -27.5
0.8  112.4  1534.0  23.1  -54.0  -10.0
28.0  118.8  1508.8  42.5  -51.3  -10.9
38.8  124.4  1510.0  30.2  -10.6  -47.0
-9.2  136.8  1522.8  42.3  -40.3  -20.9
0.0  128.4  1521.6  33.7  -28.4  -10.4
50.8  130.0  1516.0  50.2  -55.6  18.7
5.2  149.6  1476.4  32.2  -74.4  8.3
11.6  117.2  1496.4  11.5  -75.6  16.7
12.0  130.0  1499.6  32.3  -40.8  1.0
-22.4  117.6  1509.2  10.4  -37.6  8.2
34.4  97.2  1501.2  28.7  -58.2  19.5
-7.6  110.4  1520.0  9.3  -63.1  4.0
31.2  120.8  1508.8  52.4  -46.6  -5.1
14.4  122.4  1517.6  20.4  -67.1  -14.7
0.0  108.4  1529.6  45.4  -75.9  -1.1
18.8  108.8  1506.0  52.2  -63.8  -23.7
16.4  127.2  1474.0  36.0  -69.6  -10.6
13.6  131.2  1502.0  27.9  -40.1  -5.2
-6.0  120.8  1496.8  35.4  -46.2  -7.1
25.2  121.6  1535.6  44.4  -35.4  17.0
8.4  128.8  1522.8  23.2  -52.2  -6.7
0.8  125.6  1531.6  36.8  -74.3  15.7
20.0  112.0  1510.0  46.1  -57.1  -13.9
42.4  118.4  1508.8  31.7  -73.0  -32.6
3.2  114.4  1498.8  15.7  -66.9  -23.1
-18.0  112.0  1515.6  5.1  -68.0  -9.3
2.0  113.2  1502.0  23.6  -43.8  -27.8
19.2  110.0  1498.8  24.6  -79.7  -16.0
10.4  112.4  1498.0  15.2  -56.9  -18.0
8.4  112.0  1535.2  19.0  -66.7  -9.8
-28.4  116.0  1508.4  27.2  -63.2  -12.3
-11.2  118.0  1516.0  12.7  -55.4  23.7
13.2  78.0  1500.4  33.9  -58.7  6.8
21.2  88.8  1517.6  20.2  -47.3  1.0
-0.8  103.6  1532.4  24.6  -54.5  -9.0
-8.4  104.8  1505.2  26.3  -72.5  11.4
5.2  106.4  1522.0  31.8  -47.1  4.2
-13.6  101.6  1526.8  29.8  -54.2  25.4
-6.8  109.2  1510.8  16.3  -72.6  5.7
-23.2  93.6  1493.6  39.0  -77.0  29.1
6.0  99.2  1483.2  34.6  -71.2  14.7
-7.6  85.6  1504.4  22.1  -43.5  11.5
8.8  81.2  1459.6  28.8  -60.7  45.3
29.2  92.4  1492.8  12.3  -33.8  9.8
12.0  98.4  1520.4  20.3  -47.7  -2.4
35.6  95.2  1529.6  28.9  -41.1  11.2
34.8  85.6  1556.8  20.5  -52.6  5.6
47.2  82.4  1480.8  33.1  -51.0  -33.0
-65.6  119.6  1534.0  4.4  -74.4  4.9
-70.0  120.4  1561.6  16.2  -39.1  39.9
-2.0  88.4  1492.8  58.5  -20.3  84.9
-11.6  73.2  1480.4  34.1  0.9  62.2
25.2  59.2  1494.8  28.5  -39.5  38.2
-0.4  64.0  1510.4  17.9  -51.2  10.4
-9.2  78.0  1498.0  19.4  -41.7  -7.7
-13.6  61.6  1491.2  24.4  -80.1  -2.8
101.6  55.6  1438.8  -14.5  -56.8  -29.7
188.8  64.0  1516.0  46.3  -27.1  -67.5
501.6  42.8  1406.0  66.0  -112.6  -215.9
656.8  88.0  1350.8  17.3  -401.4  -434.1
578.8  49.2  1332.8  70.0  -84.8  -841.5
166.0  -29.6  1274.8  162.6  71.3  -955.2
-384.8  76.8  1914.8  -133.3  320.0  -1123.4
-805.6  -18.8  1714.4  -22.2  15.2  -974.9
-874.4  -39.6  1679.6  -10.2  -74.4  -597.5
-751.6  -82.4  1779.6  247.5  108.7  -239.3
-544.4  -123.2  1461.2  310.5  -15.7  297.0
-456.4  -40.4  1440.4  -127.7  -473.7  595.7
-73.2  1.2  1604.8  75.6  -320.7  660.1
-42.4  61.6  1477.6  -88.8  -204.8  543.2
155.6  54.4  1458.8  86.0  -292.1  480.7
186.0  36.0  1540.8  -21.7  -65.7  335.6
182.4  107.2  1396.0  220.2  64.6  213.0
105.2  151.2  1454.8  8.3  96.7  213.7
107.6  105.2  1414.8  140.9  128.9  87.4
98.0  147.2  1440.4  -34.8  12.3  117.6
64.8  135.6  1462.4  9.8  -186.1  61.3
60.4  148.8  1522.0  29.9  -156.9  76.5
46.4  146.0  1510.8  52.2  -115.9  18.2
14.4  120.8  1456.4  83.2  -67.1  46.3
52.4  124.4  1500.0  79.6  -29.8  87.2
18.4  142.0  1490.4  44.5  -5.1  58.7
38.8  122.4  1505.2  21.9  -37.5  52.1
2.4  132.0  1561.2  40.9  -34.0  64.0
61.6  84.0  1473.2  34.5  -120.0  53.3
29.6  108.8  1507.2  19.3  -74.9  -14.9
12.8  112.0  1491.2  37.2  -86.3  16.4
-0.4  104.4  1473.6  27.0  -73.8  5.0
28.0  128.0  1502.0  0.8  -72.1  7.4
10.4  112.8  1526.8  7.5  -40.8  -8.6
25.6  107.6  1499.2  33.2  -84.7  8.0
-10.0  126.4  1528.0  3.1  -38.0  2.6
-2.8  98.0  1501.2  29.7  -46.1  33.3
16.4  123.2  1525.6  33.4  -31.2  3.5
-34.4  120.0  1514.4  39.0  -53.9  20.4
10.4  117.6  1522.8  44.0  -34.2  55.9
32.8  107.6  1523.6  67.5  -38.4  21.3
26.0  89.6  1480.8  39.1  -52.6  -5.4
29.2  105.6  1497.6  45.9  -52.1  -22.3
-14.4  117.6  1512.4  11.1  -67.1  -15.0
-18.4  152.0  1507.2  33.7  -63.2  2.8
-4.4  122.8  1497.6  33.9  -35.9  -7.3
-9.6  111.2  1501.6  24.7  -85.9  12.8
-4.0  102.4  1513.2  33.8  -45.0  -17.8
-14.0  114.4  1529.6  32.3  -45.8  -5.2
-24.4  102.0  1506.4  35.3  -60.1  -12.2
-6.4  119.6  1510.8  19.0  -76.1  -7.5
-14.8  126.8  1524.4  41.1  -68.3  -4.9
22.0  118.4  1513.6  55.5  -49.6  0.1
-10.8  121.6  1470.4  52.6  -67.6  -32.3
-24.4  124.4  1515.2  13.4  -85.3  -7.7
-30.8  139.2  1515.2  40.9  -64.7  3.4
7.2  120.4  1514.8  54.6  -32.9  15.7
-1.2  126.8  1503.2  36.2  -53.1  -2.0
-21.6  140.8  1515.6  40.5  -69.8  5.4
-10.4  122.8  1520.8  42.9  -57.0  26.8
-28.4  132.0  1475.6  59.6  -35.7  35.7
-21.6  123.2  1502.4  28.6  -50.4  33.5
-11.6  124.4  1515.6  43.7  -37.7  37.0
-12.0  126.8  1521.2  37.3  -47.9  -1.9
-34.0  120.4  1491.6  25.1  -87.7  36.0
-3.6  124.4  1502.0  23.0  -86.8  9.8
-41.6  133.6  1486.8  29.6  -73.4  -8.1
-6.8  134.8  1490.0  40.2  -61.0  -6.6
-18.0  126.0  1470.8  33.7  -34.9  11.9
-4.0  118.8  1466.4  29.3  -83.1  12.2
18.8  120.8  1461.2  -42.7  -107.5  1.4
-4.8  106.8  1450.4  47.3  -167.1  7.2
6.4  141.2  1469.2  41.3  -202.2  5.5
-22.0  132.0  1395.6  9.6  -391.5  73.9
79.2  104.0  1479.2  -91.5  -330.9  135.0
167.2  88.4  1538.8  -37.9  -51.6  124.0
356.4  99.2  1580.4  -33.1  150.1  105.6
513.6  51.2  1532.4  144.7  -192.6  109.4
772.0  75.2  1463.6  135.2  -134.2  -249.9
635.6  91.2  1414.0  345.6  65.9  -713.2
455.2  119.2  1323.2  55.6  29.8  -871.2
31.2  82.8  1256.0  -139.7  -48.6  -701.0
-366.4  -56.4  1646.0  -483.0  -226.9  -1062.8
-597.2  -65.6  1992.0  -528.2  -263.3  -973.2
-874.8  -88.8  2086.8  332.7  402.1  -690.1
-597.6  -102.8  1472.4  421.0  174.4  120.8
-384.0  -47.6  1402.4  66.0  -144.1  354.9
-176.0  -5.2  1580.8  -168.6  -267.8  502.6
-44.8  23.6  1593.6  26.8  -19.8  510.6
79.6  57.6  1518.4  23.9  -160.1  497.4
173.2  112.8  1440.8  171.4  -212.1  462.0
199.2  78.8  1401.2  75.9  -42.3  350.0
186.4  88.8  1448.8  98.4  77.6  165.9
121.6  110.4  1437.6  95.2  161.6  152.6
87.6  140.4  1474.4  102.5  115.7  56.8
14.8  160.0  1474.8  5.5  13.3  62.8
18.8  120.0  1489.6  25.0  -112.1  91.4
13.2  131.2  1513.6  24.2  -129.2  97.1
11.2  134.4  1499.6  45.1  -44.1  87.0
66.0  141.2  1543.6  0.7  -40.9  90.8
34.8  97.2  1456.8  94.7  -89.8  57.1
-4.0  107.2  1477.6  14.9  -65.5  19.2
-0.4  97.2  1456.8  -2.1  -126.3  78.4
34.8  92.4  1512.0  21.0  -38.4  11.4
-3.6  107.6  1494.0  26.5  -53.1  22.4
-21.6  133.6  1531.6  28.0  -45.2  2.6
9.2  114.8  1542.8  35.4  -58.8  26.6
18.4  80.4  1508.0  38.9  -55.7  -34.3
-14.0  88.8  1520.0  38.7  -86.9  19.9
7.6  76.8  1480.0  28.2  -93.8  4.4
6.8  104.4  1526.8  -2.5  -61.6  17.7
-18.0  121.6  1491.6  9.4  -88.6  6.1
-26.4  105.6  1542.4  5.5  -56.3  1.9
8.0  105.6  1512.8  28.7  -67.0  42.1
26.0  94.0  1519.2  0.6  -54.5  21.1
5.6  94.4  1501.6  4.7  -70.9  6.7
23.6  90.0  1493.6  27.9  -58.6  -3.0
42.4  82.4  1520.8  52.2  -60.1  -19.1
8.0  99.6  1504.0  31.8  -40.6  -43.8
18.8  76.0  1491.2  44.0  -48.2  -31.3
-71.6  93.6  1525.2  18.1  -85.6  -15.1
-15.2  85.2  1478.8  15.0  -123.7  5.8
10.0  88.8  1523.6  -5.2  -97.3  7.8
10.4  76.8  1530.4  -26.2  -150.4  2.6
8.8  73.6  1524.4  -10.6  -75.2  -47.0
7.2  76.8  1508.0  22.2  -134.9  -14.3
45.2  68.4  1495.2  22.5  -113.6  4.0
58.8  65.2  1460.8  28.4  -89.9  -9.4
17.6  72.0  1496.0  18.9  -77.7  2.7
19.2  73.6  1507.6  -1.5  -57.6  14.5
17.6  52.8  1525.6  27.6  -73.3  16.3
66.8  58.0  1526.4  12.1  -94.6  35.7
44.8  63.2  1532.0  -5.9  -127.8  37.4
73.2  62.4  1518.0  -11.0  -112.0  36.8
45.6  59.6  1518.4  -5.5  -18.2  9.7
-16.0  62.4  1469.6  57.1  -32.5  38.5
13.6  58.8  1465.2  -5.1  9.2  45.5
50.0  7.6  1511.2  -10.0  66.6  20.7
30.4  45.2  1444.8  21.7  60.2  -13.2
45.2  6.8  1457.2  -42.6  -2.3  75.9
59.2  -13.2  1500.0  -22.4  -73.5  100.8
54.0  10.4  1484.0  8.8  -111.2  93.5
108.0  32.8  1549.2  50.1  -76.3  34.4
114.4  30.4  1506.4  43.4  8.1  7.5
174.0  25.2  1471.6  38.9  -7.8  3.1
325.2  -3.2  1382.8  58.5  -180.2  39.3
551.6  -5.2  1468.4  117.2  -247.7  -172.5
556.4  20.8  1391.2  194.2  -207.7  -490.8
542.0  18.4  1542.0  114.4  119.0  -820.2
66.0  -19.2  1499.6  -14.6  178.3  -1010.1
-450.0  -58.4  1559.6  -196.6  -11.2  -895.0
-717.2  -112.8  1792.0  -232.8  40.1  -905.9
-763.2  -164.8  1804.8  270.1  170.1  -671.7
-690.4  -164.8  1691.2  199.4  31.6  -5.2
-519.6  -110.8  1464.4  242.6  -182.3  295.5
-306.0  -70.0  1553.6  -33.1  -403.0  571.7
-132.0  -9.2  1501.6  -31.0  -346.0  598.0
130.4  4.4  1484.8  -330.6  -158.9  522.2
149.2  -5.2  1505.6  89.3  -265.9  494.1
241.2  3.6  1388.0  54.9  -75.3  382.2
206.0  41.2  1469.2  179.0  -69.5  246.0
128.0  98.4  1472.8  159.6  87.0  128.8
172.8  83.6  1437.2  158.0  194.0  75.8
18.0  107.2  1440.4  114.7  20.8  105.1
29.2  113.2  1490.4  52.1  -101.4  136.9
67.6  107.6  1487.2  4.9  -168.5  97.8
88.0  102.0  1529.2  47.3  -138.1  113.7
50.8  130.8  1534.4  50.1  -11.6  -17.4
56.8  90.8  1503.2  87.8  -68.0  71.2
36.4  94.8  1483.6  41.5  -37.3  35.6
40.0  82.8  1496.8  39.0  -42.6  52.9
12.8  91.6  1508.4  -9.8  -56.3  33.8
-25.2  57.2  1528.0  21.5  -46.4  37.4
5.2  80.0  1496.4  -19.2  -61.6  3.2
-36.0  74.8  1520.8  22.7  -57.3  24.0
8.0  74.4  1502.4  39.5  -72.0  48.0
22.0  73.6  1513.2  65.6  -21.7  23.2
28.8  72.0  1519.2  25.6  -23.5  14.3
-5.6  62.0  1486.0  34.0  -79.0  -9.3
0.0  73.6  1534.0  27.5  -88.9  -11.1
-12.0  101.6  1514.8  62.4  -49.4  -16.8
-34.4  109.2  1510.8  14.9  -95.4  9.3
42.4  74.4  1489.2  52.5  -69.7  8.6
8.4  65.2  1460.4  21.5  -80.8  22.6
28.4  87.2  1504.8  7.4  -68.4  8.2
46.4  71.6  1530.0  -13.0  -82.6  5.4
14.8  66.4  1519.2  24.9  -86.4  9.0
32.8  65.2  1493.2  13.1  -72.2  -3.3
22.4  67.6  1510.8  13.3  -57.2  -26.7
-19.6  64.0  1506.8  13.1  -78.2  12.2
5.6  60.4  1512.0  11.8  -70.6  8.2
0.8  62.4  1526.4  24.3  -55.6  8.3
9.2  54.0  1520.8  28.0  -71.8  6.1
17.2  54.8  1479.6  28.9  -80.7  38.4
26.4  52.8  1506.0  18.6  -56.6  11.5
12.0  62.4  1525.6  -16.7  -58.4  33.6
49.2  58.8  1558.0  42.3  -33.6  18.5
42.4  38.0  1509.6  36.6  -55.2  -19.5
40.4  56.4  1506.8  61.3  -70.3  -1.8
-12.8  70.0  1492.8  57.3  -84.4  -25.6
-8.0  61.2  1515.2  2.5  -73.8  20.1
-9.6  62.0  1520.0  32.7  -50.7  4.2
17.2  42.0  1513.2  4.8  -81.0  20.7
6.0  55.2  1503.6  2.9  -87.9  38.6
38.8  48.0  1510.4  12.7  -72.8  48.3
12.4  45.2  1489.2  14.7  -59.8  29.9
10.4  51.6  1504.0  -1.4  -100.9  62.1
35.2  52.0  1524.0  9.8  -79.6  60.8
45.2  44.4  1526.0  7.8  -60.7  52.6
77.2  44.0  1484.0  20.7  -71.0  19.3
65.2  44.0  1491.2  21.3  -74.9  -4.5
30.0  30.0  1499.6  16.2  -127.5  5.6
55.2  30.8  1510.8  23.5  -71.1  11.9
65.2  35.6  1529.6  12.5  -90.3  32.0
58.4  15.6  1514.4  -39.7  -105.6  38.2
71.2  6.0  1554.0  6.4  -92.0  53.3
121.6  16.0  1472.4  41.2  -58.4  43.1
138.4  12.4  1500.4  19.8  -49.0  11.4
186.0  44.8  1461.6  -16.5  -168.0  -12.4
301.6  -9.2  1483.2  89.4  -95.3  -76.4
362.8  -13.2  1434.0  117.1  -97.5  -170.6
406.0  -5.6  1434.4  174.1  -101.4  -371.9
386.0  14.0  1442.4  101.2  34.6  -619.1
304.0  1.2  1368.0  18.4  -7.6  -714.1
50.8  9.6  1394.8  -116.9  -1.4  -719.8
-113.6  -80.0  1634.8  -377.0  228.0  -1082.0
-394.8  -141.6  1823.6  -415.2  20.7  -734.6
-575.6  -189.6  1756.4  -13.8  114.9  -675.3
-685.2  -241.6  1737.2  221.2  46.5  -257.5
-555.6  -219.2  1444.4  365.0  45.6  215.8
-344.8  -188.8  1505.2  13.6  -196.7  580.9
-52.8  -116.4  1542.8  237.7  -478.9  738.9
131.2  -45.6  1435.2  20.3  -286.0  661.6
192.0  -10.0  1469.6  77.6  -334.3  510.9
302.0  -3.2  1411.2  -26.6  -121.6  433.6
314.8  -1.6  1511.6  83.2  -75.9  238.8
288.8  11.6  1470.4  154.8  5.9  142.1
210.0  42.4  1500.0  198.3  147.8  -4.0
97.2  58.8  1443.6  151.6  218.2  21.5
34.4  80.8  1442.4  158.6  109.0  57.0
108.0  84.8  1414.4  10.4  -124.7  129.1
101.2  52.8  1558.4  -40.8  -114.3  106.2
87.6  51.6  1578.8  56.9  -30.8  68.2
72.8  65.2  1528.8  67.9  -32.8  28.5
96.0  49.6  1457.2  24.4  -10.1  70.4
102.0  31.2  1484.8  38.6  -80.1  53.5
42.0  26.4  1489.6  -8.3  -114.1  29.8
32.8  47.2  1512.8  10.0  -71.2  5.6
28.0  26.8  1505.6  11.5  -48.6  34.6
50.4  17.2  1488.0  -8.6  -54.7  11.8
29.2  2.0  1511.6  7.4  -67.2  15.0
10.4  35.6  1521.2  38.6  -40.2  -23.8
12.0  31.6  1529.6  -20.6  -77.5  13.4
47.6  32.0  1535.2  45.5  -54.5  5.4
58.0  24.0  1482.8  9.2  -32.0  -29.7
25.2  28.0  1524.0  15.2  -40.3  -5.5
78.0  8.4  1503.6  0.9  -39.4  3.0
76.0  23.2  1510.8  4.9  -30.0  -3.3
42.4  9.2  1518.4  -1.0  -44.9  -29.8
17.2  18.4  1512.8  9.5  -61.4  -5.4
13.2  9.6  1509.2  12.8  -44.4  12.4
49.2  -11.6  1482.4  50.9  -67.4  25.4
23.6  -20.0  1499.6  11.7  -41.0  16.6
15.2  -5.2  1523.2  23.3  -37.0  10.0
-4.4  -0.8  1539.6  25.9  -55.9  14.0
13.2  -14.0  1510.4  22.5  -57.4  33.9
12.8  -16.0  1508.4  34.4  -42.8  9.8
-24.4  8.4  1531.6  25.0  -53.2  37.3
-18.8  2.4  1518.0  32.9  -45.9  22.6
10.0  -1.6  1515.6  54.2  -45.8  64.4
15.6  -17.6  1493.6  63.1  -9.5  34.2
1.2  -8.0  1527.6  50.9  -16.0  56.0
6.4  16.4  1505.6  35.7  -44.7  42.9
12.4  -25.2  1522.4  47.7  -67.5  34.0
-4.8  11.6  1513.2  30.5  -80.9  14.3
12.8  12.8  1536.4  55.5  -61.9  3.6
5.2  7.6  1487.6  53.0  -86.5  6.4
-8.4  -5.6  1471.2  34.1  -121.0  5.4
-6.0  8.4  1498.0  17.7  -122.3  20.6
21.2  -0.8  1506.4  46.9  -77.2  -2.6
36.8  15.2  1500.4  35.0  -124.3  28.9
12.0  17.6  1481.2  -29.6  -141.1  61.9
46.4  32.0  1483.6  -53.1  -166.0  96.6
25.6  20.0  1559.2  -51.2  -85.4  129.0
36.4  -5.6  1506.4  -11.2  -42.0  163.1
91.2  -23.6  1497.2  -19.7  2.4  141.1
228.8  -43.2  1522.0  -32.9  -174.5  152.0
320.4  -67.2  1547.2  57.7  -70.8  -35.7
429.6  -111.2  1429.2  198.1  -99.4  -71.0
639.6  -26.0  1398.8  157.6  -136.1  -341.2
732.4  -56.0  1256.0  48.8  -158.2  -687.4
314.8  -98.4  1398.4  -170.8  83.8  -1028.6
-223.6  -132.0  1520.4  -179.4  124.8  -1161.9
-465.2  -282.0  1754.8  -315.8  -185.9  -1283.5
-689.2  -250.0  1897.6  152.9  323.7  -1048.2
-861.6  -202.4  1670.0  299.9  93.4  -239.7
-488.4  -199.6  1442.4  341.8  5.4  299.9
-314.0  -144.4  1490.4  18.7  -314.1  583.1
-170.8  -99.6  1514.0  -43.7  -331.3  740.6
38.4  -60.4  1552.0  -120.8  -253.2  728.2
228.4  -63.2  1501.2  113.2  -441.3  541.0
251.2  -52.4  1508.8  151.1  -108.4  424.0
296.8  -21.2  1425.6  182.9  -127.3  258.8
290.0  9.6  1526.4  163.2  27.3  109.9
147.6  49.2  1474.0  153.6  168.8  11.3
119.6  67.6  1458.4  166.5  181.5  -63.1
68.8  74.8  1415.2  2.5  65.2  74.7
83.6  94.0  1517.2  -36.8  -118.0  88.5
80.8  52.0  1544.8  -32.9  -93.7  76.2
90.0  72.4  1612.0  59.7  -54.2  79.8
92.8  54.0  1459.2  71.7  -39.8  56.3
50.8  31.2  1447.6  35.2  -14.1  34.7
81.2  32.8  1433.6  -72.1  -51.1  117.0
88.4  6.0  1464.4  -17.4  -49.0  64.1
38.0  25.6  1537.2  -26.8  -12.8  56.3
45.2  27.6  1510.0  47.3  -48.8  20.4
23.2  27.6  1500.8  28.2  -46.9  28.3
6.4  30.4  1524.4  37.5  -100.0  35.5
34.0  14.0  1518.0  51.6  -34.2  5.3
17.2  32.0  1503.6  51.0  -31.7  -5.5
16.0  38.0  1516.0  52.7  -52.0  14.4
28.4  18.4  1518.8  50.5  -40.5  10.7
-8.4  33.2  1523.2  38.4  -45.8  23.6
7.6  34.4  1527.6  39.9  -44.1  35.6
-14.8  23.6  1528.0  49.5  -40.2  53.5
40.4  10.8  1481.6  68.0  -67.6  51.4
24.0  36.0  1497.2  31.8  -38.8  6.8
33.6  10.4  1525.6  26.2  -57.1  -21.1
19.2  19.6  1522.0  19.8  -80.1  1.6
2.4  28.0  1512.8  38.4  -64.9  12.3
21.2  43.6  1518.0  39.6  -67.4  -12.3
25.6  28.4  1533.2  20.1  -69.9  -8.9
18.8  66.4  1502.8  39.3  -57.7  -4.6
2.0  31.2  1523.2  39.6  -59.2  14.2
3.2  0.0  1502.4  44.7  -84.3  7.9
-24.8  26.8  1514.8  22.8  -76.6  17.9
-2.8  35.2  1513.6  30.8  -102.0  35.9
25.6  50.8  1500.8  26.9  -60.6  32.9
9.6  48.4  1487.6  18.3  -84.1  65.5
48.0  12.8  1505.6  2.9  -100.4  70.0
6.8  44.0  1530.0  7.0  -84.7  57.8
45.2  12.4  1495.6  5.4  -107.6  51.0
69.6  11.2  1501.6  -7.5  -99.5  13.1
36.0  20.0  1521.2  28.0  -104.2  2.7
26.0  24.4  1483.6  19.4  -150.0  8.1
66.8  27.6  1552.4  46.5  -166.0  2.0
62.8  14.4  1482.4  65.7  -150.5  -10.5
124.8  30.0  1484.0  42.8  -159.0  12.6
112.8  19.2  1418.8  25.6  -192.2  56.6
176.8  26.0  1531.6  -17.2  -73.8  43.6
196.8  46.4  1541.2  20.8  -26.5  54.9
183.6  19.2  1586.4  12.0  -119.9  51.9
364.4  -16.0  1505.2  139.5  0.6  -63.9
474.4  -13.6  1455.2  211.3  -15.5  -182.3
491.6  -24.4  1342.4  134.2  -36.1  -414.4
441.2  56.0  1321.6  124.6  -52.0  -575.0
306.4  60.4  1273.6  -241.5  -261.2  -714.6
16.4  -26.0  1498.0  -239.7  125.1  -802.0
-255.6  -62.0  1723.6  -233.9  100.8  -919.0
-463.6  -115.2  1900.4  -207.7  -113.6  -638.3
-533.6  -172.8  1711.2  115.7  155.1  -415.7
-503.6  -165.6  1690.4  143.2  51.7  -74.5
-331.2  -166.8  1489.6  243.8  -171.6  361.1
-266.4  -111.6  1550.0  92.0  -335.9  554.9
-55.2  -55.6  1520.8  159.4  -162.3  520.6
140.4  -16.8  1492.0  -29.2  -310.8  743.4
288.8  -30.4  1494.8  20.4  -215.3  489.3
284.8  -23.6  1470.8  132.3  -79.4  425.7
345.2  21.2  1454.4  33.3  29.6  214.9
290.8  14.0  1578.0  91.7  76.2  204.6
200.8  29.6  1462.8  124.1  74.6  70.4
111.6  42.8  1486.8  145.9  177.4  37.7
88.4  51.2  1447.6  -17.4  88.1  120.0
108.4  58.0  1498.4  -3.8  -103.4  96.7
127.2  39.6  1546.0  -11.4  -68.4  67.9
110.0  41.6  1496.0  23.8  -129.3  82.8
167.2  26.0  1526.0  54.7  -87.2  59.6
146.8  26.4  1461.6  73.5  -88.8  37.5
132.4  26.8  1498.0  44.5  -42.5  12.2
139.2  5.6  1486.0  23.7  -130.7  35.3
80.0  19.2  1542.4  6.6  -65.5  2.7
85.2  32.4  1528.0  53.7  -57.3  -14.8
54.8  44.4  1528.0  61.9  -41.2  30.1
95.2  31.2  1476.0  76.8  -71.9  27.9
84.0  46.8  1524.8  42.0  -13.5  6.9
65.2  31.6  1496.8  39.5  -41.4  16.6
87.2  25.6  1527.6  11.8  -58.1  20.3
67.2  28.0  1521.2  22.6  -52.1  12.8
70.4  50.8  1481.2  0.9  -86.8  18.7
101.2  26.8  1496.0  -0.3  -67.2  37.5
112.4  23.2  1506.0  -34.2  -65.9  48.2
104.8  12.8  1530.0  -31.1  -71.9  27.4
94.4  11.6  1522.0  -35.1  -88.3  43.1
72.8  12.8  1524.0  -12.5  -84.3  39.7
77.6  5.6  1510.0  -2.1  -68.0  28.0
100.4  12.0  1486.8  51.1  -28.8  38.9
98.0  -11.2  1503.2  40.7  -8.4  31.9
70.0  5.6  1511.2  43.9  -13.0  8.6
75.6  -8.8  1502.8  31.9  -28.3  41.5
75.6  -2.0  1516.4  78.7  -26.1  35.7
61.2  15.2  1524.8  27.2  -40.4  0.6
66.8  4.4  1509.6  31.9  -40.8  24.2
58.0  10.0  1514.0  29.8  -30.5  55.8
72.4  6.0  1533.2  12.0  -49.4  52.2
58.4  -10.4  1516.4  18.1  -21.8  40.1
53.2  -5.2  1518.4  42.9  -29.9  51.4
27.6  12.8  1509.6  38.0  -23.0  34.9
54.4  -16.0  1434.8  -18.7  -62.6  66.0
102.4  -51.2  1423.6  -39.7  -60.1  66.7
255.6  -57.2  1420.4  -87.3  -12.6  51.3
368.0  -69.2  1421.2  43.2  31.2  -148.8
585.2  -52.4  1358.4  -138.5  -491.1  -155.9
570.4  -91.6  1471.2  34.6  -210.8  -446.3
521.2  -76.8  1494.0  172.5  94.7  -744.4
68.8  -36.8  1701.2  29.9  294.8  -954.6
-342.8  -73.2  1770.8  24.1  249.0  -976.8
-468.4  -150.8  1759.2  126.3  44.0  -952.8
-595.6  -93.2  1686.4  36.0  -235.8  -630.9
-628.8  -150.4  1771.2  97.0  -87.7  -232.9
-549.2  -124.4  1476.8  289.3  -25.0  268.8
-393.2  -91.6  1406.0  73.1  -273.2  571.8
-133.2  -74.4  1546.4  -105.2  -340.2  841.5
50.8  -56.0  1547.2  -154.2  -77.7  846.9
232.0  -58.8  1533.2  26.8  -414.9  696.1
392.8  -64.4  1514.8  85.4  -103.2  441.1
382.8  -68.4  1520.0  194.4  36.5  233.3
283.6  -28.0  1511.6  115.6  132.9  88.1
242.0  36.0  1511.2  262.1  118.1  -54.7
90.0  62.8  1408.4  141.0  200.3  -82.0
87.6  36.4  1376.4  178.2  14.0  7.0
26.8  65.2  1462.8  -15.3  -67.2  43.6
90.4  61.6  1472.4  5.6  -78.4  50.5
65.6  62.8  1554.4  2.7  -82.4  47.5
86.4  56.8  1552.4  3.9  -126.0  44.5
71.6  47.2  1530.8  76.5  -88.1  -15.4
89.6  32.8  1500.0  54.8  -62.7  5.8
101.6  39.6  1462.4  54.6  -63.5  -22.3
47.6  44.0  1467.6  10.0  -49.7  -2.6
54.8  34.0  1480.4  37.5  -47.6  11.2
29.6  47.2  1507.6  21.9  -30.2  -7.8
48.0  38.4  1513.6  13.5  -53.6  2.7
35.2  33.2  1500.8  24.1  -102.1  5.1
42.8  39.2  1528.4  1.1  -76.4  -8.1
46.0  26.8  1538.0  19.2  -34.6  -4.9
0.4  71.6  1515.6  49.2  -29.1  -16.4
18.4  4.8  1487.2  42.2  -49.7  26.7
61.6  1.2  1522.8  17.9  -53.9  28.8
39.2  19.6  1498.0  43.4  -26.3  8.9
30.4  31.6  1533.2  27.0  -51.0  -7.7
3.2  44.8  1534.0  55.7  -42.4  22.3
12.0  36.8  1469.2  26.8  -37.8  39.7
21.6  33.6  1498.4  31.6  -33.6  33.3
24.8  19.6  1493.2  29.5  -53.8  39.0
40.8  38.8  1529.2  1.7  -67.0  18.2
21.2  8.8  1528.0  20.2  -84.8  13.9
23.2  29.2  1492.0  8.2  -101.8  2.8
34.8  22.0  1522.0  33.3  -85.6  -24.3
59.2  46.0  1523.6  29.8  -65.7  -7.7
42.4  31.6  1500.0  42.9  -56.9  0.2
13.6  45.6  1490.0  39.2  -85.0  11.1
18.4  36.0  1531.6  24.9  -70.4  25.0
63.6  32.4  1466.0  33.5  -50.1  31.2
181.6  1.6  1463.6  19.0  -66.0  35.0
122.8  7.2  1513.6  -4.6  -39.9  -99.7
157.6  34.8  1508.4  116.4  -207.6  -66.8
367.2  48.0  1448.0  171.9  -139.0  -162.9
554.0  28.4  1352.8  164.3  -286.9  -290.6
416.8  43.2  1438.0  102.9  -238.4  -533.6
268.8  39.2  1400.4  17.8  -208.8  -641.7
113.2  -23.6  1560.0  -166.6  -35.3  -934.3
-97.6  -27.6  1775.6  -226.6  135.7  -876.1
-340.4  -14.4  1724.0  19.0  138.9  -775.8
-489.6  -26.0  1621.6  28.7  -45.7  -434.1
-344.8  6.0  1656.8  2.7  -204.5  -149.7
-307.6  -60.0  1518.0  180.0  -171.6  163.9
-224.8  -45.6  1470.8  113.8  -117.6  310.8
-204.8  -36.4  1544.8  20.9  -244.9  631.3
23.2  -41.2  1427.6  -92.6  -253.6  693.9
158.0  -40.4  1624.4  -162.2  -43.1  658.8
192.0  -68.8  1486.4  -4.1  -54.3  551.1
324.8  -49.6  1532.0  95.7  -50.5  407.4
296.0  -32.8  1544.8  113.4  190.5  276.5
208.8  14.4  1525.2  120.6  247.5  169.4
201.6  19.2  1479.2  118.7  172.0  25.9
104.0  1.6  1481.6  31.7  105.5  95.2
102.4  19.2  1462.0  47.3  -14.1  36.4
73.6  -8.8  1511.6  36.0  -63.2  67.0
48.4  17.6  1487.2  81.9  -42.9  -19.4
2.4  35.2  1465.2  46.5  -27.4  29.6
-19.2  27.6  1493.6  41.4  5.8  34.3
-4.4  26.4  1471.2  41.0  -67.1  62.6
-6.8  28.4  1538.4  10.0  -70.2  21.5
-21.2  30.8  1514.8  34.0  -84.3  46.2
-3.2  28.4  1527.2  45.4  -57.7  36.7
-2.8  15.6  1486.8  62.6  -82.4  58.8
14.0  42.0  1474.8  20.3  -79.5  9.1
0.4  35.6  1518.0  27.2  -96.8  44.1
28.0  40.4  1517.6  40.6  -75.5  9.3
49.6  44.8  1500.8  55.1  -84.9  2.9
48.8  46.0  1496.8  61.6  -60.5  -39.2
-18.0  48.8  1531.6  48.8  -61.0  14.4
2.4  29.6  1519.2  48.3  -47.3  8.9
-17.2  42.4  1518.8  48.2  -48.0  18.1
-0.8  52.8  1556.4  50.2  -39.9  15.1
10.4  26.0  1524.0  57.5  -48.4  -4.7
-34.8  59.2  1493.2  47.8  -70.3  9.8
14.0  38.0  1489.2  53.3  -68.3  24.1
-5.6  58.0  1506.0  37.9  -45.3  8.4
1.6  27.2  1521.6  20.5  -65.5  14.2
-8.8  67.6  1533.2  29.0  -62.6  16.6
4.8  61.6  1507.2  44.4  -76.1  11.1
16.4  48.0  1523.6  31.0  -71.3  21.3
-15.2  74.4  1494.0  41.9  -65.3  13.6
15.6  68.8  1543.2  25.5  -67.9  15.4
0.4  63.6  1504.0  43.5  -37.4  -25.4
-12.0  80.4  1506.8  23.4  -46.6  17.0
-14.8  62.4  1524.8  35.8  -48.5  22.2
15.6  58.4  1509.6  49.3  -56.1  10.0
-31.2  71.6  1515.6  13.8  -75.2  20.7
-26.4  67.6  1505.6  29.1  -66.9  14.6
-8.4  27.2  1514.0  30.9  -66.8  48.4
22.8  60.4  1509.6  34.1  -83.0  36.0
43.2  46.0  1492.4  5.9  -55.6  -3.2
3.6  48.8  1454.4  3.0  -89.5  12.7
121.6  38.0  1468.4  -19.8  -69.6  13.6
213.6  6.8  1420.8  19.9  -60.4  -69.1
366.4  -18.0  1364.4  26.8  -333.7  -90.6
424.8  31.2  1505.6  48.5  -310.9  -324.6
454.4  30.4  1401.2  156.0  -354.0  -488.2
347.2  24.4  1502.8  143.3  -140.9  -650.1
124.4  26.4  1519.6  39.2  11.5  -915.3
-37.6  14.0  1628.4  -52.6  37.0  -982.2
-321.6  34.0  1745.2  -83.7  115.0  -918.2
-470.4  19.6  1673.6  -52.4  3.3  -626.4
-426.8  -46.8  1635.2  4.5  -159.6  -156.9
-356.4  -55.2  1532.8  151.7  -112.8  127.4
-244.8  -16.0  1450.8  110.7  -166.1  354.8
-203.6  -7.2  1560.0  42.8  -248.4  606.1
-20.0  27.2  1562.8  -121.0  -230.8  740.6
124.0  24.4  1550.0  -148.2  -31.7  652.2
194.0  -37.6  1600.0  -81.3  -61.3  586.9
288.8  21.2  1501.6  164.4  -68.9  403.3
310.8  -16.4  1546.8  143.7  138.7  273.3
261.6  42.4  1483.2  148.4  113.8  145.7
177.6  60.0  1523.6  90.9  198.5  52.3
107.6  43.6  1397.2  106.4  85.9  80.1
76.8  62.0  1456.0  84.2  38.7  30.3
106.8  39.2  1437.6  20.6  -77.4  46.9
38.4  59.2  1500.0  -34.6  -115.7  53.5
48.0  57.6  1530.8  -12.4  -92.4  19.4
37.2  42.0  1534.4  58.9  -36.6  33.6
50.8  36.4  1495.2  38.7  -44.0  9.1
34.4  46.4  1471.2  55.6  -53.6  -27.9
17.2  45.2  1514.4  20.1  -97.5  -1.9
-14.4  60.0  1489.2  50.6  -57.3  -1.6
42.8  58.8  1486.8  16.2  -50.5  33.1
33.6  58.4  1546.8  44.8  -78.4  11.7
-18.0  54.8  1504.4  91.5  -3.7  19.8
-26.0  66.4  1500.8  32.5  -32.7  15.9
36.8  40.4  1475.2  38.2  -39.8  24.7
-4.4  48.4  1511.2  30.5  -57.9  23.4
41.2  40.4  1529.2  50.6  -52.4  44.3
4.4  64.4  1526.4  37.8  -35.6  3.5
17.2  36.0  1466.0  46.5  -42.9  28.3
-28.8  54.0  1515.6  53.9  24.4  28.6
-43.2  84.0  1514.0  56.1  -23.2  46.2
-0.4  56.8  1499.2  50.0  -14.5  27.6
-18.4  57.2  1508.8  54.7  -36.4  36.9
-34.0  67.6  1500.4  45.0  -38.8  16.8
-0.8  98.4  1521.2  60.6  -48.5  -0.9
-40.0  86.8  1506.8  70.2  -14.5  -2.6
-33.2  85.6  1490.0  67.1  -34.9  18.7
-42.0  95.2  1508.8  38.3  -64.9  11.7
-50.4  103.2  1528.0  53.6  -59.2  39.8
-22.0  87.2  1481.6  85.1  -43.8  27.2
-70.8  96.8  1505.2  48.6  -25.8  35.7
-10.4  88.8  1508.4  65.3  -23.8  41.7
-60.0  110.4  1501.6  43.2  -39.2  21.1
-22.0  100.8  1463.2  82.6  -62.5  41.1
5.6  100.0  1456.4  36.3  -81.2  -4.5
-12.4  83.6  1486.8  30.8  -87.2  -29.6
-56.4  97.2  1504.4  2.1  -114.3  -14.9
-51.6  118.0  1536.4  -5.3  -113.1  -21.3
-8.8  99.2  1522.8  28.4  -130.0  -37.5
-36.4  101.6  1471.6  -14.0  -163.6  -50.2
-43.6  105.2  1486.8  -22.2  -138.1  17.3
-48.8  95.6  1487.6  -40.4  -80.5  60.0
-17.6  82.8  1545.2  -72.7  -39.1  69.2
-6.0  51.2  1530.0  -34.9  -50.2  61.6
14.0  27.6  1500.8  -57.5  -44.1  54.1
145.2  2.0  1507.2  -32.9  -32.0  72.5
293.2  -12.4  1531.6  -12.4  -174.8  -17.0
402.8  -2.4  1539.6  88.2  -161.6  -185.9
462.0  -49.2  1438.8  283.9  -200.1  -278.6
423.6  -24.4  1378.8  278.8  -204.9  -487.5
326.4  31.2  1242.4  48.0  -365.5  -693.1
176.0  44.0  1417.6  -224.9  -199.2  -979.8
28.4  10.8  1694.4  -337.7  -33.9  -1125.9
-469.2  -43.6  1874.8  -46.1  318.7  -1239.0
-706.0  -33.6  1716.0  94.8  119.2  -913.6
-650.4  -0.8  1568.0  275.9  -22.6  -194.9
-411.6  -41.2  1452.0  130.4  -217.4  309.7
-305.6  1.6  1514.8  -0.4  -179.4  548.7
-113.6  41.2  1520.0  3.2  -372.5  702.6
42.0  44.0  1495.6  -58.1  -136.9  644.2
121.2  -11.2  1505.2  -84.5  -144.9  719.4
256.0  6.0  1484.8  57.0  -93.6  580.4
271.2  -20.0  1560.4  46.0  180.7  397.1
218.8  22.8  1451.2  213.6  111.9  215.4
163.2  34.4  1524.0  77.7  168.1  138.1
104.0  35.2  1436.0  110.5  114.0  125.2
100.0  80.0  1430.4  20.7  34.3  112.7
33.6  78.0  1499.2  -43.3  -32.6  87.4
62.8  89.2  1524.4  49.8  -19.7  60.0
45.2  69.6  1486.4  36.1  -31.3  69.1
74.4  80.4  1458.4  16.8  -46.4  38.4
-22.0  55.6  1536.0  -11.6  -84.8  36.0
2.8  72.8  1510.8  50.9  -51.6  22.1
10.4  51.2  1491.2  26.7  -90.1  26.3
-41.2  65.6  1515.6  17.5  -54.0  15.6
-28.8  86.8  1552.0  13.6  -58.3  33.1
2.4  58.8  1487.2  66.4  -15.7  41.8
-4.0  52.0  1496.0  29.6  -58.4  34.7
-5.6  64.4  1478.4  22.4  -94.9  46.7
-6.4  61.6  1502.4  26.5  -78.3  8.0
-12.0  92.4  1498.4  32.9  -95.8  39.0
14.8  66.4  1546.8  35.7  -55.9  22.5
47.2  49.2  1521.2  50.7  -55.9  15.7
24.4  54.4  1487.6  33.5  -38.9  -30.9
-2.4  59.6  1481.6  37.4  -80.9  0.8
-13.6  64.4  1530.8  24.6  -61.5  23.1
-2.0  64.8  1518.8  48.1  -30.6  21.7
27.6  68.4  1516.8  36.2  -48.8  18.7
-4.8  70.4  1525.2  59.9  -44.5  8.5
-19.6  59.6  1498.4  45.7  -79.9  20.4
-8.0  62.0  1509.6  52.8  -40.5  -5.9
-20.8  73.2  1496.0  57.3  -50.7  10.3
-17.6  79.2  1503.2  43.3  -58.1  12.5
-10.8  89.6  1512.0  38.7  -26.1  20.0
-28.0  82.0  1518.0  46.7  -60.2  24.9
-17.6  74.4  1486.0  52.4  -76.7  24.2
-19.6  84.4  1484.4  23.4  -78.0  26.5
6.4  82.4  1478.0  14.1  -83.3  36.7
-24.4  92.0  1499.2  14.0  -105.5  59.0
-2.8  80.8  1495.6  -3.0  -133.1  21.2
33.6  52.4  1498.8  -12.3  -130.0  68.0
76.4  68.0  1476.8  33.6  -84.4  11.5
104.4  43.2  1526.0  -66.1  -182.4  47.6
239.2  46.4  1540.0  33.3  -85.9  -28.9
461.2  1.6  1491.6  158.6  -127.9  -169.1
650.4  22.0  1371.2  178.7  -231.2  -463.4
480.4  48.0  1359.6  140.5  -234.9  -773.4
175.2  54.4  1426.8  20.7  -72.0  -954.6
-110.8  92.0  1574.0  -85.9  -68.5  -937.3
-292.0  5.2  1676.0  -85.5  172.5  -939.4
-424.8  21.6  1754.4  60.7  183.8  -779.8
-648.0  2.4  1658.8  48.4  42.4  -396.1
-569.2  -40.8  1620.8  148.8  -99.9  171.0
-348.4  29.2  1409.6  46.2  -158.1  475.1
-164.0  40.0  1536.0  -13.9  -243.6  634.3
-58.8  33.6  1502.8  -46.0  -163.3  721.1
125.2  39.6  1535.6  -83.8  -52.4  682.4
176.8  40.0  1513.6  76.3  9.9  534.8
174.0  14.8  1518.0  39.8  7.5  436.3
175.6  61.2  1450.4  109.6  121.0  286.3
150.0  52.0  1465.6  87.4  100.4  230.8
114.4  104.8  1486.4  53.1  75.5  164.8
108.0  98.0  1504.4  20.2  78.3  60.1
24.8  87.6  1508.0  -6.8  4.2  64.3
10.4  109.6  1499.2  60.1  15.1  50.3
-29.2  108.4  1469.2  10.7  -98.8  70.0
23.6  76.0  1490.8  39.0  -66.0  74.5
-29.2  84.8  1494.0  1.9  -101.3  53.9
13.6  78.4  1501.2  24.8  -90.1  26.1
-39.2  84.8  1509.6  41.4  -77.6  -2.7
6.4  80.4  1506.0  12.2  -104.6  17.6
-20.0  86.0  1486.8  27.5  -70.8  -30.3
-34.8  96.4  1491.6  21.7  -94.1  19.9
-35.6  84.8  1501.6  26.9  -43.7  -4.1
-32.0  84.0  1513.6  4.1  -58.2  29.2
-27.2  91.6  1538.0  10.7  -27.1  36.1
-8.8  80.4  1528.4  55.2  -15.2  29.8
14.8  53.6  1490.8  4.9  -55.9  21.7
-45.2  80.8  1535.6  19.0  -67.1  3.0
-24.8  86.0  1500.0  36.2  -51.3  0.6
18.4  66.4  1479.2  41.1  -65.3  6.0
-47.2  65.2  1503.6  -4.8  -61.7  -17.7
-44.0  66.0  1510.8  19.1  -85.5  8.5
-36.0  70.4  1534.4  24.3  -70.0  22.2
24.8  66.8  1522.4  45.6  -54.8  -18.6
-20.8  61.2  1486.8  65.5  -67.8  -44.0
-72.0  62.8  1518.8  39.1  -80.9  -14.2
-15.6  77.2  1509.6  55.8  -50.3  -16.8
-33.2  60.0  1502.8  64.4  -75.7  7.7
24.8  82.4  1509.2  56.2  -83.2  -9.4
-31.6  94.4  1496.0  35.4  -98.3  0.9
-37.6  87.2  1534.8  20.1  -55.1  16.2
-50.4  100.4  1500.4  41.3  -64.3  14.7
-21.2  81.2  1474.8  6.2  -84.1  22.0
-42.8  87.6  1534.0  -2.0  -67.4  28.7
-25.6  91.2  1519.6  22.6  -60.3  49.0
-0.8  81.6  1492.0  8.2  -54.2  30.9
-43.2  63.6  1477.2  2.4  -77.8  76.2
7.2  58.4  1508.4  -38.1  -100.8  94.6
62.4  32.4  1483.6  10.8  -86.1  68.5
192.4  20.0  1480.4  -3.7  -148.1  29.9
305.2  13.6  1468.0  33.0  -200.2  -73.2
582.8  24.0  1256.8  40.8  -392.0  -215.8
670.4  -4.4  1350.4  15.6  -369.6  -468.5
372.0  -3.6  1483.2  181.5  -20.3  -827.0
12.0  34.0  1678.0  101.1  204.0  -1182.3
-306.8  13.2  1847.2  19.3  156.5  -1244.9
-458.4  -38.0  1420.4  126.9  84.6  -867.0
-481.6  -49.6  1739.6  114.4  3.6  -444.5
-545.6  -47.6  1471.6  162.9  -146.5  120.7
-309.6  2.8  1375.2  39.4  -135.8  450.7
-172.0  35.6  1532.0  -72.6  -309.7  612.2
-45.2  74.8  1569.2  -21.2  -281.2  679.3
77.6  78.0  1566.0  57.0  -252.6  696.3
197.2  49.6  1528.0  -58.0  -4.7  627.0
257.2  64.4  1499.6  239.8  115.1  349.6
274.8  94.0  1514.4  115.2  148.3  299.7
197.2  102.0  1446.8  142.9  73.2  188.8
124.0  131.2  1442.4  118.6  75.6  130.0
103.6  170.4  1412.4  86.6  38.9  71.4
85.2  156.8  1433.6  -16.9  -10.0  46.0
46.8  163.2  1469.2  30.4  -70.0  35.2
61.6  173.2  1471.6  55.7  -50.3  -5.0
16.0  139.6  1513.6  18.4  -87.3  0.2
-44.8  142.0  1510.4  47.8  -37.1  -13.0
-9.6  143.6  1532.4  12.7  -55.9  34.5
-8.8  140.8  1518.0  24.7  -6.9  34.0
4.0  150.4  1534.8  12.0  -58.3  29.5
-26.8  149.6  1531.2  13.7  0.1  29.5
-16.4  148.0  1506.0  31.8  1.4  37.1
-22.8  131.6  1487.6  -16.6  11.0  21.0
-30.4  135.2  1500.0  -4.6  -16.2  53.2
0.0  127.6  1480.0  28.4  -16.8  34.2
-44.0  150.4  1496.8  -8.3  -49.1  33.9
-3.2  125.2  1502.4  32.7  -40.0  26.2
-66.4  127.2  1506.8  18.1  -64.1  18.7
-74.0  120.4  1497.2  38.9  -47.0  41.0
-31.6  134.8  1496.8  34.3  -28.7  42.1
-28.0  146.4  1492.0  43.5  -40.1  50.9
-40.8  129.2  1485.6  23.4  -59.5  22.7
-80.4  141.6  1540.4  31.0  -68.3  31.2
-70.0  127.6  1512.0  48.1  -49.4  55.3
-48.8  120.4  1480.8  51.0  -33.4  68.7
-24.0  113.6  1516.4  65.7  -16.3  45.8
-48.4  125.6  1476.8  21.4  -54.6  20.8
-52.8  143.6  1535.6  66.0  -53.0  14.9
-63.2  142.8  1498.4  36.1  -26.5  17.1
-43.6  132.8  1467.6  24.4  -60.2  19.7
-41.6  128.8  1496.8  10.0  -46.4  12.4
-71.2  137.2  1498.8  25.0  -58.6  11.1
-41.6  125.6  1489.6  11.8  -65.3  9.5
-73.6  103.6  1471.2  -9.7  -85.2  43.1
35.6  101.6  1410.0  -87.6  -173.7  51.9
152.0  61.2  1527.2  -88.4  -164.4  -33.6
224.0  61.6  1553.2  71.3  -145.1  -217.5
253.2  92.4  1483.2  145.4  -140.0  -423.3
367.6  82.0  1398.4  87.2  -274.3  -545.5
389.2  69.2  1438.4  116.2  -145.2  -805.8
199.2  45.2  1457.6  101.6  31.0  -889.4
-179.6  51.2  1556.4  148.5  211.4  -1310.4
-539.6  65.6  1661.6  2.2  62.3  -922.9
-601.6  46.4  1688.4  -135.0  -199.9  -483.0
-588.8  0.0  1710.4  78.6  11.8  -232.5
-571.2  23.2  1528.0  169.4  15.6  229.3
-442.4  68.0  1472.8  -36.0  -255.3  572.3
-220.0  61.2  1566.8  33.2  -236.2  659.9
-101.2  34.8  1572.0  4.3  -168.8  728.2
-6.8  -27.6  1572.4  -187.5  37.0  663.1
135.6  6.4  1496.0  169.8  -40.6  495.9
143.6  118.8  1390.0  77.1  -131.2  309.3
165.2  170.4  1509.6  110.2  35.3  229.5
68.4  172.8  1418.8  26.8  -130.4  147.4
72.8  171.2  1516.4  -17.6  -54.0  145.0
44.0  170.0  1482.8  104.1  -16.0  58.5
34.8  187.2  1494.8  -4.0  -106.9  79.9
40.4  171.6  1478.4  36.8  -44.5  55.5
4.8  176.8  1504.0  -12.3  -21.3  98.6
-6.0  150.4  1502.4  55.8  -16.6  71.1
-64.0  150.0  1492.8  23.6  -21.3  73.0
-87.2  123.2  1460.4  37.8  -14.8  62.4
-13.2  125.6  1480.8  -42.6  -45.4  133.6
-22.8  132.8  1516.8  17.9  -35.5  82.5
18.4  120.4  1515.6  3.4  -59.0  68.0
-15.2  119.6  1457.2  -3.0  -80.5  49.7
-44.8  130.0  1518.0  -17.6  -73.9  45.1
-12.0  152.0  1541.6  23.0  -56.7  19.3
-17.6  102.8  1528.8  33.0  -24.7  21.0
-47.6  131.6  1490.0  43.3  -2.6  -8.9
-56.8  112.8  1501.6  17.2  -30.6  50.8
-14.8  114.0  1487.2  14.2  -30.1  35.5
-35.2  126.8  1516.4  10.0  -53.1  20.5
-0.4  114.0  1522.8  29.9  -48.6  49.8
-39.2  114.0  1477.2  49.2  -32.2  -4.4
-70.8  118.4  1512.8  21.1  -64.7  11.2
-78.0  110.8  1477.2  61.0  -18.3  17.6
-97.2  118.4  1484.8  18.8  -58.9  30.3
-21.6  104.4  1519.6  53.6  -28.6  14.1
-62.0  118.0  1523.6  25.3  -56.7  1.2
-85.6  128.0  1493.6  42.9  -37.0  8.6
-83.2  127.6  1504.0  43.0  -32.2  18.9
-62.8  113.6  1498.4  41.4  -30.5  42.0
-83.6  135.2  1494.0  57.8  -15.1  33.2
-66.4  130.0  1480.0  5.0  -49.2  33.4
-52.0  122.0  1502.8  14.3  -55.4  41.9
-88.4  131.6  1560.8  39.4  -38.0  38.0
-94.4  135.2  1485.2  65.4  -24.5  33.5
-104.4  117.6  1520.0  63.2  0.5  36.9
-115.2  152.0  1533.6  47.6  -19.5  28.7
-106.8  144.4  1542.0  82.5  -18.5  35.5
-94.4  153.2  1509.6  73.6  -34.0  7.6
-83.2  150.0  1496.4  69.8  -55.5  -24.1
14.8  116.4  1406.4  67.5  -85.1  -22.9
83.2  105.2  1332.4  -46.5  -89.4  -108.0
30.0  128.0  1379.2  -142.0  -114.4  -139.6
197.6  111.2  1508.8  -65.3  -368.4  -71.9
398.0  111.2  1474.0  52.3  -230.5  -277.4
533.6  71.6  1406.4  -158.6  -563.1  -438.0
370.8  -22.8  1506.8  -147.1  -239.9  -780.7
276.4  -46.8  1626.4  -100.6  -127.7  -1204.8
-299.6  -28.8  1817.6  174.3  339.8  -1527.7
-724.0  -49.6  1664.0  210.1  195.7  -1158.5
-784.8  29.2  1586.8  160.2  -14.5  -463.1
-525.2  -8.4  1510.4  155.0  -68.3  161.1
-402.0  62.8  1421.2  -30.6  -137.5  459.4
-250.8  42.0  1546.4  -95.8  -355.0  709.9
-114.4  52.8  1578.4  -0.3  -169.4  729.4
5.2  30.8  1552.8  43.1  -226.6  747.1
148.0  46.0  1518.0  86.4  -78.0  534.5
134.4  76.0  1478.0  130.1  21.1  471.7
176.8  53.2  1530.8  92.2  41.2  335.9
100.0  64.0  1435.2  31.1  109.8  238.1
117.2  107.2  1504.8  -2.8  50.8  215.8
117.2  108.4  1461.6  -17.3  8.8  140.6
75.2  83.2  1424.4  -30.5  -89.6  139.0
27.6  104.0  1509.6  -44.5  -28.3  82.9
43.6  79.2  1536.4  10.5  9.1  63.0
12.0  90.8  1478.8  61.5  -35.1  31.2
42.8  83.6  1516.0  24.3  -27.2  -5.2
-3.2  92.4  1515.2  17.5  -81.3  16.8
-20.0  82.4  1542.0  50.4  -22.5  -16.2
-15.6  107.2  1481.6  65.3  -38.5  -6.4
-36.8  79.6  1496.0  11.2  -47.0  45.8
-17.6  123.6  1464.8  50.7  -39.8  20.7
-49.6  113.6  1498.4  11.6  -47.1  52.1
-4.4  117.2  1520.8  15.3  -76.7  44.5
-48.0  97.6  1469.6  7.0  -20.8  43.3
-28.8  100.8  1498.4  -0.8  -47.5  77.6
-26.4  80.8  1511.2  -18.7  10.4  79.5
3.6  72.8  1500.0  10.5  1.0  45.0
-37.6  72.0  1507.2  -1.3  -39.3  18.6
-29.6  59.6  1512.0  67.3  -23.2  26.9
-81.2  76.4  1457.2  -7.8  -52.3  51.1
-65.6  56.0  1539.2  16.3  -45.8  44.4
-66.4  58.8  1506.8  17.1  -47.3  38.7
-42.8  43.6  1519.2  40.9  -22.9  20.2
-54.4  58.8  1480.0  43.3  -33.0  -3.5
-58.0  63.6  1508.0  29.7  -47.4  5.0
-88.0  67.2  1483.2  40.5  -43.7  -0.6
-82.4  60.4  1532.0  17.0  -31.9  19.2
-60.0  74.8  1514.4  36.6  -33.0  30.9
-98.8  70.0  1497.2  24.6  -41.7  19.1
-107.2  86.8  1506.4  -6.2  -36.4  51.0
-90.0  56.8  1498.8  -17.9  -25.7  73.8
-53.6  55.6  1501.6  -28.3  -43.9  83.7
-90.0  36.8  1460.4  10.0  -57.5  104.5
-115.2  3.6  1498.4  -16.2  -108.6  179.7
14.4  -11.2  1433.2  16.8  -163.9  165.4
194.0  0.4  1372.8  -165.5  -301.7  32.5
416.8  -42.8  1512.0  -210.4  -279.0  -149.3
632.8  -10.8  1563.2  71.0  -198.7  -428.6
567.2  22.8  1568.8  236.0  -249.0  -726.0
288.0  -3.6  1494.4  274.7  -22.5  -1114.3
-200.0  -71.6  1418.8  235.3  147.4  -1235.2
-392.0  -100.0  1553.2  74.0  126.1  -1281.9
-506.0  -26.0  1668.8  111.3  149.2  -1020.8
-782.0  -60.4  1764.8  93.3  102.0  -611.7
-725.6  -52.8  1622.4  310.7  90.8  -62.9
-531.6  10.8  1421.6  65.2  -203.4  446.0
-307.2  13.6  1511.2  -14.3  -297.3  678.3
-125.6  51.6  1436.8  -127.1  -333.4  836.3
29.2  44.8  1530.8  -153.6  -290.6  813.0
115.6  80.0  1403.2  -127.2  -133.2  612.5
186.4  27.6  1597.2  132.6  -135.4  486.9
146.0  70.4  1493.2  120.5  -32.3  358.5
171.2  126.4  1560.0  175.9  42.3  264.4
111.6  110.4  1456.4  175.0  54.0  149.3
40.4  113.2  1472.4  112.5  0.3  171.8
31.6  138.4  1446.4  -7.5  80.9  189.8
23.6  126.0  1519.6  47.7  37.8  193.0
-20.4  127.6  1490.4  61.8  145.4  148.4
-24.0  131.6  1454.0  138.8  -4.9  167.8
-8.8  132.0  1454.4  -13.2  -55.9  186.6
13.2  147.6  1487.6  -10.9  -97.8  169.9
-39.2  130.8  1491.6  -36.3  -31.9  143.0
8.0  105.2  1523.2  -35.9  -89.3  124.5
-7.2  122.4  1513.2  59.1  -8.2  45.9
10.0  112.0  1486.8  32.1  -63.6  59.4
-48.8  128.0  1516.8  55.3  -22.2  12.1
-97.2  143.6  1534.4  57.6  -23.5  58.0
-38.0  127.2  1465.6  73.0  7.2  27.3
-55.2  122.8  1463.2  33.3  -49.9  55.4
-25.6  122.4  1473.6  50.1  -50.4  20.7
-68.0  142.8  1525.6  24.5  -83.7  -0.4
-53.2  145.2  1493.6  49.2  -46.8  0.2
-67.6  152.8  1534.8  14.7  -70.2  11.2
-77.6  155.6  1501.2  24.0  -51.6  5.0
-86.4  147.6  1478.8  10.3  -46.7  30.3
-86.8  158.0  1522.4  -2.9  -40.3  60.7
-84.8  142.4  1483.2  15.7  -14.5  53.5
-80.0  134.8  1496.8  6.8  -28.3  59.4
-50.8  106.0  1487.2  -3.8  -39.0  56.8
-44.0  124.4  1499.2  32.9  -24.3  33.9
-20.0  99.6  1475.6  22.1  -63.5  14.2
-2.4  128.8  1448.0  -4.3  -123.3  -11.7
-25.2  128.0  1531.2  7.4  -103.7  -18.4
78.8  97.6  1473.2  50.4  -134.9  -45.2
236.4  52.8  1413.6  34.7  -173.2  -156.6
480.4  -0.8  1330.4  -12.6  -403.5  -348.3
408.0  47.2  1577.2  -88.0  -352.2  -663.7
304.4  70.8  1600.4  110.2  -108.2  -925.7
67.6  -8.4  1552.0  50.0  -9.7  -1198.8
-161.6  -29.2  1684.8  84.1  97.6  -1293.3
-412.0  -32.4  1604.8  78.1  119.5  -1156.7
-621.6  -37.2  1766.0  148.4  -142.5  -800.0
-807.2  60.0  1651.6  294.1  239.8  -344.7
-560.8  33.2  1407.2  285.5  112.9  200.5
-443.2  83.6  1474.0  -3.9  -222.1  529.2
-312.8  83.2  1514.0  -76.5  -239.4  772.3
-134.4  162.0  1484.4  -104.9  -191.6  816.1
42.8  96.8  1562.4  -179.5  -134.8  761.4
96.4  90.4  1452.0  32.8  -41.5  622.8
180.4  102.4  1501.2  67.1  -82.3  483.3
84.8  100.8  1448.8  91.5  150.3  310.7
88.8  145.6  1465.6  91.5  20.2  280.3
11.2  139.6  1462.8  -45.0  18.2  221.4
17.6  134.0  1486.0  -10.5  -14.3  185.2
-14.0  120.8  1477.6  -48.4  -15.7  151.9
12.8  119.2  1478.0  -43.4  -68.4  152.9
4.0  120.0  1509.2  -13.8  -48.7  42.3
-100.0  129.6  1480.0  -34.9  -1.1  80.0
-48.8  145.6  1517.6  8.6  -5.2  81.8
-101.2  124.4  1545.6  29.4  53.2  76.4
-97.6  139.6  1496.4  34.4  5.9  98.7
-76.0  122.4  1485.2  1.4  10.0  80.8
-59.6  100.0  1497.6  40.0  18.3  64.2
-94.8  84.0  1486.0  59.3  -11.9  74.6
-46.0  101.2  1512.0  8.6  -71.4  44.5
-90.8  79.2  1515.2  43.9  -49.4  7.0
-101.2  102.8  1496.8  12.5  -65.0  25.3
-127.2  121.2  1465.6  16.3  -66.6  11.0
-150.0  123.6  1480.4  -8.3  -68.9  29.4
-122.4  118.4  1521.6  13.6  -40.1  40.2
-125.6  104.0  1500.0  18.0  -29.6  51.1
-148.8  104.4  1533.2  11.9  -26.2  64.7
-81.6  99.2  1460.8  24.0  -32.8  58.6
-118.0  99.6  1491.6  28.4  -24.5  34.2
-134.8  103.6  1503.2  35.7  -28.5  35.5
-165.6  101.2  1500.4  36.6  -21.1  52.5
-111.6  88.0  1494.0  46.3  10.2  62.5
-108.8  94.0  1488.4  68.4  -30.5  36.6
-136.8  127.2  1472.8  44.0  -51.7  6.4
-144.8  94.8  1470.0  29.5  -57.1  2.3
-170.8  111.2  1493.6  23.9  -72.6  31.4
-102.4  95.2  1477.2  28.0  -84.6  7.2
-78.4  83.2  1460.0  44.5  -123.6  -49.9
-84.8  108.4  1490.8  43.5  -116.5  -58.7
-79.6  116.0  1502.4  49.3  -115.2  -68.4
-62.0  110.4  1492.4  61.2  -168.7  -60.1
160.0  52.8  1409.2  80.5  -197.8  -116.1
435.2  -15.2  1323.2  -5.0  -268.3  -380.8
696.4  -28.4  1447.6  -43.2  -223.2  -875.5
256.8  -108.0  1513.2  368.2  242.5  -1735.3
-492.8  25.6  1662.8  86.6  -166.5  -1703.0
-780.4  33.6  1632.4  435.6  466.2  -1253.8
-842.0  82.0  1496.0  196.1  14.7  -632.0
-698.4  76.8  1530.0  -98.9  -554.4  -88.0
-548.8  62.4  1597.6  113.7  -208.6  183.4
-456.8  80.0  1364.0  52.9  6.5  369.7
-338.8  90.0  1458.8  -94.0  -382.0  602.0
-244.4  90.0  1500.0  -182.6  -319.3  740.0
-93.2  86.4  1551.2  -41.3  -219.6  715.9
21.2  92.8  1542.0  -40.3  -136.2  657.0
148.4  56.8  1506.8  50.6  -108.1  526.2
62.8  100.8  1474.4  98.2  71.6  433.5
90.0  124.8  1533.6  63.4  105.3  335.1
-8.0  145.6  1508.4  64.8  63.3  298.5
39.2  133.6  1493.6  48.6  76.4  271.5
23.2  166.0  1469.2  63.8  105.0  188.7
-42.0  151.2  1487.6  24.6  52.4  166.5
-30.8  126.0  1448.0  20.8  -5.6  153.2
-63.6  129.2  1486.0  10.0  2.7  98.6
-107.2  136.4  1476.8  8.8  -33.5  61.0
-126.4  130.0  1535.2  1.3  -17.1  102.4
-124.8  128.0  1514.4  63.9  -43.9  40.4
-171.6  130.8  1434.8  42.2  6.4  63.5
-135.2  131.2  1470.8  26.2  -34.0  81.8
-148.8  170.0  1469.2  -23.9  -84.6  59.2
-119.6  156.0  1526.0  35.5  -43.8  46.2
-109.2  177.2  1486.4  -31.1  -76.1  43.8
-117.6  142.0  1556.0  11.1  -32.9  26.3
-121.6  130.0  1484.0  31.0  -50.7  11.4
-177.6  132.8  1444.0  50.3  -43.7  24.1
-166.8  142.8  1479.2  -23.3  -83.8  16.4
-146.4  142.4  1481.2  0.2  -72.2  40.5
-77.6  122.4  1476.4  -20.3  -82.2  32.2
-105.2  139.2  1517.6  -27.3  -126.1  21.8
-150.4  124.4  1462.8  1.3  -99.9  12.2
-162.4  142.0  1472.8  -30.4  -92.0  42.0
-129.2  106.8  1481.6  -34.6  -91.6  91.4
-80.8  110.0  1526.8  -26.1  -88.4  64.2
-81.6  119.6  1539.2  25.2  -60.6  9.9
-109.2  101.2  1509.6  40.8  -43.1  14.0
-163.6  81.6  1464.0  21.7  -51.4  43.5
-96.4  93.6  1505.2  11.3  -37.6  59.3
-38.0  64.8  1485.6  40.7  -79.3  33.3
-50.0  60.8  1497.6  7.9  -105.4  -18.7
-121.2  124.4  1525.2  37.9  -127.7  -63.3
-70.8  88.8  1466.8  30.3  -109.2  -33.2
-102.8  94.8  1468.0  21.6  -101.5  -42.5
-99.2  94.4  1487.6  0.9  -109.1  -31.8
-110.0  96.8  1500.8  -3.6  -89.5  10.0
15.2  50.8  1476.4  42.4  -97.3  -1.1
42.0  70.0  1510.4  23.8  -100.7  -49.3
165.6  7.2  1459.2  109.4  -72.0  -100.8
132.0  69.2  1571.2  198.2  -23.0  -296.8
104.8  115.6  1452.8  229.9  -114.4  -530.7
182.0  76.0  1437.6  52.4  -229.3  -643.6
78.0  57.6  1422.4  62.7  -25.9  -884.3
-42.4  36.8  1460.8  -198.0  -182.2  -858.6
-218.4  248.4  1844.0  -158.7  24.2  -1046.7
-443.2  -25.2  1699.2  174.5  166.1  -983.4
-517.2  18.4  1516.4  45.2  -225.2  -575.9
-429.6  -27.6  1546.0  103.5  -126.3  -237.1
-417.6  -10.4  1486.8  167.2  57.2  26.5
-282.8  54.0  1412.8  91.1  -104.8  276.5
-239.2  66.4  1506.8  55.2  -222.0  423.4
-148.0  106.4  1572.0  27.1  -246.9  576.6
-73.6  101.6  1524.4  61.0  -194.6  584.4
-2.8  94.8  1521.2  68.9  -126.9  595.6
18.4  104.4  1496.4  41.2  -26.6  515.9
104.0  88.0  1495.6  52.5  -38.4  472.0
68.8  81.6  1518.4  60.0  187.1  316.3
20.0  107.6  1488.8  127.1  85.5  327.0
29.6  107.6  1494.4  45.3  82.1  262.2
-10.0  143.2  1474.0  65.5  116.2  232.5
-50.8  132.4  1459.6  42.9  68.3  199.3
-44.4  130.4  1490.0  -10.5  74.2  222.1
-38.4  107.6  1466.8  11.7  -10.0  173.0
-77.2  135.2  1498.8  -8.2  58.6  165.3
-138.8  106.4  1478.0  25.3  37.6  137.7
-127.6  118.8  1523.2  -43.3  16.8  159.3
-93.6  96.0  1474.8  68.1  -22.0  134.3
-129.6  118.8  1422.4  15.3  -10.9  113.5
-107.6  122.8  1478.8  -79.6  -106.1  125.9
-152.8  103.6  1471.6  -40.1  -102.5  55.4
-125.6  110.0  1523.6  -64.1  -92.5  92.0
-119.6  127.2  1524.0  27.1  -87.6  29.4
-112.4  86.0  1500.4  12.4  -47.1  38.8
-116.4  83.6  1499.6  44.5  -67.2  7.9
-130.4  116.0  1497.2  13.6  -62.9  -1.3
-175.2  108.0  1507.6  38.5  -33.2  4.1
-138.4  101.2  1492.0  59.8  -34.0  13.1
-142.0  118.0  1457.2  33.7  -53.0  22.9
-124.0  100.4  1518.8  28.5  -58.5  28.6
-156.4  109.6  1496.0  52.1  -47.2  7.2
-172.8  122.0  1492.4  47.9  -60.8  19.3
-141.2  100.0  1468.0  63.0  -42.7  14.4
-156.4  104.4  1467.2  30.1  -77.3  16.1
-170.0  112.0  1475.2  9.4  -91.8  38.9
-184.8  114.4  1506.8  23.7  -65.8  2.0
-141.2  94.4  1494.8  -51.1  -102.4  70.1
-79.6  100.0  1474.8  -14.2  -119.1  39.9
2.4  69.6  1454.4  -29.8  -198.3  21.7
71.2  52.8  1501.6  -61.4  -193.6  -49.9
143.2  40.4  1454.0  -2.0  -198.1  -127.7
216.4  21.6  1454.0  -57.5  -184.8  -261.0
321.6  53.6  1483.2  79.8  -300.0  -382.8
383.6  -35.2  1476.0  109.3  -149.2  -777.8
88.8  -0.4  1524.0  250.1  -19.1  -969.5
-83.2  40.4  1476.8  -47.0  -119.7  -1175.7
-103.2  -107.6  1742.4  112.9  153.2  -1040.9
-618.4  71.2  1614.8  172.1  252.6  -895.4
-693.6  46.0  1564.4  113.0  54.7  -287.8
-516.8  35.6  1399.6  200.2  -80.1  77.2
-380.4  87.2  1427.6  -18.3  -158.7  335.9
-274.4  71.2  1556.4  -71.8  -228.3  582.2
-93.2  80.4  1537.2  59.6  -118.9  538.2
-62.0  75.2  1532.0  19.2  -127.1  514.1
-56.4  60.0  1524.8  41.9  -2.7  479.0
19.6  48.4  1544.8  117.7  -25.2  393.2
54.8  86.8  1443.6  70.4  14.3  322.9
2.4  103.2  1493.2  47.9  47.9  238.4
12.8  119.6  1499.2  60.2  18.3  226.3
0.0  136.4  1470.4  94.9  13.4  121.1
-69.6  124.0  1466.4  -3.4  -9.8  124.5
-75.6  141.2  1453.6  64.5  -15.1  82.2
-64.8  106.8  1491.6  -34.0  -60.3  127.5
-53.6  130.0  1508.8  15.6  -41.5  53.4
-86.8  120.4  1514.0  -3.6  -20.7  43.4
-70.0  142.8  1526.4  52.1  -25.8  29.6
-91.6  126.8  1489.6  82.7  -21.8  -0.1
-68.8  128.8  1468.0  54.8  -27.5  -8.6
-103.6  126.8  1470.4  21.0  -91.1  -7.5
-122.8  139.6  1514.4  45.5  -26.9  -20.0
-107.2  145.2  1503.6  42.7  -58.5  -21.2
-125.2  127.2  1456.0  84.6  -53.5  -43.9
-148.0  142.8  1455.6  30.0  -58.6  11.2
-142.0  157.2  1521.6  20.5  -31.3  -23.8
-102.0  134.4  1482.0  86.6  -52.2  -36.4
-135.6  135.6  1443.6  36.8  -68.5  -49.2
-147.2  173.6  1499.2  22.4  -37.8  8.8
-118.0  147.2  1502.4  41.4  -40.8  11.7
-142.4  162.4  1498.8  46.3  -34.6  -17.5
-187.2  148.8  1475.6  57.7  -23.4  42.0
-135.2  164.8  1472.4  37.7  -27.1  59.9
-109.2  128.0  1468.0  7.8  -62.5  41.7
-156.8  158.8  1456.4  56.6  27.0  28.0
-113.2  150.0  1486.0  21.9  -56.9  23.6
-148.4  172.0  1481.6  39.8  -44.1  24.9
-112.8  139.6  1491.2  51.0  -53.1  30.3
-136.4  160.4  1480.0  63.3  -43.8  -10.2
-144.4  146.8  1460.8  14.5  -110.5  -10.1
-186.0  177.2  1495.2  56.2  -65.5  -16.8
-158.0  157.2  1464.8  38.2  -84.9  17.8
-149.2  154.0  1477.6  31.6  -100.0  0.2
-153.6  135.2  1469.2  22.1  -108.9  27.6
-123.6  169.2  1517.6  25.3  -79.1  0.1
-118.4  144.4  1481.6  52.8  -90.8  -9.0
-92.4  170.8  1480.8  14.1  -112.4  -50.7
-86.0  140.0  1458.4  32.1  -128.4  21.6
92.0  84.8  1375.6  50.5  -271.5  43.0
218.4  100.0  1360.8  -53.1  -327.9  -6.2
358.0  110.4  1443.2  -187.5  -458.0  -161.8
332.0  75.2  1659.6  -77.2  -232.4  -464.1
160.4  138.0  1673.6  115.3  -63.8  -762.8
-40.4  80.0  1614.0  -24.6  -53.6  -859.7
-203.2  49.6  1626.0  39.8  115.5  -985.7
-396.4  49.6  1617.6  243.8  185.3  -968.8
-641.6  68.0  1470.4  196.2  53.6  -772.3
-663.6  67.2  1499.2  214.2  35.6  -257.0
-469.6  116.8  1365.6  126.0  43.1  138.0
-362.0  152.4  1467.2  -65.4  -87.5  410.3
-267.6  122.8  1503.2  -168.6  -166.1  561.1
-168.4  132.8  1565.6  -89.8  -181.8  610.8
-61.2  72.8  1465.6  -145.6  -251.3  618.8
14.0  102.8  1567.2  46.5  -85.6  398.3
60.8  69.2  1543.2  -32.4  -3.5  374.3
84.0  89.6  1500.8  151.4  46.0  311.9
108.8  140.4  1495.2  161.3  90.3  190.4
11.2  142.8  1440.4  137.4  44.9  180.4
-34.8  176.0  1437.2  85.0  75.8  126.6
-31.6  159.6  1460.8  93.0  22.5  192.0
-39.2  159.6  1440.8  50.6  -33.0  113.5
-103.2  154.0  1500.8  23.1  -32.0  97.0
-70.4  158.8  1490.4  49.2  -27.2  73.6
-80.8  166.0  1510.4  46.5  -21.2  46.4
-99.6  174.8  1458.4  41.8  -46.0  51.7
-140.4  173.6  1475.2  3.9  -63.2  67.2
-107.2  166.8  1465.2  43.8  -53.7  34.5
-127.2  170.0  1490.4  6.7  -84.9  75.8
-86.0  154.8  1486.4  15.2  -38.6  31.1
-114.0  190.8  1498.8  44.1  -40.3  50.7
-108.4  179.6  1473.6  7.4  -62.4  41.5
-111.6  165.2  1491.2  29.7  -64.1  35.1
-124.8  176.4  1498.4  6.5  -61.1  10.8
-143.6  157.2  1511.2  26.7  -57.0  41.4
-83.6  167.2  1490.8  31.9  -18.4  35.2
-111.2  157.2  1490.0  29.5  -60.8  29.2
-124.0  160.4  1483.6  23.4  -54.8  16.9
-147.2  197.6  1513.2  39.9  -45.8  14.3
-172.8  181.6  1477.6  63.6  -37.6  16.4
-124.4  166.0  1479.2  52.7  -18.8  58.7
-174.4  194.0  1489.6  37.2  -36.8  50.4
-130.0  188.4  1453.6  52.5  8.4  48.3
-92.8  184.4  1489.2  70.8  -31.2  61.6
-135.2  188.4  1470.0  24.1  -48.2  47.3
-130.0  179.6  1469.2  21.9  -24.2  28.6
-150.4  202.0  1477.2  18.4  -50.1  36.0
-176.0  192.0  1482.0  36.3  -38.2  18.4
-153.6  172.8  1472.8  15.2  -47.7  18.2
-170.0  191.2  1478.4  21.9  -65.1  27.7
-148.4  175.2  1456.4  -1.4  -68.9  41.9
-146.4  202.4  1506.8  -27.1  -83.5  57.6
-74.4  159.6  1482.8  16.4  -89.4  17.7
-60.8  146.4  1498.0  -2.9  -105.8  -20.9
-68.0  139.6  1442.8  45.2  -135.2  -25.4
0.8  139.2  1479.6  63.2  -136.4  -23.0
229.6  119.6  1420.8  99.6  -260.5  -76.2
325.6  116.8  1458.4  98.3  -243.1  -376.8
220.8  108.0  1516.8  145.9  -346.2  -591.6
45.6  144.8  1518.8  125.9  -207.8  -990.8
175.6  31.2  1816.4  254.4  127.7  -1273.8
-310.0  155.6  1603.6  102.0  172.0  -1177.8
-682.0  99.2  1603.2  249.5  295.1  -1038.4
-841.6  157.6  1504.8  240.0  82.0  -428.3
-580.0  153.6  1343.2  138.4  -76.8  47.3
-452.4  225.2  1406.0  -78.2  -103.9  316.3
-359.2  228.4  1403.2  -129.4  -201.3  512.7
-308.8  186.0  1586.8  -289.3  -257.3  667.5
-141.6  140.0  1447.6  -84.7  -143.3  675.7
-58.8  136.0  1558.0  -158.7  -103.5  615.0
13.2  109.2  1492.0  -3.8  -57.1  531.8
-25.6  130.8  1519.6  24.9  68.5  398.0
-5.6  145.2  1476.0  48.2  5.1  330.4
-54.0  141.2  1457.6  -48.8  -75.0  306.7
-5.2  134.4  1478.4  59.6  52.3  183.3
-45.6  169.6  1411.6  22.0  -13.6  176.3
-60.4  168.4  1475.2  -30.6  -24.3  184.1
-91.2  161.6  1510.8  47.3  -20.6  106.9
-156.8  160.8  1437.2  49.3  29.1  100.2
-64.8  118.4  1459.2  16.8  -72.1  143.1
-103.6  164.8  1464.8  11.0  -9.7  45.0
-159.6  177.6  1452.0  36.0  -66.1  69.6
-72.0  180.0  1505.2  -2.8  -62.0  102.1
-60.0  179.2  1582.0  34.8  -37.4  15.5
-85.6  185.6  1560.4  58.7  -12.7  -27.6
-114.8  166.0  1488.4  77.7  -15.8  -28.3
-129.6  190.0  1438.8  74.5  -30.8  -28.2
-189.2  155.2  1409.6  25.9  -38.5  4.4
-171.2  199.6  1451.6  20.1  -58.8  39.5
-140.0  193.2  1496.8  28.7  -44.5  47.7
-142.8  178.0  1490.8  52.2  -59.8  31.3
-174.0  176.4  1487.2  45.5  -61.3  10.2
-155.2  162.8  1486.4  35.2  -35.2  22.9
-160.0  184.4  1471.6  69.2  -34.0  14.7
-178.4  200.8  1469.6  57.9  -51.6  3.3
-181.6  204.8  1465.6  62.1  -43.7  8.9
-193.2  193.6  1462.0  29.1  -52.1  32.7
-179.6  208.4  1472.4  16.4  -40.9  54.8
-156.0  156.0  1479.2  9.8  -62.7  41.9
-164.0  166.8  1482.4  -15.1  -81.6  47.6
-130.0  173.6  1465.6  -39.1  -115.4  41.4
-160.0  199.2  1455.6  -23.4  -95.0  40.6
-25.2  162.8  1412.8  -82.4  -135.9  83.3
232.8  78.4  1387.6  -148.9  -304.4  -37.6
362.0  31.6  1477.6  -100.6  -247.7  -401.4
206.8  97.2  1582.0  -123.4  -286.3  -740.0
209.2  91.2  1542.0  148.8  -119.5  -943.0
83.2  7.2  1564.8  207.3  -191.3  -1070.1
-273.6  -45.6  1611.2  79.1  -82.5  -1187.0
-492.8  23.2  1577.2  323.3  383.9  -1102.6
-709.6  51.6  1496.8  302.6  293.1  -768.4
-789.6  16.8  1535.6  154.3  31.6  -347.2
-644.4  116.8  1467.2  192.0  -76.7  126.9
-466.8  164.8  1411.6  -29.8  -165.6  426.1
-366.0  171.6  1497.6  -4.7  -254.1  626.3
-218.0  157.6  1396.4  -95.6  -312.9  731.6
-112.8  159.6  1531.2  -184.5  -220.8  686.6
40.8  134.4  1506.0  -38.2  -197.5  588.9
25.6  149.6  1548.8  -40.5  -19.7  448.6
16.4  166.4  1451.2  87.7  -12.5  342.1
30.8  169.6  1520.0  11.1  -11.0  331.3
-14.4  193.6  1480.0  81.6  70.7  212.2
-31.6  166.0  1510.0  62.2  38.0  222.4
-37.6  192.4  1452.8  35.7  -13.0  178.4
-95.6  190.4  1504.8  -25.5  53.9  154.5
-82.8  184.8  1506.0  29.3  67.1  159.2
-115.6  166.4  1478.0  70.0  6.9  159.4
-87.2  158.8  1495.2  26.3  33.3  137.9
-115.2  166.8  1421.2  38.2  -13.1  117.9
-143.6  192.8  1480.4  -55.2  22.4  112.5
-148.8  165.6  1479.2  13.9  -47.7  85.8
-114.4  173.2  1509.2  32.4  -39.1  60.5
-148.4  197.6  1456.8  10.3  -80.1  44.3
-128.4  182.8  1496.4  27.2  -35.9  27.8
-162.4  181.2  1492.8  13.8  -60.7  -1.1
-174.8  168.4  1493.6  23.7  -30.4  35.0
-146.8  187.6  1507.2  24.5  -46.8  19.7
-148.4  195.2  1459.6  22.7  -34.5  21.4
-169.2  188.8  1473.6  29.5  -38.0  29.8
-168.0  187.6  1464.0  8.7  -45.1  47.0
-168.8  186.4  1534.4  19.2  -35.5  33.2
-176.8  168.8  1496.4  57.7  -9.9  9.2
-200.4  154.0  1449.6  77.6  -36.8  10.5
-203.2  158.8  1440.0  -10.8  -85.6  25.7
-188.4  190.4  1492.8  71.6  -0.6  27.0
-186.8  186.4  1467.2  5.6  -69.5  28.4
-148.4  170.4  1474.8  59.7  -45.8  14.5
-182.8  188.8  1464.4  44.8  -39.8  8.3
-175.2  193.2  1465.2  11.7  -81.4  1.9
-176.0  191.6  1448.0  27.8  -66.1  16.0
-156.4  212.8  1523.6  26.0  -65.3  44.7
-187.2  194.4  1456.8  28.1  -84.9  22.5
-186.0  199.6  1487.6  50.8  -31.1  38.5
-175.6  169.2  1489.2  28.7  -52.3  32.8
-154.8  165.2  1490.8  45.8  -72.8  28.2
-102.0  156.8  1473.2  12.4  -82.6  -24.8
-47.2  129.6  1444.0  25.1  -118.1  -66.7
84.0  121.2  1444.4  18.7  -225.2  -136.6
289.2  94.8  1457.2  98.5  -278.9  -420.3
343.6  86.0  1479.6  -81.0  -495.8  -729.9
299.6  74.4  1461.6  78.6  -343.5  -1065.1
-19.6  64.8  1466.4  130.2  -67.5  -1199.3
-404.4  75.6  1493.6  -22.6  -19.6  -1305.1
-694.8  81.6  1678.0  185.4  281.2  -1044.7
-914.0  52.4  1684.0  225.4  199.2  -561.4
-878.8  116.4  1498.0  259.0  -98.1  141.4
-552.0  144.8  1400.0  123.8  -39.2  510.1
-334.4  172.4  1422.8  30.6  -173.2  686.7
-150.0  187.2  1478.4  -52.0  -247.2  811.5
-59.2  160.4  1558.4  -303.4  -76.5  799.0
80.0  161.2  1565.2  117.4  -106.0  527.3
46.0  157.6  1486.8  152.1  76.0  353.6
-33.6  194.4  1443.2  79.5  50.0  316.2
-35.2  198.0  1451.2  35.1  12.8  225.8
-47.6  245.2  1488.4  47.4  117.4  198.1
-30.0  231.6  1449.2  12.7  72.9  187.0
-37.2  236.4  1438.8  55.4  57.7  152.6
-83.6  230.0  1440.0  -9.5  -27.2  142.0
-144.0  231.6  1453.6  26.9  -10.0  103.5
-125.6  230.8  1496.8  -26.3  21.6  125.6
-129.6  244.8  1460.8  92.0  84.4  93.8
-162.4  216.0  1457.2  17.9  -29.7  99.2
-130.0  227.2  1484.8  12.3  -14.7  93.0
-109.6  218.0  1496.0  36.6  -7.5  25.0
-179.2  216.4  1466.4  22.1  -40.4  12.2
-189.2  222.0  1461.6  45.2  -56.3  -2.0
-201.6  222.8  1445.6  14.0  -68.3  7.8
-206.0  238.4  1461.2  -1.4  -75.6  33.7
-172.4  239.2  1487.6  5.5  -34.7  24.3
-183.2  236.4  1524.4  16.4  -55.9  21.0
-174.0  206.8  1474.4  42.1  -54.5  12.5
-199.6  218.4  1445.2  12.6  -61.2  16.5
-202.0  218.0  1412.0  3.9  -75.7  43.7
-193.2  212.0  1469.2  -20.4  -97.7  70.3
-154.8  217.6  1512.8  -24.8  -93.4  52.8
-136.4  198.8  1476.0  17.9  -66.6  23.1
-146.4  190.8  1450.4  -43.7  -137.4  29.8
-110.8  176.0  1443.6  -49.5  -114.6  38.7
24.8  158.4  1458.4  -50.4  -150.9  2.4
81.6  155.6  1489.2  -27.6  -186.1  -132.7
194.0  106.4  1458.4  46.8  -258.9  -189.5
304.0  165.6  1397.6  94.7  -232.1  -393.2
278.8  113.2  1416.4  96.1  -267.0  -622.8
117.2  56.4  1460.8  63.9  -206.2  -947.4
50.0  90.8  1591.2  -93.0  -307.7  -1178.7
-534.0  80.0  1757.2  228.4  401.6  -1392.5
-820.4  90.8  1623.6  234.4  243.9  -1023.4
-757.2  101.2  1542.4  146.8  -91.7  -422.8
-682.8  123.2  1514.8  126.5  -230.5  104.9
-427.2  156.4  1389.2  72.7  -55.4  397.1
-340.4  147.6  1432.0  -59.4  -154.2  578.0
-222.0  176.0  1473.6  -57.2  -269.2  648.0
-93.2  145.2  1535.2  -75.9  -127.2  699.9
22.8  150.4  1493.6  -66.5  -59.5  548.7
48.0  140.0  1492.8  12.6  -86.7  425.5
57.6  130.4  1480.0  64.6  127.9  321.4
47.2  178.4  1434.0  94.4  -5.6  223.5
-37.6  160.8  1460.8  17.7  -16.3  205.2
-53.2  200.8  1440.0  34.2  -15.3  212.2
-52.4  185.6  1480.8  -36.2  29.2  192.7
-72.8  196.4  1504.4  36.2  -4.4  146.7
-96.8  204.0  1489.6  29.1  6.6  91.4
-96.4  183.2  1476.4  46.9  -24.6  110.4
-119.2  190.0  1452.4  13.6  -24.5  112.1
-112.8  182.0  1498.0  -23.9  -8.7  108.0
-123.6  195.6  1493.2  -21.9  -66.9  73.0
-103.6  156.8  1498.8  -28.5  -37.8  96.3
-96.4  164.8  1469.2  -16.2  -46.7  60.0
-147.2  176.8  1543.6  -2.0  -37.6  71.8
-137.2  171.6  1497.6  27.1  -26.0  37.4
-136.0  155.6  1470.0  -1.7  -38.7  66.4
-115.2  170.8  1446.0  -22.3  -66.8  70.5
-125.2  158.8  1533.2  -5.4  -60.2  40.4
-110.8  163.6  1545.6  31.4  -27.5  22.0
-148.8  143.2  1469.6  43.3  -51.0  25.1
-163.6  152.0  1493.6  11.7  -15.2  27.7
-178.0  149.2  1468.4  32.5  2.7  32.3
-157.6  148.0  1474.8  13.2  -22.9  60.3
-131.6  146.0  1482.4  33.4  -51.0  38.6
-141.2  151.2  1495.2  52.6  -44.6  36.6
-138.0  148.4  1471.6  41.2  -72.4  17.7
-167.6  176.0  1506.0  29.3  -50.0  24.9
-163.6  157.6  1475.6  42.8  -42.1  30.5
-132.8  152.8  1439.2  -3.0  -70.3  56.7
-135.6  129.2  1443.2  -41.5  -144.8  79.7
-110.4  138.0  1498.8  -50.9  -88.9  53.7
-82.8  161.2  1472.8  -7.1  -120.4  25.8
-76.4  147.2  1480.0  17.9  -95.3  -6.1
-64.0  151.2  1460.0  46.7  -98.3  3.1
-79.6  139.2  1492.0  -19.0  -58.5  -33.2
-8.4  143.2  1464.8  121.1  -113.6  0.0
56.0  116.0  1451.6  57.1  -79.7  -105.8
163.6  86.0  1447.2  37.9  -227.8  -128.2
386.0  43.2  1445.6  -111.1  -343.6  -534.4
242.0  -14.0  1600.8  -15.1  -278.5  -702.3
138.8  -4.0  1573.2  -17.9  -420.2  -1042.8
-173.6  18.0  1624.4  24.9  123.4  -1356.9
-347.6  -2.0  1634.4  79.9  51.3  -1184.9
-547.6  -47.6  1603.2  117.3  -72.8  -915.0
-588.8  0.8  1569.6  156.9  -109.8  -578.8
-548.4  41.6  1469.6  236.4  99.3  -169.9
-432.0  100.8  1321.6  105.4  -6.2  213.3
-306.8  131.6  1510.0  -74.7  -142.1  454.4
-214.4  132.8  1508.8  -42.7  -176.8  620.4
-182.8  131.6  1563.6  -20.7  -180.9  695.7
-5.2  88.8  1494.0  12.6  -125.8  661.7
4.0  101.6  1477.6  8.8  -22.8  615.6
93.2  56.4  1384.8  -180.9  93.9  568.9
31.2  66.0  1567.2  98.3  91.9  375.3
55.2  72.0  1498.8  38.4  144.5  311.2
3.6  56.4  1492.0  74.2  83.1  230.7
-13.2  96.4  1404.8  -15.2  -52.7  199.5
24.8  64.0  1506.8  -22.1  -100.8  102.1
-42.4  80.0  1469.2  54.7  -34.6  -22.8
-84.4  104.4  1514.4  43.6  -75.6  -21.3
-116.0  118.0  1534.4  51.7  -50.5  -50.7
-111.6  106.4  1488.8  41.5  -49.9  9.7
-119.6  120.0  1528.4  63.8  -41.9  21.9
-96.8  118.4  1484.0  94.7  -41.0  11.0
-160.4  126.8  1512.4  64.6  -72.2  16.2
-200.0  151.6  1494.0  98.6  4.5  1.0
-158.0  171.6  1481.6  68.7  22.0  75.8
-130.8  121.2  1435.6  88.4  39.5  87.2
-37.2  106.8  1514.0  42.7  -11.9  127.2
-58.4  138.0  1524.0  98.3  21.7  26.5
-103.6  143.6  1498.0  59.5  -101.9  -33.5
-108.8  131.2  1477.6  104.7  -39.7  -45.0
-149.2  157.6  1471.2  49.5  -82.8  -76.3
-192.8  170.4  1470.0  76.4  -86.1  -18.1
-139.6  186.0  1491.6  42.4  -59.6  -6.5
-117.6  192.4  1460.4  84.9  -80.3  -37.8
-109.2  165.6  1461.6  72.5  -99.0  -74.0
-90.8  160.4  1499.6  92.3  -90.5  -81.3
-143.6  163.2  1505.6  51.0  -141.1  -174.9
-140.4  192.8  1543.2  134.6  -142.6  -131.5
-124.8  229.6  1504.4  206.9  -51.7  -139.6
-151.6  252.0  1474.0  145.1  -111.7  -135.3
-118.4  260.4  1456.8  97.0  -66.8  -154.2
-150.4  237.6  1462.8  99.8  -69.8  -192.5
-136.4  201.2  1447.6  -30.8  -118.1  -129.5
-162.8  176.8  1506.8  40.0  -82.6  -155.4
-154.4  191.6  1464.0  49.2  -104.7  -119.8
-122.8  251.2  1463.2  180.7  -117.8  -115.4
-166.0  292.8  1492.8  120.1  -88.7  -82.5
-122.8  290.8  1465.2  120.6  -51.8  -49.2
-113.6  282.4  1487.2  102.1  -81.5  -18.8
-108.0  289.2  1438.4  107.0  -90.4  -14.6
-134.8  323.2  1471.2  37.7  -74.5  -15.9
-137.6  314.4  1452.4  50.9  -94.4  32.3
-126.8  278.4  1496.0  6.5  -105.8  44.9
-96.0  263.6  1443.2  3.6  -69.0  64.3
-57.2  264.8  1484.0  29.0  -112.6  33.9
-35.2  303.6  1442.0  64.1  -144.9  81.9
-62.4  295.6  1481.2  -17.1  -114.4  47.1
-60.0  285.2  1540.0  -4.6  -117.6  14.7
-88.4  291.2  1514.4  21.6  -48.7  5.6
-36.8  286.0  1481.6  62.8  -42.6  11.5
-58.8  286.8  1436.4  7.9  -51.5  -15.7
-115.2  313.2  1442.8  -27.7  -96.8  -23.0
-36.0  278.8  1510.0  -46.5  -46.6  13.6
-56.0  274.0  1502.0  -2.5  -63.8  -5.6
-44.8  224.4  1475.6  14.5  -73.5  2.3
-43.6  218.0  1464.4  -78.2  -77.9  -29.1
-89.6  191.2  1526.0  -85.9  -68.4  37.6
-36.0  208.0  1499.2  52.2  -48.1  -22.8
-18.4  196.0  1442.0  -65.1  -83.5  -69.8
-68.8  187.6  1515.2  -76.1  -100.0  -32.5
-63.2  210.8  1522.4  27.0  -9.8  -37.4
-89.6  226.0  1474.0  106.6  -30.9  -33.8
-52.4  181.6  1467.6  38.5  -43.3  -5.5
-53.6  207.2  1483.6  71.8  -70.0  -10.0
-30.0  194.8  1496.0  37.6  -26.8  -27.2
-90.8  219.6  1498.4  45.8  -39.4  -26.7
-73.2  213.6  1527.6  15.8  -33.6  -10.0
-77.6  198.0  1497.2  62.0  -33.5  -22.2
-88.0  205.6  1515.6  53.7  -31.9  -17.5
-94.4  194.4  1526.8  122.9  -10.9  -15.0
-80.4  193.6  1451.6  132.3  -19.0  -24.4
-89.6  222.4  1461.2  101.5  -38.5  -13.6
-85.6  253.6  1472.4  53.6  -47.3  -69.7
-118.0  263.2  1418.4  89.5  -32.1  -72.0
-183.2  295.2  1434.4  -48.4  -79.5  -18.5
-147.2  270.0  1497.6  -1.3  -59.0  21.9
-89.2  209.2  1466.4  -23.1  -72.2  9.2
-61.2  182.0  1510.0  10.2  -79.0  2.2
-84.4  196.8  1510.4  50.8  -99.7  -56.5
-90.0  207.2  1518.0  65.5  -79.6  -47.1
-70.0  227.6  1414.0  93.6  -101.5  -42.3
