117.6  -188.0  1440.0  -35.7  -178.6  17.7
169.6  -172.8  1623.2  314.1  -205.2  -41.5
152.0  -236.4  1603.6  308.2  521.3  272.3
266.4  -36.8  1380.0  272.0  103.0  176.5
-110.0  -266.8  1763.2  669.7  -129.4  250.6
-148.4  139.6  1361.6  -74.5  -470.0  -9.4
173.2  -115.6  1467.2  -341.5  -511.0  19.4
116.0  20.0  1524.4  -493.8  281.4  47.2
148.4  60.8  1458.8  -736.6  -26.1  166.4
124.0  -159.6  1516.0  332.1  49.5  114.3
32.8  -92.8  1504.4  -121.0  -318.9  181.7
-12.8  -104.0  1484.0  -646.5  -496.8  -17.8
123.2  -286.0  1478.0  -351.7  -541.1  61.7
188.0  -274.8  1486.8  87.9  -56.4  -42.8
224.0  -330.4  1523.2  116.0  445.7  -69.9
-34.8  -289.2  1475.6  75.5  381.9  -58.8
54.0  -238.4  1688.0  185.3  -14.8  4.6
84.8  -332.4  1475.2  203.3  -138.1  79.1
178.0  -274.4  1450.4  281.0  -125.3  1.3
31.2  -228.8  1451.6  114.8  -44.6  -123.4
19.6  -198.4  1532.8  70.3  -3.3  -93.3
26.8  -182.4  1485.2  -80.9  -43.3  -150.6
3.2  -93.6  1568.4  71.3  1.3  -125.1
58.0  -145.2  1543.6  22.9  -26.8  -7.6
65.6  -246.4  1483.2  113.4  -120.3  2.0
124.0  -149.6  1408.8  -109.9  -174.6  68.5
137.6  -200.0  1585.6  -140.3  -82.6  70.5
50.0  -226.8  1623.2  -114.5  -113.6  82.1
63.2  -264.4  1520.4  229.4  21.4  -8.2
13.6  -275.2  1452.8  46.1  -126.3  36.8
32.0  -312.8  1534.4  -11.2  -154.5  64.6
116.8  -297.6  1596.4  -81.8  -97.0  37.1
130.0  -271.6  1444.8  -25.0  -98.9  -38.9
38.0  -219.2  1535.2  19.2  50.8  -27.0
0.4  -210.8  1505.6  5.9  -62.5  -22.6
89.6  -268.4  1582.0  -3.4  -107.6  -28.4
127.2  -299.6  1463.2  50.6  -143.1  -35.4
59.6  -303.2  1463.6  42.3  0.8  -23.9
53.6  -231.6  1535.6  -7.8  -76.1  -45.2
26.4  -239.6  1558.8  -5.5  -84.9  -40.2
73.2  -250.0  1514.0  -24.3  -72.1  -60.1
112.8  -249.6  1545.2  64.6  -38.1  -43.1
36.4  -256.4  1547.2  -9.7  -111.4  -33.4
94.0  -203.2  1504.4  9.0  -64.2  3.5
-184.8  -80.4  1844.0  154.4  232.3  176.3
-18.0  366.8  1861.6  254.0  212.6  416.0
284.4  946.0  1665.6  20.8  -615.2  562.5
201.2  673.6  1465.2  237.7  -448.3  521.9
574.4  -159.2  746.8  -257.4  -405.6  402.0
621.2  -1356.8  1249.6  -225.6  -590.3  -288.1
-181.2  -2070.0  1711.6  -50.8  124.6  -42.1
-245.2  -1749.2  938.8  460.8  183.6  -21.7
494.0  -1129.2  1124.4  -238.2  -217.8  -171.3
570.0  -526.4  1413.6  -59.1  115.2  -479.9
198.8  -147.6  1493.2  -29.5  625.7  -697.5
-156.8  412.8  1498.4  -64.0  272.5  -765.4
-214.4  410.8  1741.6  441.2  543.6  -569.1
-300.8  258.4  1590.4  137.8  -315.9  78.2
44.8  -124.0  1587.2  3.7  -445.3  99.3
260.0  -69.2  1491.2  142.6  -93.8  87.2
222.4  -78.0  1438.0  -14.9  -149.0  21.2
142.4  -227.6  1503.2  96.9  109.4  31.4
95.6  -238.8  1585.2  49.1  -18.2  39.0
102.0  -279.2  1583.2  52.0  -54.1  0.4
97.2  -238.0  1528.8  59.1  -81.0  -24.3
62.4  -212.8  1435.2  19.4  -67.8  -24.2
72.0  -224.4  1445.6  -47.6  -59.2  -8.7
118.4  -248.0  1511.2  -47.7  -5.0  3.3
116.4  -207.2  1561.2  -31.1  -28.2  -7.7
101.2  -246.4  1540.4  36.0  -53.9  -28.6
65.2  -253.6  1524.4  25.0  -66.7  -14.5
83.2  -242.8  1502.4  27.2  -114.5  -11.1
80.4  -235.6  1475.6  4.4  -146.5  -13.7
112.4  -254.4  1524.4  -3.8  -149.8  -16.0
102.0  -256.4  1511.2  37.1  -36.1  -10.7
112.8  -243.2  1504.8  -9.0  -56.5  -17.0
102.8  -266.0  1514.8  19.8  -42.8  -15.5
110.0  -257.2  1486.8  10.7  -71.9  -17.0
86.8  -256.4  1513.2  2.7  -39.9  -4.2
100.0  -275.6  1551.2  29.3  -45.9  -2.9
82.8  -268.0  1526.0  34.7  -54.4  -3.1
84.0  -235.2  1525.6  46.7  -64.2  -7.5
76.4  -262.8  1493.6  31.1  -83.7  -7.0
100.4  -261.6  1503.6  46.6  -63.1  -9.3
78.4  -253.6  1509.6  51.8  -55.1  -20.6
82.8  -279.6  1531.6  55.0  -26.6  -0.8
84.8  -266.0  1518.8  80.2  -61.1  -11.1
106.4  -250.8  1512.0  42.7  -49.3  -10.5
72.0  -254.4  1486.8  10.1  -55.6  -2.2
54.0  -249.2  1545.6  28.9  -81.3  -5.6
90.4  -232.0  1505.2  26.6  -71.1  0.6
96.8  -250.8  1530.4  39.0  -74.0  -10.6
70.4  -233.6  1530.8  20.1  -79.7  -14.7
75.6  -260.0  1520.8  36.4  -46.8  -6.3
85.6  -256.4  1511.2  20.9  -52.8  -7.7
79.2  -267.6  1511.2  30.4  -65.9  -9.3
74.0  -261.6  1514.8  50.2  -71.7  -9.4
64.4  -264.8  1492.8  36.0  -61.7  -7.9
100.0  -266.8  1484.0  41.7  -39.6  -9.1
75.6  -270.0  1520.8  27.1  -66.7  -0.5
70.8  -259.6  1511.6  36.9  -62.5  -3.0
69.2  -268.0  1492.8  27.9  -62.0  4.7
56.4  -287.2  1555.6  5.5  -55.3  13.2
105.6  -328.4  1530.0  81.4  -82.9  7.6
118.4  -242.8  1478.4  80.9  -62.1  -3.2
94.0  -174.0  1440.0  36.8  -33.7  -5.7
-16.8  -251.2  1544.0  42.2  -62.9  -1.9
-3.2  -282.0  1561.2  97.3  -55.8  46.3
103.2  -271.6  1470.4  69.1  -47.3  39.5
88.8  -225.2  1474.8  53.6  -57.6  -4.1
25.6  -244.0  1533.2  49.7  -44.4  -11.0
5.6  -243.6  1540.8  23.7  -58.1  -2.4
27.6  -267.2  1570.8  25.0  -56.7  11.0
79.2  -233.6  1516.4  34.1  -95.3  -19.3
60.0  -278.4  1525.2  17.0  -92.6  -34.7
12.4  -246.8  1519.2  32.9  -134.5  -34.6
40.8  -236.0  1478.4  19.5  -87.8  -14.8
89.6  -241.6  1510.0  2.8  -73.6  -4.2
90.4  -258.0  1515.6  1.8  -83.2  -12.8
56.0  -258.8  1520.0  0.0  -97.8  -24.1
34.8  -276.8  1529.6  47.2  -103.9  -11.0
85.2  -232.4  1488.4  26.4  -66.1  6.5
100.4  -270.4  1515.6  32.3  -70.9  -2.5
78.8  -270.0  1494.4  41.4  -72.3  -26.0
29.2  -264.0  1497.2  42.6  -62.0  -9.2
89.2  -252.8  1504.0  43.6  -31.1  1.2
94.8  -231.2  1515.6  13.5  -60.2  -15.0
62.4  -241.6  1506.0  60.9  -73.3  -19.3
28.4  -227.6  1506.4  12.6  -45.3  -3.3
70.0  -265.2  1522.0  33.8  -62.8  15.8
85.6  -266.8  1529.6  27.9  -70.9  10.9
78.8  -251.6  1486.0  36.4  -81.2  -3.9
47.6  -262.0  1510.8  29.6  -88.8  -5.9
71.6  -275.6  1509.2  42.1  -77.8  -17.0
64.0  -269.2  1468.4  30.2  -51.3  -20.9
72.0  -269.6  1500.4  26.3  -61.0  -43.0
51.2  -275.6  1507.2  62.9  -53.0  -48.2
56.4  -266.4  1464.0  34.9  -47.9  -55.1
57.2  -274.8  1498.8  -40.7  -13.5  -33.4
-46.4  -174.0  1509.2  -116.2  101.6  25.7
205.2  747.6  1920.8  -195.5  597.9  237.9
94.4  1842.8  2291.6  461.6  451.2  819.5
-173.2  329.6  869.6  1154.3  -1826.8  117.1
-309.6  -1788.0  1337.2  -314.5  -1124.5  284.0
190.0  -2310.0  1744.0  -257.9  552.8  -28.8
418.4  -1340.4  1497.6  543.6  531.3  -68.2
117.2  -570.8  1316.8  -302.9  331.0  -449.4
-120.0  -88.8  1523.2  -84.9  247.7  -491.3
11.2  528.4  1802.0  -204.1  806.7  -497.3
-336.0  482.4  1534.4  -252.0  -208.4  -373.9
-126.8  230.4  1789.6  -422.4  -561.7  5.8
-16.8  -26.8  1654.4  180.0  44.1  196.6
24.8  -216.8  1438.8  65.1  -569.7  148.5
42.0  -343.2  1528.8  176.5  -252.9  231.6
180.4  -329.2  1392.4  378.5  65.4  134.3
233.2  119.2  1035.2  -295.3  -224.7  -322.3
180.0  -443.2  1892.0  -508.1  120.9  52.5
14.4  -141.6  1532.4  368.2  -165.3  -279.3
-209.2  -220.0  968.4  274.6  476.2  -204.7
-196.8  -345.6  1616.8  -411.4  -322.6  -169.9
-129.6  -404.8  1672.0  -255.7  -118.2  -6.2
225.2  -346.8  1785.6  126.3  -191.9  -37.7
154.4  -402.0  1437.2  226.3  -154.9  -160.2
1094.0  1210.4  1313.6  824.4  239.8  -976.8
-36.0  -278.8  1522.8  -544.6  -298.0  239.8
195.2  -326.4  1708.8  -282.7  39.3  213.9
134.4  -402.0  1620.8  14.3  -173.6  -66.6
114.0  -401.6  1500.8  125.2  -70.0  -36.2
134.4  -334.0  1484.0  154.1  -67.4  -73.4
66.4  -302.8  1514.4  5.6  -80.1  -21.7
29.6  -302.0  1492.0  208.2  100.6  -1.2
6.0  -299.6  1430.8  6.0  -4.3  50.2
56.0  -339.2  1465.2  -8.5  71.0  65.3
56.4  -304.8  1608.0  87.0  87.5  56.2
-44.8  -208.0  1512.8  230.8  -28.3  33.4
-44.8  -261.2  1366.8  164.4  123.8  26.6
-13.6  -376.8  1646.4  -35.9  40.1  27.2
-54.8  -306.8  1585.2  159.8  -71.4  -38.6
-195.2  -178.8  1426.4  171.4  -348.2  -53.3
-145.6  -172.4  1452.0  52.4  -49.3  86.1
38.0  -258.8  1446.0  49.0  -83.1  117.7
154.4  -294.8  1632.8  70.8  -120.0  69.2
95.2  -300.4  1605.2  257.4  -70.1  -97.4
-48.4  -260.4  1436.0  301.9  -113.7  -99.7
-121.2  -148.8  1560.4  127.8  -23.2  -66.3
-55.2  -140.0  1480.0  171.0  39.5  -98.6
-20.8  -97.6  1532.4  49.3  189.9  -43.5
-6.0  -177.6  1488.0  32.5  14.9  -183.7
-148.0  -176.8  1562.0  -89.8  -175.7  -138.2
-30.8  -6.0  1416.4  -112.4  192.4  37.4
63.6  826.4  1912.4  -578.8  457.1  361.3
-109.2  1531.2  2156.4  1181.9  18.7  350.1
-814.8  60.8  578.8  944.5  -1201.1  359.7
13.6  -1271.6  1530.0  174.0  -302.9  569.9
271.6  -1778.0  2198.4  -513.5  -434.7  188.5
51.6  -1620.0  2024.8  -259.0  -282.0  -26.6
146.0  -749.2  1395.6  -159.7  147.3  -441.3
21.6  59.2  1203.6  -286.2  364.1  -484.9
225.6  642.0  1449.2  -374.7  789.8  -456.3
-236.0  455.2  1820.4  -382.0  -291.9  -221.2
-203.2  323.6  1769.6  35.8  -410.4  94.7
-200.4  -121.6  1638.4  279.5  -288.4  338.3
277.6  250.4  1181.6  339.8  54.0  82.4
154.8  -414.8  1597.6  -194.8  5.4  357.5
66.0  -332.4  1396.8  107.9  49.0  -35.0
-115.6  -271.6  1680.0  -109.1  -81.8  -31.7
-91.2  -198.0  1598.0  190.2  -89.2  -182.6
-31.6  -190.8  1462.8  112.9  -100.9  -75.9
83.2  -170.8  1546.4  -48.6  -125.3  -31.6
56.8  -184.0  1421.2  165.4  -120.3  -124.8
-54.8  -211.2  1450.0  -12.5  -34.4  -55.7
-56.0  -241.6  1576.8  -7.6  -12.3  8.4
-55.2  -272.4  1531.6  39.3  -41.4  -37.1
15.2  -236.0  1570.8  24.0  -123.8  -41.7
12.0  -214.0  1510.8  29.3  -189.1  -30.2
40.4  -218.4  1485.6  24.0  -164.8  -9.5
8.8  -194.0  1444.8  18.0  -50.1  -25.1
-50.0  -248.8  1504.0  -58.7  -97.0  -8.4
33.6  -208.8  1637.2  65.4  -37.4  -10.8
4.8  -222.8  1502.4  60.5  -89.5  10.2
59.6  -211.2  1439.6  55.5  -54.4  -21.6
13.6  -225.6  1528.8  7.7  -30.9  -19.1
6.0  -242.4  1528.0  29.4  -11.5  -10.1
-21.6  -240.8  1534.0  45.7  -52.6  -15.4
-3.6  -218.8  1540.8  78.4  -29.1  -18.2
24.8  -260.4  1488.0  47.6  -33.3  -2.2
10.4  -248.4  1506.8  7.7  -34.3  -38.3
-6.8  -226.0  1521.6  62.2  -73.5  -31.1
-62.4  -233.6  1498.4  52.2  -20.9  -25.8
7.6  -188.0  1419.2  58.4  -11.9  -17.8
12.4  -234.4  1405.6  -111.2  -68.9  -15.3
-42.0  -126.4  1530.8  -169.6  178.4  -35.2
-56.8  203.2  1810.0  -286.5  197.1  159.0
25.2  715.2  2078.4  100.5  300.2  471.1
52.8  1208.8  1157.2  389.4  -638.1  534.5
-88.4  32.4  1120.8  672.7  -576.7  -202.2
-648.8  -1559.6  1320.0  458.5  -514.9  571.1
-185.2  -1926.4  2096.8  -290.9  -637.6  67.7
-231.2  -1710.8  1712.0  846.0  72.5  183.2
219.6  -761.2  979.6  -224.0  252.6  -124.9
198.4  36.8  1204.0  -584.8  242.7  -362.6
21.6  542.8  1463.2  -249.8  339.2  -604.4
-332.8  600.0  1780.8  18.0  40.3  -402.8
-310.0  12.4  1881.6  393.7  29.0  0.2
-36.4  -281.6  1951.2  -410.8  4.8  492.7
167.6  -232.0  1531.6  399.4  345.4  46.3
-101.6  -348.0  1250.8  9.2  -234.4  -96.0
-171.6  -207.2  1603.6  -81.3  -64.6  17.1
-125.6  -211.2  1502.8  63.2  -137.1  -56.9
-64.0  -258.0  1509.6  2.5  -97.3  -23.7
-5.2  -256.4  1546.0  23.2  -106.4  10.8
-47.2  -274.8  1463.6  -8.3  -82.4  13.5
-72.0  -274.8  1447.2  11.7  -87.5  -7.6
-83.2  -221.2  1580.8  34.9  -252.0  -38.0
-115.6  -253.6  1493.6  7.8  -78.4  26.9
-37.6  -258.4  1505.6  -1.4  -15.6  32.2
-26.0  -283.6  1501.2  -31.7  -33.3  50.6
-37.6  -255.2  1562.0  62.9  -38.1  -4.8
-66.8  -251.6  1518.4  78.4  -88.4  -33.7
-51.6  -248.0  1451.6  54.9  -54.5  -38.3
-54.0  -243.2  1447.2  15.7  -48.9  -4.0
-52.0  -257.6  1533.6  -6.1  -42.4  -25.3
-67.2  -279.2  1528.0  -16.3  -47.2  11.5
-42.8  -269.6  1520.4  14.8  -60.9  -23.5
-78.4  -285.2  1497.2  -4.5  -70.2  -13.8
-70.0  -288.4  1509.6  10.8  -81.4  4.3
-73.2  -291.2  1524.8  18.9  -81.9  3.7
-62.8  -292.8  1557.2  49.2  -81.2  -4.1
-71.2  -296.8  1523.2  40.4  -95.6  -24.0
-73.2  -311.2  1529.6  55.3  -88.1  -3.6
-57.6  -265.2  1493.2  85.5  -94.5  -19.1
-91.6  -230.8  1455.2  91.6  -91.7  -29.0
-120.0  -367.2  1457.6  65.4  72.2  -16.9
-153.2  -432.4  1491.6  -150.4  111.1  -80.4
-110.0  -186.0  1682.4  -339.7  34.5  104.2
-7.2  51.6  1582.4  -127.4  118.6  -75.6
-178.8  931.6  1840.8  67.6  -242.5  203.7
-364.8  1377.6  1392.8  736.6  -304.8  661.7
292.4  -339.6  1252.8  1604.5  -34.0  345.9
-316.8  -1951.6  1357.2  95.7  -1981.8  -59.4
-507.2  -2350.0  2446.8  -1063.1  -241.6  460.0
323.2  -1166.0  1464.8  359.9  576.2  -223.7
110.0  -422.8  1102.4  -480.0  -96.6  -305.9
172.8  -90.8  1310.8  -726.9  403.7  -319.9
92.4  477.6  1723.6  -135.5  524.6  -388.2
-102.8  687.6  1789.2  250.6  173.8  -542.0
-438.0  38.8  1780.8  -293.2  -890.2  118.5
178.4  -100.4  1772.8  731.0  260.9  154.7
76.8  -334.0  1010.4  664.5  55.9  -140.8
-283.2  -143.6  1271.6  -436.5  -293.3  31.7
-18.8  -114.4  1634.0  -151.3  130.2  20.8
28.0  -222.4  1646.4  30.8  -41.2  -78.0
66.8  -204.0  1634.0  88.8  -23.0  -55.4
72.4  -217.2  1452.4  99.7  -52.6  -118.8
-27.2  -181.6  1452.4  -24.9  -45.4  -80.1
-57.6  -171.6  1520.0  -40.5  -0.7  -1.1
-64.4  -195.2  1548.4  21.5  -32.1  12.5
-55.2  -233.2  1529.2  38.2  12.5  12.5
-51.2  -241.2  1531.6  19.8  11.9  1.0
-50.4  -218.0  1558.0  31.9  -55.3  -10.2
-29.2  -210.8  1498.8  64.2  -41.9  -29.6
-49.2  -205.6  1468.4  -3.4  -64.5  -38.5
-64.8  -212.4  1538.4  30.1  -48.2  -39.5
-150.4  -230.4  1545.6  25.4  -79.2  -24.4
-123.6  -214.8  1532.0  38.3  -62.3  17.7
-68.4  -212.8  1482.4  18.8  -68.4  18.1
-30.8  -236.4  1490.4  -4.7  -70.9  5.8
-58.4  -215.2  1537.2  10.6  -75.0  10.1
-71.6  -229.6  1526.8  60.6  -80.5  -7.1
-52.4  -250.0  1518.0  133.5  -51.2  -65.6
-186.4  -326.0  1402.0  178.6  317.2  -211.8
-115.2  -232.4  1318.0  -771.9  -134.7  191.0
-38.4  278.0  1737.6  -818.8  -18.3  161.4
-100.4  500.0  1873.6  -25.9  -225.2  234.9
-246.0  498.8  1544.4  846.6  -202.8  78.2
-118.8  408.4  1384.8  813.9  140.2  243.4
348.8  28.8  1389.2  1177.4  403.4  261.8
-184.8  -1681.6  1191.6  620.7  -1290.2  697.5
-559.6  -2384.0  2219.6  -1312.4  -734.6  111.6
134.4  -1361.6  1716.8  106.2  449.3  -68.7
155.2  -342.0  1142.8  -617.7  253.9  -202.6
132.0  465.6  1378.4  -512.0  281.9  -699.3
-213.6  752.0  1595.2  -99.7  9.0  -789.6
-210.4  364.4  1833.6  236.2  96.5  -442.9
-398.8  276.0  1343.2  60.8  -560.2  -99.7
99.2  -104.8  1632.4  225.4  252.5  413.9
55.6  -292.8  1334.8  274.9  -63.2  -15.4
-46.8  -328.8  1419.2  -25.8  -12.8  6.4
-37.6  -200.8  1740.0  -47.6  -58.4  -43.0
-86.0  -148.0  1620.4  116.8  -174.8  -106.7
-108.8  -131.2  1476.8  162.4  -112.4  -41.2
-30.0  -92.8  1430.8  62.2  -77.2  27.5
-14.4  -158.0  1451.2  4.0  9.5  -48.9
-49.6  -162.4  1521.6  -49.0  10.6  -12.4
-46.4  -150.8  1534.8  -84.1  -46.4  15.2
-11.6  -190.0  1567.6  -67.0  -78.6  15.7
-24.0  -245.6  1525.6  55.2  -38.0  -4.5
-80.8  -145.6  1538.0  12.8  -110.2  -18.1
-88.0  -129.6  1486.4  39.0  -74.9  33.2
-16.8  -185.6  1511.2  38.9  -56.5  26.5
-41.6  -224.8  1544.4  51.8  -20.9  -6.2
-77.6  -173.6  1574.8  99.9  -123.4  -24.3
-86.4  -152.4  1485.6  99.4  -132.2  -18.8
-59.6  -140.4  1439.6  61.4  -107.3  13.5
-28.8  -154.0  1513.6  -54.3  -77.2  15.2
12.4  -165.2  1538.0  25.1  -41.9  5.0
-4.0  -180.4  1518.0  10.3  -52.7  -22.9
-101.6  -213.2  1498.8  -49.4  -53.1  -54.3
-93.2  -241.6  1542.8  -58.1  24.6  -7.0
-39.2  -224.4  1489.6  -8.2  3.3  53.8
-88.4  -220.8  1467.2  -107.9  -55.7  50.6
-69.2  -22.4  1727.2  -35.2  17.2  -70.2
-302.8  548.8  1608.0  -207.1  197.0  52.2
-204.0  1719.6  1607.6  -93.2  -14.4  798.4
-160.8  73.6  1252.0  1461.0  160.6  649.9
-419.2  -1622.8  1420.0  181.2  -910.2  -117.2
-640.8  -1854.8  2133.2  386.8  -1046.6  128.8
-62.0  -1366.0  1737.2  -72.3  51.0  209.7
112.8  -793.6  1268.4  -316.3  -207.4  -21.8
58.8  -234.4  1344.0  -677.1  -78.8  -339.1
-16.8  246.4  1434.4  -301.3  315.9  -335.2
-212.8  722.4  1644.8  -61.4  236.9  -324.9
-306.0  410.4  1692.4  534.6  -32.0  -203.1
-274.0  234.8  1917.2  -365.9  -525.7  240.4
111.2  -59.6  1591.2  533.8  328.9  186.6
-133.2  -305.6  1251.6  339.8  -105.5  -35.5
-235.2  -140.0  1548.4  -270.3  -115.1  26.0
-87.2  -120.4  1624.4  -90.3  45.2  11.0
-14.4  -119.6  1598.0  6.4  -105.3  7.4
14.8  -117.6  1531.2  45.9  -86.7  -23.2
-12.4  -164.0  1482.4  20.9  -82.9  -64.5
-114.8  -191.6  1434.4  -63.0  87.2  -121.1
-193.6  -102.0  1590.8  -125.5  -69.9  55.7
-74.8  -138.4  1594.4  101.4  23.7  41.0
-24.4  -168.0  1460.8  65.8  -254.1  -4.1
-89.2  -177.6  1492.8  -33.5  -308.2  19.6
-100.4  -139.2  1519.2  36.9  -113.7  -8.4
-89.6  -144.4  1504.0  -4.9  -156.1  9.9
-67.2  -156.0  1519.6  -49.3  -124.6  19.2
-11.2  -178.0  1517.6  87.4  16.7  -48.0
-17.2  -160.4  1508.8  47.4  -79.0  -16.2
-10.8  -201.2  1489.6  1.4  -38.5  -7.3
-18.0  -178.8  1540.0  25.7  -39.2  -37.7
-74.8  -184.4  1517.6  -7.7  -63.1  -17.8
-62.0  -177.2  1546.8  58.0  -43.6  -10.8
-61.6  -172.8  1518.8  41.0  -72.0  -2.7
-55.2  -172.8  1484.8  63.1  -45.2  -1.8
-48.8  -178.4  1518.0  32.1  -36.8  -12.4
-74.0  -188.0  1522.8  38.7  -59.7  -19.7
-58.0  -181.6  1590.8  50.6  -63.2  -24.8
-80.4  -236.4  1514.0  -20.6  -104.4  -14.1
89.2  -245.2  1529.6  -288.2  245.1  9.7
38.4  281.2  1650.8  -400.8  300.5  97.9
-450.8  1165.2  1297.2  -131.6  -279.4  463.1
-286.0  1457.2  1982.4  1027.7  -22.7  976.2
-380.8  -560.0  672.8  2687.1  -230.6  226.4
-344.4  -1363.2  1746.0  335.9  -996.9  -268.9
-490.8  -1568.8  2225.2  -446.8  15.7  90.7
-42.4  -1171.6  1611.2  -476.3  231.5  150.3
286.0  -771.6  1179.6  -606.5  -31.8  -73.9
249.6  -66.8  1399.2  -894.5  -371.8  -205.0
60.4  918.8  1617.2  -268.0  257.7  -643.4
-78.4  572.4  1906.8  -11.6  -318.6  -81.8
-248.4  221.2  1764.0  451.8  12.0  35.2
-357.2  -231.2  1432.8  -504.6  -616.1  161.8
354.4  -30.8  1725.2  482.2  171.2  51.4
-37.2  -271.2  1069.2  414.1  -81.9  -227.6
-237.6  -58.4  1406.0  -225.6  -70.2  43.4
-54.8  -56.8  1517.6  -188.8  194.7  86.6
-20.0  -182.4  1621.2  -108.7  91.9  -0.9
-80.0  -342.8  1665.6  -50.8  39.7  -15.5
-38.0  -278.0  1623.2  75.5  -89.6  -53.9
-110.4  -234.4  1542.4  53.7  -211.3  -47.5
-76.8  -221.6  1522.4  94.8  -173.1  -72.9
-62.0  -168.4  1433.6  15.0  -188.8  14.3
49.6  -160.4  1513.2  -4.5  -47.2  29.3
-20.8  -209.2  1546.8  5.8  -147.4  3.1
-56.4  -232.4  1494.0  25.6  -90.6  -10.9
-55.2  -211.6  1544.4  11.0  -74.3  1.8
0.0  -191.6  1506.4  86.0  -52.6  -11.9
12.4  -201.6  1482.0  34.8  -86.0  -14.8
0.8  -207.2  1460.0  -18.1  -56.4  -13.9
15.2  -200.8  1474.8  -45.4  1.5  -20.9
-52.0  -253.6  1512.0  -69.2  -18.5  -22.5
-34.4  -253.6  1581.6  -25.3  0.6  -10.9
-47.6  -250.4  1524.0  34.7  -64.0  -9.4
-70.0  -230.8  1488.0  11.6  -81.4  -19.4
-57.6  -199.2  1462.0  10.4  -18.7  5.9
-90.8  -206.8  1399.2  -48.0  81.8  14.4
-125.2  -321.6  1588.0  -114.8  -16.4  23.9
-52.8  -382.8  1669.6  -32.4  -83.1  10.2
-40.4  -240.8  1492.4  82.1  -106.9  -68.1
-153.6  -78.4  1251.2  -490.4  -126.6  -70.3
-8.4  510.8  1815.2  -272.7  374.5  206.9
370.8  1232.0  2162.4  497.4  97.7  730.6
315.2  382.8  1793.2  1688.5  -1305.3  204.4
-1083.2  -2177.2  2333.2  3029.0  -1671.3  412.9
-385.2  -1335.6  2121.2  -364.6  -822.8  -144.4
-207.2  -1268.4  1049.2  -1159.8  6.5  283.2
122.8  -877.2  1084.0  -1232.3  212.3  424.8
504.4  -625.6  1394.8  -833.5  775.8  -85.1
228.4  -267.6  1776.0  53.1  892.6  -351.0
-27.6  76.4  1448.4  517.6  820.0  -566.3
-388.8  762.8  1598.8  282.8  46.2  -431.3
-366.4  360.8  1543.2  168.0  -426.9  -38.7
-108.4  128.4  1614.4  223.4  -191.9  121.6
99.6  -90.8  1506.4  458.9  40.3  97.0
-133.2  -276.0  1520.8  -510.9  -577.3  86.1
9.2  -170.4  1471.6  -36.8  14.1  -33.6
-101.6  -201.6  1504.0  -153.0  -57.1  -113.8
-60.8  -133.2  1696.4  -169.0  -51.8  -10.2
24.0  -148.0  1686.4  183.1  -139.9  -36.6
16.4  -230.0  1424.0  233.6  -161.8  -93.9
32.8  -139.2  1491.6  127.5  -111.4  -102.1
-17.2  -114.0  1419.2  30.0  -91.6  -116.0
-43.6  -52.0  1514.0  56.1  -76.7  -43.5
-28.8  -101.6  1495.6  -2.9  -51.6  8.1
20.0  -165.2  1523.6  26.9  -38.5  10.5
-18.4  -142.8  1560.8  0.6  -41.3  -3.2
-12.4  -145.6  1532.0  8.5  -73.7  -9.5
-18.0  -137.2  1518.4  21.4  -57.5  -2.7
-4.4  -150.4  1494.4  -16.4  -41.1  -3.5
5.2  -166.0  1564.4  -2.5  -34.5  1.9
-15.6  -175.2  1548.0  -0.1  -45.6  -23.1
-29.6  -177.2  1543.2  47.7  -38.1  -16.2
-22.8  -161.6  1538.8  35.3  -52.3  -9.8
-32.0  -173.2  1515.2  57.3  -59.5  -21.4
-30.8  -186.0  1555.2  52.4  -80.4  -15.8
-45.6  -154.8  1520.4  54.2  -76.2  -12.0
-13.6  -150.4  1492.8  56.1  -59.0  -11.3
-36.8  -145.2  1460.4  -8.2  -37.3  0.9
-21.2  -194.0  1514.8  -37.8  -37.9  -16.6
-45.6  -198.4  1518.8  -11.3  -48.4  -40.8
-118.8  -393.2  1583.6  121.0  70.7  -50.1
2.8  -75.2  1526.0  159.6  105.5  -64.3
-112.4  27.6  1374.8  94.7  287.7  5.0
-143.2  726.8  1462.4  -463.4  156.7  278.6
1.6  986.8  2131.2  -32.3  3.9  331.3
-109.2  373.2  1585.6  670.4  69.3  514.6
-364.0  -314.4  1694.8  888.9  -574.5  513.3
-623.2  -596.0  1805.6  368.4  -1187.7  360.9
-26.0  -1605.6  1247.6  -812.2  -657.4  47.0
401.2  -1230.8  1324.4  -691.2  23.7  -24.7
491.6  -988.4  1283.2  -161.1  327.3  -310.8
97.2  -637.2  1482.4  57.8  97.4  -469.6
-351.2  216.8  1591.2  1.6  289.7  -512.8
-367.6  659.6  1771.2  328.3  365.8  -321.1
-260.8  519.2  1721.6  443.7  -99.4  -65.5
-46.4  208.4  1590.4  418.4  -164.3  288.3
114.8  94.0  1374.0  419.1  -151.9  98.4
4.0  -182.4  1603.2  -426.7  -559.9  153.5
4.0  -165.2  1478.8  89.7  57.1  -68.5
-164.8  -136.0  1526.0  -45.2  -44.2  -160.1
-62.0  -47.2  1618.4  -37.5  -13.5  -67.7
-10.0  8.8  1621.6  88.5  -142.8  -84.5
-2.4  -74.8  1475.6  100.9  -112.7  -31.5
35.6  -148.8  1483.6  -33.4  -64.8  9.0
24.0  -148.0  1492.0  -25.8  -48.2  -43.1
-32.4  -72.8  1516.0  -3.3  -64.5  -35.8
-38.4  -70.4  1532.8  20.6  -52.3  -15.0
-21.2  -93.2  1515.6  64.7  -47.3  -10.3
6.4  -119.2  1547.6  67.4  -50.1  -31.6
-10.4  -124.8  1532.0  0.2  -80.6  -28.1
-44.8  -96.8  1501.2  21.5  -49.1  -21.2
-28.4  -100.8  1539.6  -12.9  -26.2  1.0
-16.8  -112.4  1511.6  5.6  -55.3  1.5
-13.2  -116.4  1522.0  -21.6  -62.0  -5.9
-28.8  -117.2  1541.2  -8.4  -41.6  3.6
-31.6  -135.6  1526.0  5.2  -50.5  -17.3
-37.6  -134.4  1530.8  13.4  -64.3  4.2
-26.8  -127.2  1538.8  53.8  -76.0  -22.8
-33.6  -135.6  1504.4  29.2  -72.3  -3.4
-22.0  -140.8  1532.8  48.1  -60.3  -18.7
26.0  -164.4  1554.4  83.3  -47.2  -53.9
-45.6  -160.0  1538.0  124.4  -87.8  -91.1
-59.2  -129.6  1498.4  115.9  20.8  -61.3
-133.2  87.6  1559.2  -40.3  27.7  121.0
304.8  599.6  1490.0  254.6  1138.6  487.5
-30.0  1342.4  1626.0  -27.5  289.6  339.5
-538.0  803.6  1274.4  -156.2  -434.0  421.7
-899.6  -1150.0  1564.8  1222.0  159.5  362.2
25.6  -1733.6  1225.6  -6.5  -1114.6  -889.1
-313.6  -1722.8  1743.6  -838.3  -15.5  -21.2
-93.6  -1352.8  1786.0  -250.9  398.6  -46.9
-188.0  -898.0  1472.4  -342.3  -300.2  -111.8
-213.6  -326.0  1352.8  -486.5  -561.7  -64.8
-96.0  209.2  1504.0  -502.1  -243.4  -181.4
-161.2  772.8  1602.4  102.0  220.4  -203.0
-55.2  391.6  1738.0  192.5  -124.5  -233.0
190.0  431.6  1505.2  636.8  -175.6  -117.0
34.8  -165.2  1926.4  30.6  -124.8  165.2
10.8  -176.4  1264.0  541.2  -65.9  -220.9
-355.6  -206.8  1100.4  -28.3  -95.5  -106.0
-110.0  -86.0  1668.4  -328.2  45.1  112.3
73.2  -143.2  1727.2  3.7  -34.0  -36.9
11.6  -185.6  1617.6  150.9  -148.0  -57.3
24.8  -174.8  1462.4  171.2  -127.8  -60.5
-46.0  -130.8  1394.8  52.0  -84.5  -52.4
-99.6  -151.6  1453.2  -129.5  -37.2  4.7
-52.4  -153.2  1571.2  -91.6  -27.3  21.6
-26.8  -190.0  1604.8  44.0  -46.2  17.3
-2.8  -209.2  1489.2  52.5  -65.4  -0.8
-17.6  -225.2  1509.2  46.4  -80.8  -12.3
-40.4  -167.2  1526.8  36.5  -49.8  -46.8
-93.2  -138.4  1527.2  60.1  -79.0  -29.9
-90.0  -151.6  1477.2  40.2  -54.4  6.6
-38.0  -193.6  1530.8  -12.4  -38.0  18.6
-25.6  -200.4  1544.8  -36.7  -47.9  10.2
-56.0  -187.2  1523.6  18.1  -66.5  -22.7
-86.0  -185.2  1489.6  10.5  -111.4  -34.9
-74.8  -177.2  1530.0  8.1  -57.7  5.5
-50.8  -201.6  1513.2  1.9  -55.3  1.2
-46.4  -193.2  1532.0  48.2  -61.8  -1.8
-54.8  -208.0  1540.0  41.0  -65.5  -11.1
-71.6  -184.4  1482.4  70.2  -15.8  -21.9
-99.2  -156.4  1516.0  62.9  -21.7  -13.9
-30.4  -216.8  1616.4  36.9  12.6  10.2
-48.0  -206.4  1551.2  198.2  -32.8  -95.5
-96.4  -44.4  1384.8  92.1  2.2  -20.9
-148.0  578.4  1471.2  -248.6  186.8  229.5
-36.0  1475.6  2033.2  459.5  552.2  969.1
-52.4  515.6  1476.8  796.2  -116.1  492.6
-484.0  -435.2  1926.0  1342.6  -961.7  293.1
-393.6  -754.0  1062.8  -198.5  -1547.8  119.4
-166.0  -1574.8  1555.2  -943.4  70.3  83.6
22.4  -1212.8  1704.4  -371.2  489.0  65.2
-81.2  -858.8  1466.0  -487.3  206.2  -24.6
-291.6  -247.6  1492.0  -200.1  141.9  -237.0
-242.0  260.8  1400.0  -267.8  282.7  -177.5
-72.4  478.4  1655.2  1.9  -21.0  -162.3
-24.0  331.2  1854.4  216.4  -353.0  -76.2
392.0  531.2  1222.0  232.9  -359.5  -226.1
118.8  -175.6  1738.0  386.4  9.6  82.4
-37.2  -192.4  1186.8  258.0  -145.1  -140.5
-272.8  -168.4  1440.4  -270.5  -113.7  -27.8
-27.2  -123.2  1692.4  -25.8  36.4  35.8
2.0  -170.0  1545.6  113.6  -148.5  -15.3
46.0  -182.4  1510.0  56.0  -137.7  25.2
16.4  -177.6  1456.8  86.5  -48.9  -32.7
-3.6  -222.0  1461.6  -9.6  -54.3  -69.5
-80.4  -172.0  1604.0  -24.8  -91.3  -23.4
-56.0  -179.6  1572.0  89.6  -77.1  -12.7
-27.6  -192.8  1492.0  78.7  -80.2  -11.6
9.2  -158.8  1500.4  72.4  -80.4  -27.0
-66.8  -148.4  1482.0  37.9  -64.3  -29.8
-32.4  -175.6  1536.0  21.5  -64.5  11.7
-58.8  -173.6  1542.0  40.2  -75.9  1.7
-16.8  -164.0  1509.6  42.5  -69.9  -6.3
-16.0  -148.0  1534.0  39.1  -66.0  -20.3
-41.6  -156.8  1494.4  14.2  -52.0  -1.2
-39.6  -165.6  1502.8  -19.9  -47.9  3.8
-44.0  -181.2  1550.8  -12.7  -60.1  6.5
-33.6  -181.6  1545.2  44.2  -67.0  -17.2
-20.8  -194.8  1510.4  38.9  -63.8  -11.8
-44.8  -161.6  1504.8  31.2  -58.2  -11.9
-52.0  -188.0  1528.0  7.4  -63.0  1.1
-27.2  -186.8  1532.0  22.1  -58.1  7.1
2.0  -183.6  1502.0  70.5  -18.9  -23.9
-80.0  -193.6  1487.6  8.0  20.5  -19.8
-98.8  6.8  1587.6  -35.3  271.6  123.7
-44.4  684.8  1760.0  -73.2  242.5  261.6
-287.6  1120.8  1622.8  58.4  64.3  714.9
104.8  432.0  995.2  405.6  -351.9  280.0
-339.6  -535.6  1876.4  815.8  -792.2  315.5
-487.2  -1229.6  1186.0  180.1  -160.6  -269.2
-297.6  -1549.6  1720.4  -298.2  296.9  -130.9
-74.4  -1244.8  1518.4  -34.2  22.6  -19.2
-59.6  -746.4  1315.2  -411.0  -340.2  -83.1
-97.6  -118.0  1501.2  -627.9  -458.5  -38.9
-164.4  591.2  1520.0  -80.4  278.8  -328.1
-208.8  578.8  1762.4  54.2  -25.7  -162.8
30.0  345.2  1869.6  495.9  -179.2  81.9
120.4  11.6  1558.4  554.3  -214.6  114.2
89.2  -398.8  1786.4  -158.5  -342.6  206.6
70.0  -274.8  1260.0  272.7  8.9  -172.5
-193.6  -164.4  1394.4  -55.5  26.0  -110.7
-72.8  -61.6  1684.8  -70.1  51.3  -5.0
-56.8  -82.4  1557.6  145.3  -125.2  -26.4
-68.8  -177.6  1446.8  31.8  -79.3  36.2
2.0  -188.4  1514.8  -1.7  -13.2  -23.5
-117.2  -199.2  1537.2  19.1  -78.9  -32.6
-120.4  -136.4  1568.0  39.7  -95.1  1.7
-27.2  -165.6  1536.0  33.3  -137.0  40.9
-35.2  -184.8  1517.6  61.9  -111.0  -22.0
-20.8  -125.2  1522.0  37.3  -124.9  -34.1
-3.2  -118.4  1462.4  0.5  -49.0  2.7
-24.4  -142.8  1435.6  -26.8  -63.2  -11.4
-44.8  -188.0  1537.2  -38.2  -40.1  25.2
-62.8  -197.2  1569.2  5.8  -63.1  -8.9
-31.6  -186.4  1545.2  53.1  -78.9  -8.9
-40.4  -186.0  1503.2  36.7  -82.1  -16.8
-29.2  -169.2  1489.6  13.3  -45.1  -2.4
-46.4  -168.0  1505.2  -6.6  -25.9  3.0
-59.6  -190.0  1547.6  -19.1  -49.5  -4.2
-43.6  -195.2  1589.2  22.0  -73.3  24.0
-38.8  -198.0  1532.8  65.8  -78.9  -12.5
-34.4  -182.8  1530.8  45.6  -82.1  -12.4
-42.8  -203.6  1491.6  57.0  -95.5  -21.2
-68.4  -202.0  1484.4  54.0  -77.2  -9.1
-39.6  -243.2  1528.0  41.4  -98.0  66.5
-77.2  -306.8  1308.0  -120.8  -48.8  250.7
72.0  447.2  1567.6  -93.0  614.2  222.1
-13.2  1093.6  2223.6  -10.7  310.7  194.4
-45.6  919.6  1536.4  1138.8  -185.5  438.0
-144.4  101.2  1190.0  1067.3  -374.4  312.4
-94.0  -1779.2  1517.6  204.2  -552.1  -578.0
-479.2  -1551.2  2075.6  -966.6  -321.4  -213.9
-238.8  -1402.0  1912.8  -71.8  198.4  -48.9
-177.2  -1103.6  1353.6  -190.3  -318.1  103.9
-223.6  -331.2  1396.8  -217.2  -82.5  -93.2
-80.8  267.6  1313.6  -135.4  285.8  -137.8
-42.4  728.4  1386.4  13.2  -47.0  -214.4
64.4  338.4  1574.8  29.1  -186.7  31.6
726.0  908.8  1308.4  -330.2  -182.0  -151.4
136.8  -138.8  1916.4  506.3  -139.2  39.6
-82.4  -222.8  1139.2  381.8  -350.0  -103.9
-126.8  -251.6  1379.6  -252.4  -44.5  108.6
72.0  -151.6  1760.8  -10.2  72.5  -7.7
-23.2  -171.2  1579.6  193.9  -120.0  -67.1
42.0  -108.8  1482.0  137.4  -110.2  -69.2
50.8  -95.2  1455.6  86.0  -49.9  -63.7
22.8  -128.0  1491.6  -29.1  -55.3  -29.2
20.4  -139.2  1568.8  17.8  -44.6  -1.9
-6.8  -128.8  1539.2  27.6  -64.1  -12.1
26.8  -127.2  1518.0  18.3  -107.1  -2.7
-12.4  -134.0  1528.4  27.4  -57.4  -12.2
-14.8  -129.6  1504.8  2.7  -56.6  -14.8
7.2  -122.0  1534.4  5.8  -36.7  -4.1
19.6  -136.8  1534.0  22.5  -76.7  -16.5
24.4  -150.4  1547.6  36.0  -64.6  -16.5
-5.2  -168.8  1524.4  -3.2  -61.2  -18.9
48.8  -130.4  1523.2  65.2  -38.0  -14.7
-21.6  -158.0  1510.4  -16.6  -88.2  2.6
-19.2  -154.0  1526.8  0.8  -59.6  -3.0
-6.4  -128.4  1542.8  16.3  -71.2  13.9
17.2  -151.2  1530.4  26.7  -86.5  0.2
8.4  -157.2  1530.8  37.5  -71.7  -5.4
0.8  -154.0  1530.0  26.7  -79.6  -7.1
7.2  -177.2  1530.8  52.0  -87.3  -3.6
38.8  -191.2  1536.4  73.3  -18.8  -8.2
56.0  -199.2  1556.0  148.8  16.4  5.2
-1.2  -140.4  1477.6  96.6  -94.4  -44.7
-64.4  -1.6  1388.4  93.7  85.9  32.2
-74.8  286.8  1462.0  -132.0  616.7  499.6
233.2  1311.6  2142.0  309.5  697.8  662.2
-166.8  1101.6  1285.6  817.2  -360.2  -5.2
-560.0  438.0  1292.4  1018.8  -709.3  140.1
-305.2  -800.8  1178.8  -684.2  -906.1  278.5
-98.0  -1787.6  1936.8  -805.5  50.4  -61.4
-35.6  -1487.2  2082.8  -260.6  296.2  56.9
55.6  -1121.2  1373.6  261.0  -176.5  -250.7
-141.2  -616.8  1300.0  -392.5  -492.7  -128.8
-82.4  276.4  1296.0  -217.8  -134.5  -126.6
-162.8  677.6  1517.6  -554.9  -4.6  6.6
175.2  628.4  1890.8  -145.8  21.4  117.5
234.8  120.8  1807.2  539.8  -281.6  84.9
277.6  -256.8  1856.0  180.3  -499.0  48.5
87.2  -168.8  1257.2  561.8  -236.8  -92.0
-2.8  -256.8  1106.4  63.9  57.0  -43.2
-9.6  -186.0  1626.8  -370.7  94.0  88.5
2.8  -176.0  1704.8  38.2  12.4  -43.4
49.6  -162.4  1513.6  107.0  -59.4  -14.5
75.2  -187.6  1436.8  99.6  -40.1  -56.6
8.4  -241.2  1422.4  -51.4  -28.3  42.7
35.6  -236.0  1540.0  -125.6  -12.7  34.1
26.0  -268.8  1592.4  15.2  24.3  1.4
41.2  -270.0  1546.0  79.8  -48.5  -46.5
-22.0  -241.6  1546.0  59.8  -66.2  -48.5
18.0  -200.8  1511.6  93.2  -54.9  -40.3
0.4  -217.2  1467.2  19.5  -83.7  -1.0
18.8  -215.2  1516.0  30.0  -67.3  -50.6
-2.0  -230.0  1514.0  45.4  -55.5  -19.8
20.8  -217.6  1503.2  60.5  -48.0  -32.8
-11.6  -207.6  1495.6  8.7  -66.1  -9.6
17.2  -215.2  1535.2  30.8  -62.2  -8.8
-2.0  -232.8  1546.0  43.7  -78.9  -10.0
36.0  -250.0  1538.8  67.6  -76.5  -50.6
21.2  -203.6  1495.6  83.5  -87.8  -36.3
-18.0  -196.4  1502.0  39.9  -66.9  -28.1
-16.4  -202.0  1498.8  1.9  -56.5  -24.9
34.4  -262.4  1543.2  38.2  53.5  -39.5
49.2  -201.2  1540.0  130.4  82.6  -124.2
-45.2  -139.6  1497.2  147.7  67.5  -145.1
7.6  16.0  1402.8  -94.8  139.8  -85.3
40.0  258.4  1435.2  -230.8  189.1  -44.6
-102.0  561.2  1782.4  -231.7  -107.0  316.6
117.6  1195.6  1978.4  532.6  -8.9  513.1
-109.2  -294.4  1519.6  2252.1  -313.1  586.4
-623.2  -1193.2  1392.4  680.6  -402.5  495.4
-208.0  -1283.2  1964.4  -853.5  -988.2  163.7
229.6  -1383.2  1233.6  -1023.5  -116.6  103.4
416.0  -848.8  1271.6  -563.8  366.9  -200.9
204.4  -464.4  1387.2  -332.6  269.4  -603.5
-134.8  204.0  1550.8  -117.4  174.2  -542.3
-361.2  585.6  1700.0  139.4  231.9  -393.7
-302.0  528.8  1808.0  315.0  -26.3  -1.6
-17.6  268.8  1603.2  539.0  -105.5  107.4
179.2  72.4  1443.2  325.4  -179.6  62.5
31.6  -238.4  1781.2  -133.0  -406.1  28.7
-100.8  -115.2  1281.2  213.9  -278.2  -104.5
-47.2  -129.6  1388.4  -204.4  8.7  36.1
56.8  -90.4  1723.6  -103.9  95.3  24.8
23.2  -105.2  1646.4  133.9  -26.6  -78.5
15.6  -132.0  1527.6  115.1  -104.1  -76.5
15.6  -102.8  1483.6  73.9  -74.0  -24.0
35.6  -100.8  1487.6  75.0  -74.4  -41.0
1.2  -91.2  1516.8  54.7  -64.3  -65.0
-16.0  -98.0  1498.4  24.8  -41.6  -37.3
-3.6  -87.6  1542.8  3.0  -62.0  -26.0
-5.6  -98.4  1517.2  33.0  -57.5  -54.6
5.6  -93.2  1522.0  25.0  -75.2  -28.4
-16.4  -116.0  1546.0  -28.9  -96.5  -21.1
16.8  -126.4  1557.2  1.2  -80.0  -47.4
0.4  -144.4  1577.2  70.6  -112.4  -3.6
52.0  -131.2  1516.0  30.3  -48.8  -34.1
40.0  -112.0  1501.6  -51.2  -82.6  -78.0
22.0  -98.8  1525.6  48.9  -70.2  -54.1
-21.6  -110.4  1483.6  -25.6  -93.0  -12.5
21.6  -116.8  1523.2  8.2  -33.1  0.5
1.2  -144.4  1506.8  -10.6  -63.2  6.4
23.2  -139.6  1541.2  -7.1  -47.2  -15.7
15.2  -139.6  1520.4  20.2  -54.9  -20.2
-7.2  -134.8  1491.2  -3.6  -51.0  5.3
10.4  -139.6  1520.8  -19.1  -13.0  -3.9
7.2  -171.6  1585.2  -25.3  -48.6  19.6
-39.2  -192.0  1496.0  46.3  -77.9  40.4
7.2  -84.4  1408.0  16.2  -54.0  24.2
53.6  -16.8  1403.6  -243.1  315.1  103.5
290.0  836.4  2194.0  -25.6  502.6  409.5
-43.6  1290.0  1765.2  721.4  222.7  517.4
-110.4  590.8  1014.0  740.4  -1151.6  369.8
-618.8  -968.4  1974.8  639.3  -516.7  350.3
-309.2  -1321.2  1677.6  -482.6  -456.0  -202.9
-96.8  -1378.8  989.6  -952.1  -25.3  -109.1
234.8  -1040.4  1233.6  -1186.3  165.2  -65.5
215.2  -617.6  1508.8  -1048.4  -44.8  -262.1
-16.4  97.2  1718.4  31.7  502.5  -579.5
-273.2  566.0  1828.4  478.2  288.9  -443.1
-229.2  441.6  1731.2  659.4  -153.2  -207.2
-51.2  163.6  1400.8  483.8  -407.5  10.6
264.4  -322.0  1826.4  -98.7  -257.1  180.4
96.8  -266.0  1354.4  185.7  -160.6  -68.0
10.0  -259.2  1427.2  6.2  5.0  32.1
94.0  -148.8  1700.8  3.1  -48.6  36.2
-5.6  -148.0  1488.0  191.4  -147.2  -88.5
17.2  -169.2  1385.6  -39.1  -22.1  25.3
34.8  -156.4  1490.4  -58.7  52.9  -12.6
-3.6  -238.0  1514.0  -82.2  8.3  -22.3
6.8  -277.2  1546.0  -99.1  -5.9  -17.8
32.4  -243.6  1572.8  -18.2  -21.2  -49.3
-29.2  -214.4  1524.0  20.7  -79.7  -49.2
-35.6  -214.0  1509.6  22.7  -37.9  -11.6
-42.0  -215.2  1476.4  -28.4  -34.5  17.2
6.4  -276.0  1546.8  -36.2  -47.4  8.3
20.8  -300.0  1605.6  59.4  -10.2  -56.6
-15.2  -293.2  1512.0  123.2  -39.2  -66.3
-19.2  -238.4  1512.0  103.0  -57.0  -24.1
-2.4  -193.2  1442.4  94.4  -64.8  -34.3
-44.4  -177.2  1446.0  -23.2  -56.9  33.2
-50.0  -261.2  1585.2  -54.5  -42.5  15.7
-47.2  -308.0  1588.0  -12.2  -70.7  -25.2
-50.0  -277.2  1550.0  55.4  -80.2  8.6
63.2  -234.8  1494.0  74.4  -85.6  -26.2
-2.4  -219.2  1470.0  70.8  -60.7  -35.5
-33.6  -247.6  1483.2  52.1  -44.3  -38.8
-86.4  -246.8  1549.2  70.4  -44.8  -17.3
-2.8  -248.4  1297.6  -22.2  -4.7  -30.3
73.6  -75.6  1630.4  -98.8  112.4  84.6
54.8  516.8  1830.0  224.8  316.1  289.2
-86.4  1014.0  1884.4  614.6  183.2  389.1
-155.6  1118.0  976.4  349.8  -266.9  392.6
-871.2  -432.0  1506.8  939.2  -339.4  750.9
138.0  -1597.2  1738.0  -174.6  -335.5  -938.9
325.6  -1726.0  1893.6  -492.1  -391.0  -115.0
142.8  -1229.6  1048.0  -195.6  208.4  -369.0
-60.0  -623.2  1493.2  -751.9  -493.0  -95.4
-330.8  -90.0  1503.6  -799.7  -92.4  236.2
-16.8  603.2  1828.4  62.7  238.7  -312.2
29.6  527.2  1590.0  402.8  -19.2  -445.1
175.6  267.2  1607.6  594.4  -331.2  -143.2
148.4  -145.2  2066.8  92.8  -313.1  131.5
41.6  -287.2  1294.8  315.6  -235.3  -23.4
-0.8  -270.0  1359.2  -103.6  7.4  90.5
100.4  -202.4  1595.6  -93.2  117.9  7.7
43.2  -161.2  1585.6  80.3  -53.3  -94.2
0.8  -174.8  1484.4  25.1  -54.6  -22.6
24.0  -139.2  1457.6  -22.2  -22.9  7.8
-15.6  -162.8  1478.4  -56.7  36.4  66.7
-10.0  -284.0  1548.8  -132.5  13.0  68.2
-22.4  -357.6  1663.2  -58.7  -50.6  26.9
-26.4  -281.2  1564.0  90.1  -101.1  -48.6
-34.4  -234.0  1459.2  61.0  -73.1  -44.5
-22.0  -215.2  1444.8  -41.5  -35.5  11.4
-12.0  -246.8  1501.2  -48.1  -6.3  2.3
-33.2  -270.4  1550.0  4.0  -57.4  7.1
-34.4  -274.4  1522.4  71.9  -97.3  -12.0
-34.0  -246.4  1456.4  48.6  -80.1  -16.8
-19.2  -233.6  1500.8  2.5  -57.6  2.0
-41.2  -272.8  1524.4  -19.1  -60.0  23.0
-12.8  -279.2  1478.0  10.6  -33.3  -9.9
-91.6  -314.4  1554.0  -69.3  -40.2  -0.3
-35.6  -294.4  1593.2  86.1  -57.2  -49.4
-16.4  -252.0  1457.2  101.6  -61.4  -34.0
10.0  -233.6  1415.2  29.2  -24.0  -68.1
-90.4  -260.4  1519.2  1.7  -11.8  -84.6
-75.6  -232.0  1589.2  -65.6  -80.9  -19.5
-32.4  -288.8  1531.6  22.2  -128.5  3.9
-8.8  -358.8  1490.8  39.5  -84.9  15.6
-10.4  -355.2  1544.0  21.1  -99.6  -51.8
-22.0  -366.4  1550.8  42.3  -31.9  -69.5
16.4  -288.8  1584.0  -86.5  102.6  -13.7
167.6  492.4  1910.8  221.7  260.8  466.8
129.6  1304.4  1791.6  791.8  -81.6  583.4
-216.4  563.2  680.0  1360.7  -324.2  319.6
-332.4  -1019.6  1240.0  675.3  -863.8  79.6
-70.4  -1442.4  2293.6  -716.0  -1076.7  61.7
57.2  -1398.0  1848.0  -176.1  352.3  -17.9
-112.8  -1029.6  1220.4  -519.6  534.8  63.5
-6.4  -518.4  1360.0  -454.1  -279.9  -334.9
-201.2  224.8  1681.2  -724.2  70.8  -264.8
-71.6  816.4  1663.6  109.0  120.4  -158.4
144.8  510.0  1754.4  376.2  -21.6  -54.1
-144.4  -130.4  1731.2  -333.6  -610.7  52.1
140.0  -235.2  1497.6  579.9  -197.1  -22.7
-36.8  -293.2  1116.0  137.5  -192.6  -16.4
-30.4  -272.0  1499.2  -310.7  173.1  94.6
53.6  -169.6  1716.0  10.4  119.1  -30.0
19.2  -194.8  1556.8  162.9  -94.8  -144.2
78.0  -123.2  1543.2  57.3  -112.3  -57.2
45.2  -152.8  1384.8  30.1  -96.4  -29.2
43.2  -221.2  1530.0  -50.2  13.1  3.0
-12.4  -230.4  1622.0  11.4  -23.3  -40.7
-10.0  -218.0  1612.4  84.3  -45.0  -30.6
22.0  -164.0  1474.0  84.0  -93.7  -37.7
24.0  -134.8  1476.4  32.9  -67.6  -10.3
1.6  -153.2  1518.0  15.9  -67.6  1.8
-9.2  -195.2  1525.6  27.4  -77.9  16.6
37.6  -211.2  1556.0  79.7  -49.5  -25.6
4.0  -228.8  1512.0  74.0  -62.2  -29.5
15.2  -179.6  1508.8  19.3  -70.1  -18.8
17.6  -154.0  1508.4  35.9  -57.8  -16.1
1.2  -183.2  1499.6  -15.4  -40.2  5.1
3.6  -201.2  1517.2  -33.9  -46.4  6.0
8.4  -211.2  1528.8  -2.6  -35.2  4.2
21.2  -192.8  1530.8  23.3  -71.1  -7.8
-10.0  -204.4  1522.0  46.6  -56.4  -5.9
8.4  -175.2  1540.0  78.5  -96.1  -2.3
-27.6  -178.4  1473.6  68.9  -127.2  -15.6
-11.2  -341.2  1518.0  18.5  80.8  -6.9
19.2  -346.4  1612.8  -105.5  9.2  -33.8
27.6  -156.4  1296.8  -310.8  79.2  -20.3
235.2  744.0  1764.4  -240.4  654.0  338.5
-171.6  1061.2  1890.4  83.2  166.8  621.1
-347.6  433.6  1484.0  1064.2  -651.9  144.3
-389.6  -607.2  1615.6  2429.9  -150.1  792.4
72.8  -1596.4  1254.8  -767.4  -1235.6  -541.0
51.6  -1520.0  2210.8  -1146.6  -605.9  94.5
62.8  -1241.2  1267.2  -655.5  463.6  57.7
68.8  -883.6  1520.0  -819.7  70.2  -4.4
-143.2  -308.8  1537.2  -404.9  209.6  -421.3
-9.6  484.8  1793.2  -149.9  244.3  -73.1
10.4  358.4  1531.6  675.1  264.5  -278.2
184.4  228.8  1588.8  577.9  -272.2  -64.5
-11.2  -85.6  1888.0  -401.0  -462.1  104.6
50.4  -162.0  1312.0  512.1  -98.8  -74.6
-179.2  -298.4  1182.4  -43.2  -63.9  33.5
-42.0  -224.4  1666.4  -222.7  70.1  92.0
67.2  -228.8  1596.0  114.0  6.9  -42.7
-18.8  -271.2  1468.4  26.3  -126.4  -62.8
8.4  -199.6  1452.0  -14.1  -2.2  -56.0
-51.2  -194.8  1453.6  -60.7  1.6  -38.7
-60.4  -206.8  1516.0  -43.2  13.6  -14.6
-91.6  -284.8  1545.2  -65.1  23.1  21.8
-50.8  -300.8  1576.8  9.8  -62.7  6.1
-41.6  -291.6  1512.4  65.9  -109.8  -11.7
-60.4  -263.6  1520.8  71.2  -106.0  -3.9
-22.4  -240.4  1522.8  210.1  -124.9  -53.2
-80.4  -249.6  1386.8  57.3  -51.5  -15.0
-45.2  -218.0  1524.4  -63.7  -32.2  12.7
-96.0  -269.6  1544.0  4.9  -50.3  9.4
-50.8  -264.0  1516.0  19.2  -64.4  -3.4
-48.0  -234.4  1509.6  18.7  -65.3  -5.1
-62.8  -236.0  1492.4  16.2  -74.1  -3.8
-59.2  -263.6  1528.0  7.8  -67.8  9.7
-44.4  -281.2  1512.8  28.6  -83.4  -10.5
-42.0  -273.2  1508.0  23.6  -79.0  -7.5
-44.4  -263.2  1524.0  38.0  -64.7  -21.0
-73.6  -246.4  1496.4  58.7  -73.6  -21.9
-56.8  -299.2  1405.2  94.4  -6.2  -57.6
-29.2  -436.0  1260.0  204.5  66.3  -96.1
-41.2  -242.0  1404.0  -293.6  237.1  -104.2
22.8  297.6  2046.8  -444.7  -93.2  -20.1
-107.6  893.6  2204.8  354.0  -442.5  198.2
-82.8  953.6  1496.8  1196.4  -123.8  479.2
-247.2  -808.0  1328.8  1177.4  -577.2  427.9
219.2  -850.4  1044.0  -231.7  -393.4  -502.5
-468.0  -1735.6  1796.8  -719.2  -190.9  67.3
-115.6  -1550.8  2049.6  -80.4  36.7  19.2
-5.2  -1076.0  1375.2  158.3  -73.3  -131.6
-20.0  -505.2  1397.6  18.4  47.3  -265.5
71.6  156.0  1348.4  -287.7  269.5  -214.9
-120.4  568.0  1420.0  -65.3  244.8  -317.4
113.6  686.0  1858.8  334.3  75.9  -120.3
-319.6  -47.2  1783.6  -443.3  -612.3  134.8
49.6  -104.0  1451.2  455.1  -93.2  46.0
-77.6  -342.4  1186.4  40.3  -135.2  140.7
92.8  -297.2  1661.2  -313.6  136.3  114.5
64.0  -190.4  1744.4  112.5  -43.3  -113.6
-98.8  -188.8  1526.0  244.4  -119.6  -127.3
-39.6  -104.8  1490.0  27.2  -120.9  -53.0
-10.8  -112.4  1424.4  45.7  -33.0  -29.8
4.0  -143.2  1488.4  -89.7  -37.0  45.1
16.4  -224.8  1518.4  -92.9  -1.9  35.0
-14.8  -223.6  1590.4  10.1  -51.8  -32.3
-11.6  -168.4  1552.4  145.3  -87.5  -60.9
-79.6  -178.0  1459.6  69.8  -103.8  -38.1
-61.6  -166.4  1524.4  -6.2  -94.7  19.6
27.2  -214.8  1491.2  -42.9  11.5  42.0
-25.6  -212.0  1469.2  -116.5  0.1  12.5
34.0  -174.8  1610.8  -74.2  -46.4  29.5
-35.2  -219.6  1535.2  78.1  -104.4  -34.2
-60.8  -236.0  1516.0  38.9  -54.1  -20.9
0.4  -222.0  1488.4  46.6  -88.8  -11.9
-26.0  -210.4  1489.6  35.5  -80.7  -14.1
-24.8  -222.0  1504.8  22.7  -58.6  -1.1
-60.0  -216.0  1520.0  20.0  -46.1  9.0
-25.6  -239.2  1523.2  24.3  -44.3  7.1
-20.0  -255.6  1528.0  55.6  -62.0  -23.8
-60.8  -246.4  1507.2  46.9  -63.7  -25.5
-63.2  -318.0  1460.8  114.4  59.5  -78.5
-137.2  -377.6  1371.2  119.8  17.2  -215.9
-122.0  -275.2  1344.0  146.0  -28.8  -121.1
117.2  380.8  1786.4  97.5  62.3  160.4
-15.2  1148.0  1934.0  -101.5  -29.7  283.0
-243.2  1090.8  1676.8  468.1  -238.8  758.3
-412.8  -1015.6  1518.8  800.3  -242.1  1031.4
1600.0  61.2  1676.8  -249.2  -173.7  -822.6
-216.0  -1419.6  1829.6  -78.5  -926.5  -267.5
-280.0  -1444.4  1314.4  -332.6  -196.9  3.6
18.4  -998.4  1375.2  -471.3  120.9  47.6
120.4  -595.6  1482.8  -445.0  158.5  -133.9
-13.2  30.4  1588.4  -325.1  352.7  -265.4
-127.2  386.4  1690.8  -310.9  185.2  -117.7
-84.8  579.6  1907.6  278.2  -21.0  61.5
122.0  148.0  2328.8  -121.6  -644.9  73.5
-0.8  -138.0  1278.4  733.0  -586.7  -98.6
22.0  -324.8  958.4  91.7  -140.4  31.9
102.0  -207.2  1398.0  -303.1  242.9  58.4
33.2  -138.0  1740.0  -122.1  69.5  -22.2
-110.4  -236.8  1585.2  133.7  -85.5  -44.9
-33.6  -242.8  1529.2  87.3  -83.8  -10.2
74.0  -246.0  1450.4  45.8  -47.7  -41.6
0.0  -186.8  1507.6  -25.6  -55.2  -45.7
-48.4  -177.6  1478.0  34.6  -76.0  -45.7
-62.0  -188.0  1519.6  -39.5  -109.5  37.9
-28.8  -230.4  1526.4  0.9  -46.7  14.8
-1.6  -238.0  1530.4  53.5  -62.7  -18.6
12.8  -232.8  1507.2  29.3  -73.1  -26.1
-20.0  -218.4  1508.0  45.4  -67.7  -22.3
-4.0  -227.2  1489.2  15.4  -64.0  -20.7
-20.8  -244.0  1520.4  24.1  -54.0  -14.2
7.6  -211.2  1534.0  13.5  -116.1  0.2
10.4  -228.4  1520.8  83.6  -55.7  -30.5
-12.8  -237.6  1507.6  92.9  -49.4  -33.1
2.0  -212.4  1523.6  73.1  -31.3  -29.4
-11.6  -224.0  1505.2  44.1  -33.5  -19.8
-33.6  -225.6  1522.0  -2.9  -58.6  0.3
-11.6  -224.4  1545.2  37.4  -89.9  -10.7
-1.6  -220.8  1505.2  40.5  -86.6  4.7
-18.8  -229.2  1491.2  13.3  -72.8  -7.4
-8.0  -218.0  1512.8  6.6  -56.1  -1.0
-36.8  -298.4  1589.6  53.1  -70.4  -50.8
-85.6  -344.8  1497.6  173.4  -217.3  -120.6
-41.2  -410.4  1425.6  253.8  -110.9  -118.8
130.4  -169.6  1563.6  126.4  123.5  -127.7
136.4  346.4  1542.4  -239.5  250.9  -125.7
-45.6  770.4  1774.4  -320.2  -60.2  -47.8
-216.0  931.6  1875.2  -302.3  -664.1  424.1
-236.8  478.8  1213.2  639.5  282.3  762.6
-318.8  -282.4  1350.0  1072.8  -85.7  986.6
-8.8  -1189.2  1773.6  714.1  -267.9  177.5
-167.6  -1392.0  1607.6  -282.2  -952.5  -444.6
41.6  -1381.6  1267.2  -506.4  -498.6  -179.4
106.0  -1023.6  1085.6  -813.7  394.6  -190.2
-137.6  -447.2  1336.8  -1275.3  513.8  -138.3
20.8  525.2  2038.0  -197.1  816.9  -475.8
-204.8  581.2  1919.6  674.7  36.0  -614.4
-489.6  8.8  1877.6  -418.3  -630.4  162.6
-7.2  7.2  1553.2  646.6  -237.7  28.4
15.6  -316.8  1067.6  185.8  -255.8  141.9
77.6  -281.2  1404.8  -299.8  56.8  54.5
74.0  -206.4  1810.8  -8.3  67.7  -70.6
-63.2  -268.8  1631.6  149.3  -102.3  -97.9
7.2  -229.2  1534.4  90.2  -138.5  -95.1
7.6  -211.2  1420.4  63.8  -45.9  -55.7
-7.6  -212.4  1446.0  -74.4  -0.1  12.0
-7.6  -218.4  1565.2  -38.8  10.0  -2.3
-50.0  -257.6  1541.2  29.9  -3.3  -29.0
-60.0  -240.4  1536.8  21.3  -61.0  -11.9
-40.0  -265.2  1493.2  23.2  -55.3  -23.0
-50.0  -229.2  1502.8  10.1  -80.8  -9.6
-27.6  -236.0  1515.2  37.0  -77.4  -13.7
-60.8  -269.2  1495.2  20.0  -53.8  -4.3
-30.0  -260.4  1540.0  42.7  -75.3  -23.5
-53.6  -241.6  1509.2  30.7  -90.4  -27.2
-29.6  -214.0  1494.0  27.9  -65.9  -28.1
-14.0  -244.0  1510.4  12.0  -33.8  -29.5
-41.2  -252.8  1529.6  20.6  -62.2  -7.7
-72.4  -269.2  1528.0  54.4  -89.4  -2.5
-25.6  -260.8  1516.4  90.2  -113.0  -17.6
-32.4  -255.2  1489.6  19.2  -106.9  -19.7
-18.4  -212.8  1506.4  43.2  -81.7  -22.5
-48.8  -235.2  1478.8  13.1  -73.7  -10.4
-66.0  -282.4  1501.6  69.0  -113.4  -36.5
-49.6  -424.8  1568.0  292.1  -249.0  -56.8
-36.8  -347.2  1348.8  320.9  -212.5  -70.8
114.0  -126.8  1322.0  -81.8  151.0  -44.4
174.4  592.8  1762.8  -302.5  240.9  -3.5
-78.4  1390.0  1830.4  -92.5  93.3  281.0
-152.4  981.2  1715.6  477.2  182.1  794.1
-497.2  -338.8  1101.6  40.8  -1047.7  883.9
-12.0  -1324.8  1987.2  776.6  -645.1  498.9
-278.8  -1557.2  1318.4  -163.3  -641.3  -69.9
190.0  -1281.6  1276.8  -510.8  -349.5  -282.9
196.0  -1070.4  969.6  -340.5  312.1  -393.9
147.2  -502.4  1419.6  -149.7  612.3  -469.0
-161.6  247.6  1746.4  -62.9  422.7  -527.3
-285.2  433.2  1940.8  373.0  337.9  -546.1
-583.6  315.2  1879.6  -265.1  -102.8  -182.2
-80.4  204.0  1732.0  654.2  -201.6  -86.7
0.0  -136.8  972.8  335.5  -346.6  96.8
38.0  -232.0  1131.6  -357.9  17.5  128.4
54.0  -245.6  1728.8  -320.0  229.3  53.9
-116.8  -262.4  1711.6  64.2  -57.3  -61.8
-107.6  -269.2  1568.0  64.3  -120.1  -47.2
-43.6  -208.0  1478.0  92.6  -116.6  -43.1
-17.2  -203.6  1445.2  -12.7  -75.3  -23.8
-27.6  -208.8  1521.2  6.3  -35.1  -16.2
-99.6  -247.6  1514.0  14.6  -63.4  -20.8
-76.8  -226.0  1576.8  43.7  -64.6  -12.4
-75.2  -225.2  1524.8  50.9  -99.7  -3.1
-44.0  -242.8  1507.2  67.3  -100.3  -4.0
-26.8  -202.0  1505.6  59.1  -93.9  -20.6
-32.4  -181.2  1506.4  72.8  -115.3  -15.5
-53.2  -198.8  1514.4  107.0  -77.9  -15.6
-45.6  -232.4  1520.0  135.4  -130.0  -13.2
-19.6  -246.4  1506.4  38.8  -79.5  -11.4
5.2  -192.4  1535.6  6.5  -52.4  -27.8
-32.0  -158.0  1492.8  18.8  -61.8  -14.3
-44.4  -200.0  1535.2  8.8  -54.8  1.7
-30.8  -195.6  1529.2  -19.6  -56.2  4.9
-23.2  -222.0  1532.0  17.0  -59.5  -8.7
-38.8  -232.4  1530.0  41.2  -75.2  -11.2
-38.8  -218.4  1502.4  38.3  -86.2  -19.5
-24.4  -200.4  1531.6  44.2  -57.2  -13.9
-31.2  -221.2  1477.2  57.5  -62.6  -44.4
-70.0  -207.6  1490.0  36.1  -51.8  -55.5
-98.0  -279.6  1394.4  25.0  -52.9  -51.9
22.8  -240.4  1236.4  -197.4  145.3  -9.3
80.0  204.8  1564.8  -497.3  430.7  56.5
37.6  1025.6  2396.0  -476.7  100.0  348.2
-606.4  915.2  1611.2  1186.7  -520.8  901.0
-598.0  -489.2  1282.4  1181.1  -502.0  1147.7
-586.0  -1362.8  1676.8  382.8  -648.1  492.5
-178.8  -1426.4  1706.0  -443.7  -769.0  -147.8
298.0  -1189.2  1336.0  -421.6  2.0  -454.9
223.2  -888.8  1086.0  -673.1  470.4  -479.3
-33.2  -193.6  1555.2  -738.5  446.9  -547.1
-273.2  170.0  1862.4  -260.2  414.1  -651.9
-198.0  454.8  1862.8  568.1  221.1  -439.8
-396.0  349.6  1660.0  -219.3  -146.2  -82.8
73.6  76.0  1769.6  463.4  -276.0  -7.1
-50.0  -255.2  1102.4  255.0  -437.8  54.6
12.4  -287.6  1233.6  -153.6  -14.8  67.2
107.6  -258.4  1711.6  -176.2  -39.9  -8.6
-44.0  -306.4  1608.4  183.9  -145.4  -119.3
-23.6  -197.2  1507.2  86.6  -145.1  -81.0
11.2  -175.2  1422.8  32.9  -62.7  -42.4
27.6  -228.0  1456.8  -65.4  -31.4  4.2
40.8  -230.8  1540.8  -55.9  6.3  -18.9
20.0  -248.8  1605.6  62.7  -42.7  -46.7
-23.6  -306.0  1499.2  41.7  -124.3  -41.7
12.8  -215.2  1521.6  110.6  -121.2  -49.1
-22.8  -240.0  1472.0  66.1  -87.4  0.4
16.4  -241.2  1492.0  -1.5  -58.2  23.7
16.8  -244.4  1503.2  -25.8  -51.7  28.0
25.2  -249.6  1545.6  27.4  -48.1  11.5
-27.2  -270.0  1486.8  24.4  -75.8  0.7
1.6  -262.4  1553.2  26.6  -46.4  -3.1
31.2  -231.2  1509.6  28.6  -74.9  -2.9
2.4  -232.4  1510.0  31.8  -76.3  -0.1
-23.2  -248.8  1531.6  19.7  -63.6  -0.1
3.2  -258.8  1515.2  42.4  -74.8  -6.8
5.2  -257.6  1512.4  54.4  -88.4  -13.9
5.6  -234.4  1500.0  33.4  -81.3  -5.0
28.0  -240.0  1513.6  41.1  -62.9  -1.8
16.4  -256.4  1520.8  45.1  -74.8  -11.5
-6.4  -320.0  1532.0  80.2  -75.1  -62.8
-62.8  -357.2  1506.0  204.4  -141.7  -115.8
49.2  -344.4  1252.8  324.8  2.2  -102.7
189.6  -55.6  1352.0  -299.5  353.0  15.7
139.6  738.0  2108.0  -627.3  146.4  78.8
-154.8  1299.6  2048.8  602.6  413.0  664.8
-1822.0  -130.0  1746.4  1266.3  -102.3  757.2
-466.8  -1066.4  1667.6  1466.7  -1169.3  573.3
-360.8  -1588.0  1498.4  88.1  -1031.3  60.9
-69.2  -1655.2  1274.0  -837.4  -532.9  -109.3
172.8  -1286.0  928.0  -1116.3  749.2  -14.5
292.8  -865.6  1421.6  -1546.6  578.5  -314.8
-49.2  140.4  1933.2  -153.9  624.7  -849.1
-393.6  352.0  1935.2  402.2  341.3  -419.2
-283.2  397.2  1814.4  914.3  -110.4  -239.9
-474.0  -282.4  1481.6  -442.5  -401.9  216.0
162.0  -245.2  1558.4  474.9  -304.6  25.7
20.4  -320.4  1090.4  210.4  -280.5  -112.9
-28.0  -190.0  1424.8  -183.5  41.6  29.4
9.2  -219.2  1713.6  -10.6  -33.6  -39.2
-51.6  -264.4  1519.6  109.5  -119.2  -66.9
-5.2  -240.4  1472.4  28.5  -26.1  -37.3
14.8  -221.2  1464.8  41.7  -44.1  -27.0
-42.0  -240.8  1472.0  -4.5  -26.0  -8.9
-62.8  -282.4  1530.4  0.4  2.1  14.6
-45.2  -281.2  1499.2  7.2  -30.3  -0.9
-36.4  -281.6  1571.6  35.4  -45.8  3.8
-27.2  -290.8  1519.2  65.7  -83.2  -22.7
-31.2  -238.0  1473.2  101.9  -95.0  -35.5
-80.0  -236.0  1453.2  37.5  -39.5  -29.4
-55.6  -249.2  1510.4  11.5  -19.9  1.5
30.8  -298.8  1552.0  -4.2  -107.9  -43.9
-31.6  -297.6  1515.6  42.2  -134.3  -74.0
-63.6  -249.6  1489.6  77.4  -69.9  -45.0
-23.6  -264.8  1511.6  41.7  -78.8  -29.5
-20.8  -243.6  1503.6  28.2  -75.6  -3.1
-4.8  -256.4  1504.0  52.3  -68.3  -5.3
-18.4  -261.2  1501.2  35.6  -72.5  -14.8
-27.6  -265.2  1504.8  37.8  -61.3  -19.4
-4.4  -278.8  1500.4  46.9  -73.9  -24.5
-31.6  -315.2  1520.4  86.8  -38.3  -44.8
-61.2  -331.6  1452.4  89.5  -15.9  -93.0
50.4  -208.8  1312.4  41.5  126.0  -127.7
128.0  244.8  1652.0  -0.2  361.0  77.9
10.8  1236.8  2338.4  295.6  240.7  501.1
-400.4  1133.6  1281.2  590.9  -504.1  629.4
-690.8  -295.2  1419.2  -35.9  -961.9  943.0
-24.4  -1457.6  1789.2  421.2  -189.0  445.6
-48.8  -1776.8  1449.6  -494.9  -1066.2  -165.5
103.2  -1539.6  1044.4  -420.3  -481.4  -212.7
6.8  -951.2  940.0  -715.1  352.7  -289.2
98.8  -346.0  1553.2  -833.2  529.3  -250.6
32.0  181.2  2056.4  48.8  452.3  -638.7
-230.4  341.6  1815.2  547.9  112.5  -405.5
-398.8  346.8  1697.6  -355.9  -166.8  -199.3
225.2  5.6  1836.4  702.5  -133.7  -65.2
34.0  -121.6  1062.8  391.1  -410.5  -73.6
64.8  -165.6  1196.0  -244.9  61.2  77.7
126.8  -196.0  1627.2  -236.2  211.7  69.0
8.4  -340.4  1688.4  12.3  36.0  -41.0
-4.0  -265.2  1575.6  89.3  -63.6  -67.7
-22.8  -228.4  1412.0  69.8  -33.6  -64.4
-14.8  -214.8  1464.4  -58.5  25.5  -13.9
-21.6  -244.8  1532.4  -33.6  2.5  1.8
-5.6  -304.4  1512.4  4.2  -1.6  12.3
-66.8  -287.2  1516.4  7.3  -0.8  -6.4
-57.6  -272.8  1534.8  -36.2  -19.2  -10.2
-66.8  -272.4  1550.8  22.5  -44.7  -4.4
-55.6  -272.8  1495.2  29.0  -73.3  5.9
-38.0  -280.0  1503.2  28.8  -60.7  4.0
-52.4  -291.6  1510.8  16.1  -71.6  12.2
-45.6  -332.8  1546.4  53.7  -86.1  -2.8
-38.8  -300.0  1508.4  61.5  -95.3  -21.3
-44.0  -273.6  1465.2  66.7  -82.0  -27.9
-32.4  -278.8  1507.2  19.0  -64.9  -0.7
-43.6  -284.0  1497.6  38.2  -71.8  -8.0
-33.2  -293.6  1549.2  25.3  -67.4  5.3
-45.2  -263.2  1526.4  56.0  -107.0  -12.4
-38.4  -284.4  1488.0  44.6  -85.1  -11.1
-27.6  -282.8  1522.0  53.4  -70.9  -15.0
-37.6  -298.8  1483.6  76.1  -71.4  -38.6
-93.2  -302.0  1386.4  95.4  38.4  -50.3
-30.4  -308.0  1379.6  111.6  17.8  -67.0
9.2  -252.4  1468.0  -86.6  81.9  -1.3
175.6  385.2  1864.0  -361.3  -72.2  64.4
-265.6  1290.0  2162.4  -74.1  368.0  315.9
-140.4  637.2  1672.4  1083.2  115.1  1023.7
-350.0  -930.0  1218.8  245.7  -1277.7  765.1
-512.0  -1841.6  1343.2  -252.6  -1064.9  338.5
2.8  -1912.8  1252.8  -831.6  -724.7  -98.5
214.0  -1446.4  900.4  -341.3  123.9  -216.0
208.0  -844.0  1275.6  -639.0  479.6  -409.9
-71.2  -198.0  1606.8  -247.9  575.3  -648.1
-302.4  403.2  1743.2  185.2  449.0  -648.9
-128.0  517.2  1902.4  625.0  -25.4  -345.2
-419.6  235.6  1536.8  -165.2  -191.7  23.3
191.6  24.8  1707.2  660.7  -56.9  135.3
-24.0  -275.6  1073.2  317.1  -332.7  -22.1
-64.8  -318.8  1324.8  -262.2  97.9  129.7
7.6  -302.0  1727.6  -172.3  55.6  -50.5
-74.8  -269.2  1663.6  136.6  -157.6  -145.4
-13.2  -214.8  1491.2  141.0  -146.8  -61.9
48.4  -175.2  1331.6  47.5  -88.0  -32.8
3.2  -202.0  1460.4  -79.6  -6.0  10.1
-16.0  -271.6  1539.6  -42.9  -0.1  1.7
-47.6  -286.0  1543.6  12.9  -21.9  -20.8
-27.2  -269.2  1582.0  13.1  -54.5  -18.0
-13.2  -253.2  1519.6  48.7  -68.0  -21.4
-27.2  -238.4  1482.0  9.1  -59.8  -15.4
-41.2  -241.2  1497.2  -5.9  -60.9  0.1
-33.2  -267.2  1528.0  18.7  -43.6  -6.4
-34.8  -272.4  1512.4  13.2  -79.9  -9.6
-22.0  -253.2  1519.6  47.0  -71.1  -7.0
-39.2  -259.2  1492.4  27.8  -77.2  -7.2
-26.8  -259.6  1492.4  25.6  -56.8  -9.9
-36.4  -257.6  1500.4  13.2  -69.1  -11.5
-36.8  -266.0  1492.4  22.1  -60.7  1.1
-32.4  -266.8  1513.6  13.7  -71.8  1.9
-21.2  -272.4  1513.6  36.1  -74.5  -8.4
-28.8  -268.8  1519.2  62.4  -69.5  -24.1
-34.8  -286.8  1507.6  57.3  -92.3  -27.4
-41.6  -269.6  1522.4  84.2  -80.2  -15.9
-4.0  -355.2  1474.4  211.3  -81.2  -105.5
-66.4  -363.6  1399.6  403.2  -212.3  -128.4
149.6  -195.2  1433.6  478.9  -115.4  -79.0
129.2  165.2  1676.0  -57.2  -74.3  -161.7
-21.6  915.6  2006.0  -463.3  -105.0  57.4
-139.6  1494.4  1820.8  -8.6  310.4  859.9
452.4  -889.6  1958.0  759.7  34.5  955.4
-500.4  -874.0  2057.2  212.4  -734.3  661.4
-130.0  -1747.6  1826.0  101.5  -817.6  291.6
-68.4  -2009.2  1060.8  -725.2  -563.8  -62.7
249.6  -1574.8  1197.2  -195.0  317.2  -43.5
156.8  -996.0  1187.6  -373.5  335.9  -508.6
-127.2  -264.8  1447.2  -246.3  356.2  -678.9
-320.8  646.0  1646.8  131.4  568.9  -519.6
8.8  681.2  2145.2  524.8  332.4  -307.6
26.8  531.6  1493.6  670.6  -181.8  -55.4
174.0  -260.8  2118.0  19.7  -284.2  276.2
33.2  -265.2  1154.0  396.9  -543.7  -98.7
-121.2  -276.8  1133.2  -49.7  24.3  12.2
52.8  -156.4  1661.2  -177.7  123.6  -25.4
-102.0  -187.6  1694.8  203.4  -100.9  -138.4
-59.2  -176.8  1461.6  177.5  -130.6  -97.5
-10.8  -115.2  1403.6  -7.0  -107.3  -22.0
43.6  -130.4  1457.2  -74.4  -45.2  9.1
48.4  -202.0  1562.8  -43.1  -20.1  13.3
-30.4  -280.0  1568.4  17.8  -40.3  -13.2
-36.0  -234.4  1553.2  43.8  -63.7  -19.3
-16.0  -194.4  1523.6  50.4  -82.9  -15.2
-8.4  -191.6  1502.8  41.3  -69.7  -18.4
-3.6  -194.0  1482.4  15.2  -52.9  3.7
-27.2  -209.6  1518.8  -3.3  -42.9  -3.9
-28.0  -224.0  1521.6  12.3  -48.5  3.9
-5.6  -217.6  1515.2  21.3  -65.6  -1.6
-17.2  -207.2  1529.6  20.8  -68.9  -10.4
-18.4  -210.8  1519.2  9.4  -72.0  -0.6
-26.8  -212.0  1522.0  35.7  -70.6  -9.6
3.6  -218.0  1510.8  35.2  -65.2  -3.1
16.0  -232.8  1514.4  26.8  -64.0  -4.3
-2.8  -238.0  1545.2  4.4  -100.8  -41.0
-11.2  -213.2  1521.2  48.2  -70.5  -18.7
-12.4  -213.6  1515.2  15.2  -76.6  -2.1
-15.6  -206.8  1502.0  11.9  -64.5  2.1
2.4  -230.4  1520.4  31.8  -49.5  -8.6
-8.4  -216.0  1559.6  30.5  -51.6  -11.4
-61.2  -226.4  1494.0  47.4  -86.4  10.7
4.4  -273.6  1543.2  69.0  -63.8  -5.4
-4.4  -349.6  1462.0  142.0  -56.9  -88.0
54.4  -483.6  1616.4  -176.0  166.2  -218.2
115.2  161.6  1587.6  125.6  326.7  -194.2
-182.4  1408.0  1680.4  -344.2  314.7  563.4
-248.0  1136.0  1906.0  855.4  184.2  955.6
129.6  668.4  598.0  79.0  -1030.7  623.5
-579.2  -742.0  1798.8  16.8  -719.0  633.8
-196.8  -1829.6  1476.8  -270.7  -502.3  165.2
33.6  -1675.2  1122.8  -578.3  -594.8  -169.1
151.2  -1218.4  877.6  -602.6  368.5  -248.7
103.6  -611.6  1417.6  -595.1  481.8  -417.6
-78.4  214.4  1913.2  63.5  387.0  -582.5
-264.8  541.6  1975.6  629.7  161.7  -533.2
-237.6  395.2  1564.8  856.7  -167.2  -59.5
111.6  -99.2  2112.8  -155.4  -297.1  296.0
98.0  -184.8  1311.6  473.9  -532.9  -67.9
-31.6  -358.0  1079.2  -70.6  -76.0  29.7
141.6  -174.0  1629.2  -168.3  136.4  -7.9
-14.4  -232.8  1579.2  150.9  -93.4  -120.8
-61.2  -222.8  1465.6  23.3  -153.5  -88.8
0.8  -185.6  1509.6  -11.5  -116.3  -20.0
9.2  -240.0  1475.2  -28.1  -86.6  15.0
62.8  -271.2  1523.2  -18.8  -68.0  10.5
41.6  -288.4  1530.0  53.0  -64.6  -19.4
4.0  -251.2  1528.8  14.5  -85.2  -4.6
28.4  -238.8  1552.0  43.6  -72.6  -8.3
16.4  -258.0  1503.2  46.4  -69.6  -15.1
26.8  -248.0  1495.6  34.8  -48.1  -8.9
23.2  -242.0  1506.4  15.1  -26.0  -12.6
12.8  -232.8  1512.0  8.1  -36.3  -14.7
13.2  -245.6  1505.2  -10.3  -22.3  -1.1
17.2  -267.6  1510.8  -8.3  -44.8  -1.7
-2.4  -296.8  1532.4  38.8  -63.2  -14.3
16.0  -265.6  1525.6  41.2  -81.4  -16.9
2.8  -270.8  1471.6  37.2  -74.3  -19.9
-6.4  -250.4  1498.8  11.4  -47.0  -7.4
-2.8  -286.4  1526.4  29.1  -54.7  -7.5
3.2  -254.8  1516.0  48.4  -64.6  -3.5
-22.0  -268.0  1485.6  20.7  -77.8  -18.9
6.4  -260.4  1498.8  25.4  -58.0  3.6
-17.6  -270.0  1506.4  -3.2  -46.5  35.4
40.0  -288.4  1487.2  58.3  -51.0  -5.1
-13.2  -300.4  1535.6  37.2  -62.9  -3.0
-34.0  -328.0  1498.4  109.6  -99.3  -46.4
-41.6  -324.8  1402.4  237.3  -136.8  -83.5
62.0  -340.0  1476.4  300.3  -94.7  -78.1
142.0  46.4  1653.6  531.4  125.4  -100.4
-42.8  724.8  1744.8  -347.5  329.2  155.0
-34.4  1316.4  1892.0  -229.2  184.9  578.6
0.8  775.2  1144.4  307.7  -558.4  588.7
-550.8  -330.0  1510.8  520.5  -1262.6  1146.4
-476.4  -2046.4  1292.0  -434.7  -316.7  354.2
-388.4  -2101.6  1153.2  -776.7  -299.5  -101.5
-5.6  -1513.6  1061.6  -601.8  174.2  95.7
177.2  -985.2  1070.8  -669.6  287.3  -477.4
81.6  -82.4  1606.0  -339.2  381.1  -773.6
-187.2  458.0  1781.6  162.3  297.5  -636.3
-159.2  392.8  1910.4  365.4  92.0  -330.4
26.8  203.2  1840.4  670.4  -207.8  -47.3
588.8  228.0  1018.4  -42.5  -317.3  -120.1
242.0  -520.0  1602.0  190.2  -115.1  103.9
51.6  -444.0  1286.0  101.8  -98.9  -75.3
48.8  -304.4  1541.2  -49.9  98.8  -87.7
13.2  -215.2  1640.4  196.6  -22.1  -149.3
-82.8  -220.0  1437.2  140.3  -158.7  -47.8
54.8  -265.2  1433.2  -10.5  -42.3  30.5
114.0  -303.6  1489.6  3.9  -41.5  -26.0
47.6  -308.4  1504.8  1.1  -33.2  -32.2
5.2  -311.2  1548.0  34.5  -39.9  -14.8
19.6  -297.2  1512.0  61.2  -71.2  -23.8
23.6  -305.2  1502.0  30.2  -63.7  -9.0
54.8  -319.2  1516.4  38.0  -25.8  -2.6
54.4  -338.0  1503.2  44.3  -70.0  -19.6
43.2  -297.2  1543.2  68.0  -78.0  -30.9
23.6  -288.4  1486.4  59.6  -72.3  -21.0
31.2  -268.0  1473.2  32.5  -56.6  -14.5
31.6  -294.4  1501.6  -0.1  -41.2  -4.9
19.6  -308.8  1521.2  28.3  -36.6  -13.1
46.8  -285.2  1520.0  40.9  -76.7  -22.0
24.0  -292.0  1498.0  30.6  -55.4  -14.7
12.0  -285.2  1507.2  12.1  -44.3  -10.5
15.6  -290.8  1517.2  -22.7  -36.3  15.2
14.4  -323.6  1545.6  50.6  -54.0  -5.7
38.8  -315.2  1526.0  72.3  -84.8  25.1
12.4  -298.4  1486.4  73.8  -93.5  -30.9
32.4  -274.4  1501.6  36.5  -60.7  -10.2
21.2  -321.2  1506.0  65.8  -58.4  -24.0
-6.8  -387.2  1380.4  140.9  -56.4  -139.2
-12.4  -416.0  1444.8  56.0  62.0  -140.8
107.6  -205.6  1530.4  312.2  -58.6  -194.7
-8.0  34.4  1596.8  -131.6  119.5  24.0
43.2  1015.2  2024.4  -93.2  119.2  225.4
65.2  1554.8  1953.2  126.6  235.4  880.4
838.0  522.8  71.6  207.4  -634.8  661.0
-912.0  -1622.4  1917.6  518.7  -550.7  1044.3
-266.4  -2233.2  1211.2  -664.9  -837.5  212.8
-58.8  -1891.6  824.4  -958.4  -609.9  -72.2
202.0  -1282.8  930.8  -192.7  391.8  -281.0
49.2  -667.6  1372.4  -382.8  128.9  -675.1
-284.0  -120.0  1716.0  -82.0  247.4  -437.5
-42.4  343.2  1870.0  293.8  155.0  -457.7
-3.2  355.2  1896.4  206.2  -76.5  -169.4
60.4  -49.6  1650.8  232.1  -363.2  144.5
165.2  -280.4  1496.8  148.0  -273.3  44.8
228.8  -358.4  1555.2  130.9  -90.9  -71.7
97.6  -470.8  1375.2  340.6  -26.5  -160.2
70.0  -246.8  1102.4  -477.6  684.4  -113.0
187.2  -291.6  1641.2  -42.3  84.7  -1.0
-39.6  -243.6  1368.0  -46.3  22.7  -110.6
96.4  -492.0  1316.4  -267.2  -160.0  68.0
84.8  -240.8  1960.0  186.6  126.5  -187.1
272.8  -612.8  1762.0  511.6  265.9  -123.8
-71.6  -262.4  1536.4  270.7  -72.9  -95.9
-23.2  -397.6  1588.4  311.1  223.8  49.9
-170.4  -229.6  1179.6  417.3  -738.3  -302.2
56.4  -188.4  1538.4  -200.2  -671.4  280.4
13.2  -282.8  1645.6  -60.9  -159.1  42.2
-12.0  -321.6  1454.4  -100.2  -16.0  -77.3
-96.4  -234.8  1532.4  -20.4  -120.4  87.0
54.4  -276.8  1452.0  25.3  -230.2  -119.5
176.4  -288.0  1427.2  12.6  60.3  -25.7
18.4  -397.2  1599.6  22.9  7.2  31.6
71.2  -312.0  1613.6  -18.5  -250.0  -115.1
161.6  -249.6  1459.6  -6.2  -256.0  4.5
54.0  -373.6  1425.6  21.8  -103.8  74.2
56.4  -421.2  1504.4  31.6  -85.5  -26.7
119.2  -356.0  1532.4  72.0  -93.2  -127.1
126.8  -313.2  1514.0  -20.6  -100.5  -70.8
142.0  -326.8  1441.2  -17.8  -51.9  -39.8
124.8  -336.8  1462.4  10.7  58.9  -6.8
34.8  -416.8  1544.0  15.8  51.9  -30.3
50.4  -308.0  1538.4  5.0  -85.7  -174.9
144.4  -286.8  1435.2  80.5  -106.7  -76.7
114.8  -338.0  1481.6  42.3  -148.6  65.7
100.8  -378.8  1565.6  9.7  -49.4  -18.3
76.8  -406.4  1564.4  -6.2  -148.3  -75.2
89.6  -388.8  1468.0  -43.5  -213.0  -72.5
126.4  -376.8  1472.4  -37.6  -164.4  -97.8
104.0  -363.2  1395.2  12.1  -198.8  -34.6
180.0  -352.8  1470.0  21.0  3.1  -84.3
182.8  -371.6  1480.4  -25.0  -104.8  -107.9
224.8  -328.0  1493.2  19.8  -94.3  -64.1
250.8  -389.6  1508.8  -2.6  -216.8  7.2
