109.6  -32.0  1486.8  48.4  -114.1  -34.3
94.4  -35.2  1536.4  75.0  -105.0  2.3
134.8  -30.8  1551.6  144.4  -63.0  -46.8
150.8  -22.8  1521.6  72.2  -47.6  -49.7
111.6  -0.4  1492.0  111.9  -65.7  -72.3
89.6  24.8  1512.0  33.2  -79.1  5.5
125.2  41.2  1467.6  47.9  -97.5  49.3
116.4  54.4  1520.8  48.3  -93.9  35.5
98.8  44.0  1466.4  103.5  -101.7  34.0
185.6  41.2  1549.2  13.9  -98.8  47.8
135.6  31.2  1485.6  50.0  -67.0  -34.5
140.4  17.2  1502.4  -15.6  -90.4  -3.9
117.6  12.8  1537.2  62.1  -57.5  -36.1
147.6  6.0  1503.6  35.8  -64.6  -27.6
138.4  -5.2  1522.0  43.4  -83.4  -23.3
150.4  -1.2  1516.4  29.7  -88.3  -31.6
116.8  14.0  1510.4  22.7  -102.7  -13.0
166.0  1.2  1486.4  -8.3  -114.8  17.3
154.8  32.8  1524.4  18.1  -118.0  -40.2
171.2  30.8  1514.4  19.8  -103.4  24.2
201.2  50.8  1506.8  8.3  -106.5  -8.0
201.2  -3.6  1552.4  23.4  -66.8  6.9
158.8  6.0  1492.8  47.0  -38.9  -15.3
140.8  18.8  1496.8  -33.8  -51.4  42.0
141.2  18.0  1472.0  -65.8  -90.1  64.1
216.0  -29.6  1530.8  -154.5  -122.1  98.0
179.6  -56.8  1552.8  -34.1  -53.1  -16.4
203.2  -34.4  1529.6  -7.2  -33.0  -82.9
172.8  -26.8  1497.6  62.2  8.4  -111.0
164.8  -43.2  1507.2  -3.8  -71.7  -139.2
124.0  -26.4  1486.8  65.9  -42.2  -155.2
148.4  -74.0  1514.8  45.9  -50.5  -183.3
263.2  -66.4  1501.6  63.4  -79.4  -154.3
95.6  -39.2  1510.0  79.8  -90.2  -215.6
207.2  -50.4  1516.4  12.5  -68.0  -118.9
226.0  -76.4  1544.4  -37.0  -43.4  -147.9
125.6  -56.4  1484.4  32.8  -14.8  -164.2
182.4  -80.4  1463.2  -53.3  -76.7  -94.2
233.2  -90.4  1523.2  -27.3  -114.1  -174.4
214.0  -99.6  1606.8  72.7  -46.6  -230.5
165.2  -66.0  1451.2  93.2  -77.8  -301.6
170.0  -54.0  1541.2  -1.2  -54.5  -233.5
170.0  6.0  1520.0  59.0  -32.8  -246.7
132.8  7.6  1504.0  103.5  -11.9  -262.6
182.0  -51.2  1488.0  13.7  -60.9  -203.6
162.4  -49.6  1504.8  27.2  -112.7  -228.3
167.2  -29.6  1510.4  101.0  -103.5  -253.2
256.0  -14.8  1472.8  71.5  -98.5  -304.1
230.4  -2.8  1532.8  90.9  -82.6  -319.3
170.0  16.0  1495.2  85.0  -71.3  -297.0
154.8  4.4  1509.6  28.1  -77.3  -221.7
192.0  22.8  1557.2  -0.7  -68.4  -232.9
169.2  20.4  1481.2  70.1  -15.6  -175.3
135.2  20.0  1467.2  -0.2  -22.3  -66.5
167.6  7.2  1499.6  -18.5  -20.2  -38.0
154.4  -15.2  1495.2  -39.0  -41.3  29.6
158.0  -20.0  1546.0  4.5  -50.3  -20.8
176.4  -50.4  1500.8  0.3  -26.7  16.1
153.6  -35.2  1550.8  34.6  -30.8  35.0
149.2  -58.8  1464.8  31.3  -62.9  85.6
171.2  -57.6  1540.0  8.7  -55.6  73.3
107.6  -21.2  1498.0  20.5  -87.4  148.9
197.6  15.2  1530.0  41.5  -74.7  240.0
100.8  20.8  1532.0  43.1  -57.3  298.7
161.6  82.4  1508.0  28.9  -33.1  314.1
176.4  475.6  1539.6  -73.4  30.8  332.0
67.2  859.2  1650.0  -159.0  443.5  619.4
-131.6  280.0  1242.8  -530.7  1186.9  537.1
-210.8  -464.0  1445.2  -488.5  250.1  432.3
-76.0  -998.4  1228.4  -29.9  -563.7  603.4
-151.2  -1212.8  1667.6  34.6  -735.3  253.8
52.8  -977.6  1446.8  461.5  -349.3  -154.3
63.2  -511.6  1572.8  527.0  -560.7  221.2
176.4  -54.0  1626.0  506.9  -400.5  -133.7
92.8  205.6  1542.0  368.5  -174.5  -103.4
193.6  318.8  1384.4  541.0  365.2  -234.3
44.4  265.2  1248.4  128.6  64.3  -134.6
93.2  213.6  1502.8  -31.1  -155.8  -138.3
61.6  173.6  1576.0  46.0  23.6  -65.5
57.6  144.8  1430.4  224.7  10.5  -127.6
132.0  132.0  1471.6  38.7  -33.5  -68.5
46.0  156.4  1514.0  146.5  -40.0  -30.1
44.8  191.2  1423.6  82.8  -117.0  118.5
167.6  156.4  1457.6  50.2  -142.9  152.1
125.2  214.8  1442.4  53.6  -166.9  70.9
192.0  174.8  1601.6  27.7  -164.3  107.8
188.8  128.8  1502.8  84.4  -138.2  52.2
166.8  134.8  1610.4  14.2  -104.0  43.7
109.6  137.2  1440.4  93.1  -79.9  8.5
92.8  129.6  1466.4  -51.9  -148.7  122.2
142.0  165.6  1565.2  -103.0  -154.1  103.5
197.6  130.4  1482.0  -3.4  -153.4  75.3
189.6  102.8  1552.0  -99.5  -136.6  86.7
207.2  84.4  1514.8  45.4  -82.4  17.6
176.0  62.0  1542.0  20.8  -77.3  10.6
188.4  48.0  1480.8  59.8  -8.4  -5.1
140.0  54.0  1501.6  -2.3  -34.9  10.0
261.2  29.2  1543.6  30.7  -11.3  36.3
193.6  93.2  1475.6  37.7  -36.3  -54.2
210.4  79.6  1542.4  31.5  -40.0  16.9
169.6  86.8  1498.4  81.5  -43.5  -52.9
163.2  90.4  1478.4  16.7  -58.6  -41.3
163.2  108.4  1535.2  57.3  -45.6  -52.9
161.2  100.4  1502.0  34.2  -37.2  -50.9
183.6  104.0  1517.2  16.4  -57.2  -0.4
120.4  86.8  1537.2  22.7  -47.1  -31.9
144.8  94.8  1498.0  45.2  -21.9  -8.8
164.0  56.8  1505.6  10.1  -48.2  -18.4
116.0  70.8  1480.4  4.2  -62.4  -14.6
132.0  52.4  1484.0  7.1  -63.7  17.4
159.6  63.6  1515.6  -21.6  -97.8  13.3
170.0  70.4  1520.4  13.9  -71.4  11.9
163.6  53.2  1556.8  21.7  -57.4  -11.0
158.8  79.2  1509.6  57.7  -44.7  -34.1
145.6  74.0  1524.4  22.4  -75.6  20.1
137.6  72.0  1525.2  5.9  -80.6  12.7
122.4  87.2  1536.4  60.1  -38.9  24.0
142.4  67.6  1463.6  58.9  -35.6  32.7
152.0  58.8  1519.2  35.0  -55.3  18.5
131.6  71.2  1528.8  44.3  -54.1  18.7
147.2  54.8  1488.0  47.3  -47.0  0.7
143.6  55.2  1500.0  44.9  -63.7  -25.5
142.8  56.0  1507.6  9.0  -72.0  38.9
188.8  67.2  1510.4  10.8  -78.6  -1.1
134.8  82.0  1524.0  22.1  -61.8  -32.1
165.2  54.4  1530.0  44.6  -49.8  -17.1
174.0  59.6  1510.4  62.1  -52.5  -56.2
142.4  50.8  1533.6  22.0  -65.6  -29.1
128.8  66.8  1521.2  46.8  -57.4  -37.8
129.6  70.8  1512.0  49.5  -52.4  -49.1
148.0  64.8  1490.0  3.6  -69.6  -5.8
138.8  66.4  1494.4  16.4  -56.2  7.6
147.6  79.2  1539.2  42.7  -54.7  -40.3
128.0  59.6  1552.8  40.2  -47.7  -1.1
99.2  42.8  1462.0  60.8  -45.1  -17.1
118.0  36.8  1498.0  17.0  -68.6  31.4
70.0  180.4  1440.4  4.7  -80.2  61.5
153.2  594.8  1382.8  -157.1  -173.7  207.2
212.8  990.4  1547.2  -278.5  -202.8  417.9
308.0  611.6  1395.2  -4.4  -28.2  626.9
60.0  -330.0  1461.2  -357.4  219.8  269.3
157.6  -999.2  1311.6  -98.0  649.8  -188.9
-245.6  -1336.4  1663.2  -428.1  60.4  -270.0
-94.8  -1079.2  1764.0  138.3  -605.7  -69.3
63.2  -564.4  1369.2  40.7  -803.5  -41.1
182.4  59.2  1628.4  269.8  -345.1  17.8
240.8  312.0  1360.8  414.6  392.1  41.2
356.8  357.2  1509.2  0.9  -88.7  91.4
169.2  187.2  1471.6  249.5  -129.6  -51.7
398.0  110.0  1520.0  178.1  -70.1  -350.9
34.0  87.2  1427.2  279.9  19.1  -169.4
55.2  118.0  1483.2  6.9  -127.6  29.6
120.0  214.8  1679.2  215.0  -58.8  131.5
329.2  708.0  1434.4  468.0  62.4  50.6
52.8  1653.6  1186.8  672.1  -124.7  -183.2
381.2  562.0  1722.4  263.0  160.3  521.9
92.8  -687.2  1279.2  318.5  1492.5  -786.6
-29.2  -1090.4  1555.2  -688.4  219.0  -325.3
-330.4  -959.2  1972.0  238.1  -270.2  -154.0
-107.6  -287.6  1259.2  148.4  -740.1  177.5
74.8  194.8  1600.8  -157.6  -568.3  184.5
6.0  424.0  1409.6  52.5  -351.1  120.7
272.0  440.4  1467.2  12.6  -94.9  22.0
256.8  399.2  1397.2  221.0  214.0  -126.9
201.6  340.8  1463.6  39.7  -19.2  -192.3
126.8  225.6  1514.4  -43.7  -191.8  -180.2
124.8  182.8  1469.2  1.4  -161.0  -179.9
102.4  203.2  1548.0  111.3  -87.0  -184.8
78.8  169.6  1409.6  26.5  -92.9  -35.9
140.0  206.0  1526.0  -1.2  -100.8  -17.0
100.8  208.8  1484.0  28.1  -64.5  33.9
175.2  215.6  1484.8  34.5  -34.8  -41.7
112.8  166.4  1476.0  -59.6  -50.8  3.8
95.6  207.2  1523.2  28.8  -91.2  41.2
136.8  174.8  1458.8  -102.3  -100.1  84.1
141.6  152.0  1534.8  17.5  -70.7  55.6
140.4  120.8  1493.2  45.9  -54.2  46.7
189.6  144.4  1545.6  47.4  -67.0  -18.5
161.6  116.8  1485.6  41.0  -50.7  -38.9
135.2  115.2  1508.8  27.1  -36.2  -19.0
150.0  136.8  1504.4  31.9  -53.4  -6.6
139.6  147.2  1533.6  35.0  -60.2  -8.6
128.4  147.2  1491.6  42.7  -42.4  -12.3
90.4  142.8  1466.4  11.5  -62.5  7.1
126.8  156.0  1519.2  38.3  -28.6  15.1
148.8  178.0  1508.8  44.6  -53.6  6.1
100.0  140.0  1466.4  45.6  -67.2  16.5
156.8  149.6  1540.8  0.4  -44.7  -1.0
88.8  155.6  1528.0  81.1  -61.6  -30.9
117.2  158.0  1528.0  55.9  -40.0  -8.7
91.2  153.6  1485.2  29.1  -58.4  -11.9
122.4  141.6  1503.6  22.3  -54.6  30.9
134.8  132.0  1498.8  21.4  -69.0  -11.7
96.8  154.0  1525.6  52.1  -70.3  -41.2
52.0  131.2  1474.0  19.2  -85.6  25.6
122.0  143.2  1505.6  -16.2  -106.2  26.9
130.0  144.4  1522.8  -4.6  -97.6  20.3
140.0  130.0  1516.8  13.4  -63.0  14.1
133.6  144.4  1514.4  2.9  -79.9  18.5
124.0  144.0  1514.0  26.9  -49.2  13.5
140.4  120.8  1491.2  24.3  -79.1  2.5
117.2  109.6  1491.6  -5.2  -100.4  -20.2
126.8  111.6  1521.6  6.1  -82.8  11.8
141.2  108.4  1526.4  29.0  -38.0  15.2
154.4  105.2  1482.0  38.2  -60.7  4.5
163.2  113.2  1500.8  31.1  -69.2  -19.6
120.0  125.6  1518.4  32.7  -75.1  -7.6
141.2  118.4  1486.0  32.4  -70.0  -15.9
131.2  136.4  1501.2  12.9  -71.6  -4.3
141.6  121.6  1494.4  25.5  -76.0  4.9
170.0  118.8  1509.6  38.7  -67.4  4.1
184.8  106.8  1525.6  12.9  -76.5  3.8
111.6  120.4  1496.0  1.5  -101.8  6.4
145.6  118.8  1507.6  40.5  -55.1  50.3
158.0  90.4  1506.4  11.0  -72.2  67.4
161.6  88.0  1532.4  -12.6  -129.3  27.9
178.0  54.8  1526.0  39.7  -85.7  8.0
175.2  74.8  1523.2  1.5  -87.2  3.8
158.4  81.6  1538.0  92.3  -36.9  -24.6
172.4  99.2  1554.8  80.5  -24.1  -14.2
96.0  106.8  1462.4  98.3  -25.4  -24.5
140.4  135.6  1490.8  53.9  -18.3  48.5
166.4  122.0  1468.0  -14.0  -63.5  49.2
172.0  124.4  1536.0  -14.8  -62.2  49.2
133.6  109.2  1501.2  9.5  -50.8  34.2
152.4  86.0  1524.4  21.9  -42.6  1.3
97.6  55.6  1478.8  16.9  -46.7  20.7
164.0  76.8  1510.8  -53.9  -69.0  71.2
161.2  81.2  1494.8  -6.4  -53.7  38.8
176.0  117.6  1527.6  -24.2  -57.1  45.4
125.6  152.4  1500.0  47.6  -76.3  14.3
94.0  181.6  1455.6  -26.0  -100.5  145.4
154.4  124.4  1505.2  26.2  -55.1  76.7
170.8  58.0  1602.0  17.3  -146.7  48.7
125.2  -25.2  1512.0  91.0  -84.3  10.8
136.4  -48.4  1484.0  75.2  -28.5  46.2
109.6  2.4  1438.8  53.4  -18.8  17.3
145.2  136.0  1491.2  22.1  8.8  27.5
200.0  730.4  1522.4  -64.9  -27.7  -186.0
106.4  1119.6  1738.8  -21.7  -187.8  -203.0
102.0  444.8  1398.8  377.3  -38.1  -58.4
58.0  -214.0  1445.2  0.6  526.4  -31.2
208.4  -673.2  1436.4  212.6  750.4  -92.5
75.2  -829.6  1462.0  -456.0  -114.2  30.0
-59.6  -618.0  1591.6  -157.7  -629.5  152.0
14.0  -227.6  1537.6  -269.2  -828.2  171.5
156.8  137.2  1680.4  4.8  -395.0  111.0
135.2  215.2  1471.6  137.2  -179.8  222.7
327.2  285.6  1531.2  246.9  -41.4  25.0
201.2  183.2  1442.4  168.6  121.8  -71.7
286.8  146.8  1423.6  228.5  -29.6  -196.6
32.4  168.4  1522.8  2.0  -17.1  -109.9
169.6  184.4  1604.4  68.3  9.2  -105.0
134.4  138.8  1534.8  88.3  55.3  -86.8
173.6  140.4  1474.0  63.4  -30.7  -16.6
105.6  127.2  1521.6  137.4  -17.8  -58.0
160.8  132.8  1522.8  122.3  -43.3  -35.0
82.4  109.6  1473.2  159.9  -26.8  -64.0
148.0  131.2  1491.6  81.6  -47.7  33.8
161.2  174.4  1559.6  50.3  -67.6  -53.5
108.0  157.2  1544.0  94.2  -24.8  -19.2
147.6  153.2  1478.0  89.5  -39.9  4.5
120.0  151.2  1488.8  45.6  -62.1  -8.5
87.2  169.2  1482.4  13.6  -54.5  39.8
162.0  174.0  1570.8  -45.2  -49.9  74.2
140.0  134.0  1463.6  59.8  -21.3  -15.1
122.4  136.8  1548.8  28.7  -39.3  -4.4
100.4  158.0  1456.0  46.2  -50.2  -35.8
103.6  156.4  1506.4  48.8  -36.1  -24.4
83.6  155.6  1485.2  35.1  -57.9  -15.8
139.6  152.8  1524.8  42.0  -48.8  -44.0
82.8  162.4  1533.6  93.9  -43.4  -71.6
39.2  169.6  1490.0  103.1  -37.4  -47.5
79.2  174.0  1448.4  57.4  -47.0  -27.3
75.2  194.0  1514.4  39.0  -66.7  -26.7
64.8  199.2  1478.4  45.0  -49.8  -16.8
94.0  181.2  1496.4  22.7  -65.0  20.0
104.8  161.2  1528.0  24.3  -65.5  6.3
100.8  154.8  1502.0  10.4  -80.4  -1.6
62.4  167.2  1522.4  15.3  -71.9  -5.0
107.6  168.0  1526.8  -25.4  -67.2  22.8
83.6  144.0  1483.6  36.1  -49.4  -10.5
72.0  160.4  1480.8  2.8  -77.1  -5.3
91.6  140.4  1510.4  -16.0  -69.4  30.1
153.2  136.4  1495.6  49.5  -65.9  -10.1
69.6  155.2  1521.6  -14.8  -87.0  1.2
128.0  132.8  1481.6  54.4  -54.8  -4.3
92.0  146.4  1513.2  34.7  -66.0  -14.9
61.6  153.6  1500.4  58.3  -27.3  -21.9
88.8  166.0  1506.8  40.5  -62.9  0.9
122.4  150.4  1500.4  46.8  -65.6  -22.8
96.0  166.4  1527.2  33.5  -70.4  -3.3
120.0  151.6  1508.8  34.6  -67.9  -8.0
56.0  166.4  1461.2  32.0  -69.0  -25.3
85.2  158.4  1490.8  39.5  -59.4  4.7
111.2  133.6  1496.4  -7.1  -96.9  29.4
97.2  138.8  1518.0  41.2  -72.4  -29.4
97.6  143.6  1503.2  50.5  -72.8  9.8
117.6  151.6  1504.4  0.0  -71.3  -13.3
110.4  153.6  1525.2  53.8  -52.8  -34.7
70.4  178.8  1510.4  52.3  -54.9  -27.0
91.2  162.0  1506.0  18.2  -67.8  -0.9
88.8  168.8  1488.0  32.0  -62.5  -12.8
93.2  178.8  1484.4  34.9  -66.7  -12.6
65.6  175.2  1534.0  29.2  -65.7  -15.0
114.8  141.6  1496.4  53.2  -65.7  17.6
126.4  130.8  1487.2  -4.9  -81.3  7.7
96.0  160.8  1486.0  56.8  -62.9  -10.9
79.2  160.0  1504.0  26.6  -73.2  0.0
89.2  173.6  1526.0  9.4  -66.1  27.2
121.2  143.2  1515.2  44.7  -49.4  33.0
118.4  159.6  1506.8  21.0  -67.7  -6.5
87.2  156.0  1526.8  37.1  -60.0  17.7
86.0  145.2  1477.6  37.7  -74.5  -25.6
146.4  139.6  1527.6  28.6  -68.6  6.2
96.8  133.6  1499.6  45.8  -66.6  -35.3
134.4  139.2  1502.4  67.7  -60.6  -45.3
83.2  175.6  1529.2  40.3  -72.1  -26.6
95.6  189.6  1525.2  69.7  -26.2  -7.3
90.0  188.0  1541.2  24.9  -60.5  26.5
100.0  175.2  1442.0  22.2  -62.4  46.3
129.2  168.0  1508.8  -14.0  -81.9  103.2
127.6  172.0  1502.8  -56.2  -128.4  60.8
138.8  328.0  1474.8  -36.8  -169.1  50.5
46.4  1137.2  1552.8  -78.1  -356.1  -122.7
-29.2  909.6  1906.4  325.6  -113.1  442.9
88.0  -27.2  1343.6  516.5  789.4  68.5
245.2  -547.6  1294.4  663.1  1019.1  -76.5
-84.0  -655.6  1436.8  -364.1  -6.5  -40.2
-94.8  -506.8  1612.4  -185.5  -393.3  123.7
71.6  -249.2  1478.8  -317.7  -829.8  222.9
76.8  50.4  1632.8  -372.1  -728.3  111.3
231.2  219.2  1686.4  -228.4  -301.9  -57.6
172.4  304.8  1532.4  -117.1  -236.0  -169.4
298.8  246.4  1477.6  36.0  -45.8  -52.3
222.0  228.0  1465.6  77.8  5.2  -246.9
128.8  156.0  1542.0  111.6  91.6  -177.7
85.2  133.2  1428.8  194.6  40.9  -136.8
188.0  136.0  1505.6  35.0  6.0  -46.4
166.0  116.4  1466.0  91.3  -11.0  -89.3
155.6  140.8  1524.0  93.6  3.0  -90.6
94.4  122.8  1418.0  14.0  -58.3  -61.3
135.2  136.0  1517.2  -73.2  -61.3  28.1
131.6  152.0  1534.4  47.6  -13.0  -48.9
114.8  136.8  1530.4  2.3  -99.9  1.9
123.6  121.6  1499.2  72.5  -55.8  20.8
111.2  96.0  1500.4  30.7  -87.6  27.5
176.4  104.0  1548.0  14.1  -73.4  8.7
99.6  97.2  1481.6  43.8  -27.1  2.0
146.4  83.6  1514.0  4.1  -62.2  -15.1
97.6  107.2  1513.6  5.3  -55.8  10.8
153.2  90.8  1528.0  1.4  -42.3  10.4
112.8  90.0  1488.4  12.1  -55.7  -26.2
120.8  87.2  1487.6  35.9  -62.3  -8.9
98.4  94.8  1458.4  -29.5  -90.7  -51.2
132.0  87.2  1524.0  -4.5  -114.0  35.9
181.6  63.6  1538.8  0.4  -86.8  -9.1
148.0  59.2  1519.6  57.0  -84.4  -23.9
168.0  67.2  1516.8  44.1  -80.1  -56.2
137.2  54.8  1528.4  12.6  -81.3  -28.6
156.8  65.6  1552.8  52.1  -45.8  -16.6
63.6  76.8  1471.6  50.5  -48.1  -17.5
106.0  71.6  1485.6  59.3  -33.3  40.6
191.2  77.6  1508.8  -8.4  -80.6  20.0
156.4  55.2  1543.2  13.8  -73.8  -5.0
174.0  70.4  1520.8  16.0  -62.9  6.8
140.0  60.8  1492.4  -0.8  -72.1  3.1
148.0  34.0  1512.0  15.9  -72.4  26.0
144.4  29.2  1498.0  -17.3  -88.7  -4.9
113.6  40.0  1535.6  61.5  -38.1  -22.2
150.4  46.4  1492.0  15.4  -59.2  9.5
161.6  49.2  1530.4  9.8  -53.8  -17.9
160.0  68.8  1552.0  19.3  -42.3  -27.5
150.4  62.4  1484.4  34.8  -54.0  -21.4
151.2  53.6  1501.6  16.3  -75.9  -10.7
123.6  49.2  1515.2  55.0  -60.4  -18.1
179.2  29.2  1514.0  46.0  -78.0  -19.1
114.0  56.0  1512.0  11.7  -58.2  -24.9
140.4  50.8  1543.2  24.1  -75.9  -18.5
134.0  28.8  1516.4  15.5  -55.4  -1.2
158.0  17.2  1492.8  10.6  -66.8  10.0
145.2  51.2  1512.4  15.1  -101.6  5.5
148.4  41.6  1511.2  22.6  -93.5  21.0
180.0  57.6  1548.4  1.1  -84.5  -7.0
132.4  34.8  1526.0  24.3  -102.0  4.2
140.8  27.6  1516.4  -0.3  -79.7  16.0
77.2  59.2  1518.4  38.5  -53.9  4.6
57.2  421.2  1540.4  -7.4  -49.2  -39.2
-38.8  818.4  1793.6  -31.7  -137.0  193.8
99.6  578.8  1644.8  500.1  -28.5  445.7
364.0  -94.0  1184.0  150.7  367.0  307.8
153.2  -472.4  1264.0  403.6  658.5  118.6
53.6  -753.6  1520.8  -226.0  58.4  -123.7
-37.6  -782.0  1561.2  -80.4  -417.4  4.3
54.8  -406.0  1456.0  -272.6  -907.9  -8.1
88.0  34.4  1578.0  -388.2  -631.4  -90.1
164.4  232.4  1658.8  -266.5  -171.2  -6.2
259.6  194.4  1572.4  61.1  -105.6  -78.3
258.4  185.6  1400.4  28.0  -70.5  28.3
242.0  140.4  1568.4  184.6  -76.6  -156.8
194.8  58.8  1499.6  70.8  -103.0  -28.6
220.4  38.0  1589.6  91.0  -67.9  56.9
280.8  -16.0  1523.6  184.5  -50.8  27.5
206.0  -4.0  1448.0  186.1  -71.1  0.9
203.2  60.8  1293.2  104.1  -174.7  68.4
143.6  487.6  1406.0  -30.0  -214.7  46.0
96.8  994.4  1753.6  -279.8  -326.0  465.6
238.8  556.8  1783.2  426.3  362.5  511.7
382.8  -88.8  1004.8  103.5  553.3  -115.9
201.6  -650.4  1629.6  201.3  962.2  -201.2
96.0  -796.4  1530.8  -298.3  55.2  -80.2
99.2  -627.2  1744.8  163.6  -343.0  -22.8
-14.8  -331.6  1454.0  18.7  -486.9  106.0
118.4  25.6  1464.4  -10.1  -588.8  -184.0
6.8  160.4  1419.2  -99.7  -251.0  -60.2
252.4  22.0  1525.6  7.0  -110.2  -355.6
165.2  96.0  1490.0  -4.1  -183.0  -332.4
237.2  85.2  1574.8  -5.0  -107.2  -429.0
149.6  -18.8  1505.2  94.6  -109.0  -519.3
57.2  63.6  1533.6  44.7  70.9  -333.0
78.8  118.0  1510.4  123.0  117.7  -263.1
105.6  117.6  1448.0  -32.9  -73.9  -336.1
264.8  78.8  1632.0  7.8  5.5  -354.9
124.4  87.2  1452.4  110.2  83.7  -541.8
152.0  38.8  1591.6  89.3  23.2  -531.3
1.6  79.2  1439.6  43.9  -48.4  -576.2
121.6  56.8  1563.6  -27.2  62.2  -525.5
33.2  12.8  1452.4  -43.9  -33.7  -503.2
29.6  -7.2  1480.4  -156.5  -5.8  -420.6
-67.6  -2.4  1501.2  -80.6  27.7  -483.9
-26.8  18.4  1489.6  -78.1  11.3  -438.6
-2.0  82.8  1537.2  53.0  38.2  -541.2
-93.6  125.2  1521.6  162.8  38.3  -470.8
-127.2  186.0  1478.0  347.6  178.8  -596.9
-177.2  266.0  1328.0  290.4  -7.7  -414.9
-2.0  246.4  1516.4  226.2  -120.8  -249.2
-41.6  167.2  1489.2  282.5  -167.9  -254.6
108.0  75.6  1569.6  120.0  -57.5  -54.6
34.8  40.8  1550.8  204.5  -274.8  -187.1
124.8  -12.8  1532.0  72.0  -134.8  -37.0
92.0  13.2  1518.4  -72.6  -176.9  -3.9
-26.4  40.4  1527.6  -37.0  -64.6  -57.7
-50.0  54.8  1513.2  -118.6  -69.6  114.6
48.4  102.8  1546.0  -51.0  -25.9  136.0
36.8  124.8  1510.8  -25.9  -49.5  77.4
-31.2  139.2  1525.2  10.4  -91.4  127.4
1.2  141.2  1485.2  -13.1  -78.0  200.1
28.8  103.6  1535.2  -15.4  -107.7  309.1
14.0  125.2  1560.0  -15.8  -113.6  309.1
38.8  62.8  1477.2  127.1  -140.6  403.0
70.4  76.8  1514.0  22.0  -77.4  344.7
94.8  56.0  1526.8  -56.0  -35.5  304.0
75.6  26.4  1579.6  -24.0  -75.3  331.2
78.8  5.2  1482.8  77.5  -83.5  373.2
-13.6  74.8  1465.2  8.6  -57.5  442.5
104.0  69.6  1459.6  49.2  -134.9  471.7
32.4  40.4  1464.4  15.6  -154.3  536.7
96.4  56.8  1529.6  44.5  -148.6  573.5
162.0  21.6  1516.0  31.9  -135.8  536.2
152.8  42.8  1526.0  31.4  -55.4  345.5
180.0  43.6  1411.6  111.0  -129.7  359.9
130.4  109.6  1542.0  -107.3  -159.9  337.9
190.8  102.8  1509.2  100.8  -153.0  330.6
158.0  146.4  1491.6  -2.0  -169.6  297.5
96.8  168.4  1461.6  9.8  -163.3  252.1
84.8  151.2  1547.2  47.1  -196.5  386.4
122.4  202.8  1439.2  15.8  -217.2  544.2
129.2  272.4  1452.0  -37.3  -464.2  597.4
204.4  717.6  1450.8  -20.2  -333.0  396.6
229.2  818.8  1622.4  151.2  25.6  597.0
391.6  2.4  1408.0  738.6  870.7  471.9
532.8  -333.6  872.8  10.5  360.8  -164.7
168.8  -892.4  2088.4  -872.7  -306.2  -404.5
3.2  -876.0  1861.2  -100.0  -123.1  -261.7
95.2  -710.4  1610.4  173.8  -273.7  -123.7
138.8  -329.2  1365.2  99.3  -431.2  10.6
223.2  103.6  1540.0  -20.4  -336.5  36.2
217.6  150.0  1468.0  178.5  -123.8  -179.1
406.0  198.4  1525.6  215.4  209.6  -377.2
166.8  174.0  1346.0  262.9  125.1  -447.2
189.2  94.8  1399.2  -23.1  137.6  -185.7
116.0  145.6  1531.6  199.7  -1.5  -295.3
193.2  124.0  1451.6  143.8  -41.8  -145.3
147.2  124.4  1554.0  -4.4  -1.1  -309.9
71.6  142.0  1534.8  97.5  -47.0  -100.6
198.4  184.8  1524.4  45.3  -35.3  -174.3
91.2  166.8  1506.4  68.6  -26.3  -70.2
166.8  188.4  1526.0  -25.2  -24.9  -17.8
84.4  166.8  1515.6  58.7  -62.5  -21.6
127.6  112.0  1496.4  74.9  -25.0  6.9
135.2  106.0  1492.4  80.1  -45.4  -31.0
138.0  88.0  1483.6  16.7  -68.5  34.3
149.6  90.0  1531.2  6.9  -44.2  31.0
105.6  132.8  1556.4  -12.4  -56.0  -56.2
115.6  103.6  1493.6  49.1  -36.7  -6.1
116.8  102.8  1492.8  50.4  -51.2  -21.8
121.2  97.6  1491.2  44.5  -60.3  6.1
122.4  104.0  1556.0  -4.8  -67.6  -8.3
113.2  97.2  1495.2  28.2  -46.3  22.5
164.4  99.6  1518.8  12.3  -75.8  -10.6
120.0  90.4  1522.0  47.1  -45.3  -36.8
140.0  98.4  1489.2  6.4  -64.7  -27.8
148.4  53.6  1538.4  16.0  -69.8  -30.1
104.4  87.6  1485.2  9.6  -56.0  -11.7
100.4  89.6  1531.6  44.4  -55.0  -18.0
135.6  84.4  1470.8  55.2  -56.8  -41.1
163.6  89.6  1545.2  8.4  -71.0  -24.9
116.4  102.8  1526.8  46.5  -60.8  -35.2
107.6  102.0  1493.6  50.8  -57.0  6.3
171.2  104.4  1502.8  53.9  -89.7  -4.8
142.4  131.6  1508.8  75.4  -66.1  2.1
88.0  215.2  1472.8  25.7  -48.0  -27.1
24.8  601.6  1498.0  32.4  -87.1  -12.5
-153.6  1040.0  1744.8  91.9  -47.0  183.2
-43.6  710.8  1746.0  451.6  -247.7  823.8
150.4  -96.8  1085.6  69.4  576.7  477.8
232.0  -695.6  1402.8  204.5  753.7  189.6
50.4  -861.6  1718.0  -535.1  -46.8  -64.4
-42.0  -729.2  1678.0  -48.7  -499.2  35.8
2.4  -335.6  1464.0  -127.6  -795.9  129.7
9.6  54.4  1680.8  -174.9  -464.7  33.3
241.6  224.4  1582.4  -62.2  -258.7  -91.4
189.6  238.8  1404.0  54.7  117.3  -22.5
186.8  283.2  1477.6  53.3  -22.1  -227.9
74.8  246.0  1506.0  2.5  17.6  -179.3
170.0  88.4  1555.6  162.7  -59.9  -379.8
25.2  132.8  1430.0  113.1  -67.4  -268.2
54.8  155.2  1517.6  44.0  -120.5  -171.8
0.4  204.8  1584.8  78.6  -102.0  -67.8
157.6  164.0  1496.4  84.2  -49.4  -42.2
122.8  130.4  1484.4  -2.7  -110.1  -16.6
126.4  119.6  1570.4  53.6  -85.1  -38.6
115.6  83.2  1514.0  107.7  -53.4  -57.3
142.4  96.4  1498.8  117.1  -14.2  -112.2
101.6  69.6  1468.0  106.5  -75.6  -36.1
155.2  96.0  1500.4  35.0  -44.8  -34.8
127.6  108.4  1519.2  29.2  -43.2  -34.7
162.0  120.0  1520.8  34.4  -52.0  -76.7
72.0  132.4  1503.2  29.9  -49.1  -101.3
81.2  150.8  1523.2  37.6  -49.6  -13.6
106.0  152.0  1485.2  39.9  -65.1  -9.2
99.2  144.8  1509.2  50.8  -48.5  -2.5
54.0  138.4  1500.0  41.7  -56.7  -2.6
140.0  113.6  1545.6  83.3  -53.7  14.8
98.8  114.0  1479.6  19.5  -62.4  -20.6
79.6  94.0  1498.4  36.9  -59.9  3.8
90.8  77.2  1525.2  17.5  -65.0  -7.4
113.2  101.6  1516.0  56.9  -48.8  -14.8
82.8  126.0  1492.8  58.1  -45.1  -40.4
121.2  125.6  1525.6  54.6  -74.3  -22.7
38.8  158.8  1506.0  61.4  -56.2  -20.0
108.8  147.2  1504.8  59.1  -49.7  6.5
110.4  153.2  1513.6  37.2  -45.1  -3.7
94.4  123.6  1487.6  56.2  -42.3  -15.8
98.8  110.4  1485.2  53.0  -60.1  -8.7
39.2  150.8  1504.8  39.8  -53.3  -24.0
94.4  118.0  1485.6  16.3  -74.6  33.4
95.6  127.2  1484.0  22.2  -62.1  -37.0
83.6  142.4  1546.4  15.3  -70.9  -15.8
76.4  152.0  1468.8  37.6  -60.8  -34.8
104.0  148.4  1511.6  19.2  -65.6  -18.7
52.0  134.8  1514.8  37.8  -53.1  -23.0
109.6  118.0  1511.2  14.8  -64.5  25.4
72.4  104.0  1504.4  19.9  -71.7  -5.5
118.0  126.0  1502.4  -4.6  -85.8  -21.7
30.4  141.2  1558.4  20.8  -67.6  -23.7
94.4  121.6  1506.0  39.1  -52.4  11.9
99.2  123.6  1501.6  8.2  -68.4  -28.5
107.6  114.8  1552.4  28.2  -73.2  -4.3
61.6  128.0  1505.2  -2.9  -58.8  -50.8
74.0  107.2  1504.0  39.5  -49.0  -29.0
109.2  112.0  1461.2  28.9  -75.0  -42.9
99.2  117.2  1516.0  16.9  -68.8  -51.8
86.8  116.4  1529.6  6.7  -81.8  -68.7
92.0  123.2  1522.0  19.9  -66.4  -32.9
108.0  129.2  1528.8  -2.1  -54.4  -21.1
97.2  242.8  1544.0  15.2  -32.3  2.5
67.6  760.0  1569.6  -122.5  -38.3  -45.8
-270.0  1138.4  1811.2  48.1  -207.4  439.6
-94.0  488.8  1614.4  -152.1  -998.5  1092.6
240.8  -718.8  897.2  -498.7  1231.3  145.6
465.6  -1207.2  1246.0  364.8  716.6  193.0
-97.6  -1042.4  1826.0  -90.7  52.7  -22.0
-108.8  -664.8  1586.8  256.1  -684.7  62.0
150.8  -311.6  1482.4  -79.3  -594.8  -94.1
102.0  123.2  1580.0  90.9  -321.8  -345.1
154.8  266.4  1497.2  111.6  103.3  -217.3
163.2  252.4  1370.8  -3.2  -106.1  -166.0
23.2  293.6  1514.4  -98.4  -43.9  -140.7
168.0  173.6  1665.2  65.7  7.1  -232.4
38.4  100.8  1487.6  185.2  -15.2  -181.7
89.6  118.8  1554.8  176.5  6.9  -290.4
1.6  155.2  1514.8  141.6  -42.5  -195.7
45.2  138.8  1515.2  94.8  -22.8  -84.4
44.8  165.2  1539.2  58.9  -41.1  -4.8
99.6  116.4  1448.4  15.1  -88.2  83.2
137.2  101.6  1540.8  -55.3  -110.4  87.2
85.2  80.4  1464.0  48.8  -65.2  3.5
121.2  42.4  1552.8  -4.8  -112.0  45.8
103.6  32.0  1528.8  70.8  -52.5  5.2
86.0  76.0  1506.0  11.1  -80.4  15.1
128.4  74.8  1524.4  40.8  -54.9  6.7
59.2  75.6  1476.8  26.4  -60.2  -33.0
125.2  66.0  1514.0  56.6  -54.0  -28.9
37.2  64.0  1486.4  35.7  -30.1  -42.0
85.2  92.0  1524.8  83.1  -38.7  -12.9
134.0  92.0  1498.4  38.8  -55.7  -21.8
86.0  87.2  1538.4  34.3  -52.6  -32.7
71.2  84.8  1500.8  79.2  -48.8  -3.6
122.0  93.6  1493.2  19.1  -59.7  -16.8
74.8  88.8  1502.8  26.1  -53.9  -39.8
80.4  74.4  1495.6  18.1  -69.7  -2.8
78.4  80.4  1513.6  27.9  -62.4  -51.1
45.6  96.4  1492.0  39.5  -58.4  -22.0
113.2  76.8  1502.4  46.1  -67.2  -6.2
59.6  101.2  1514.8  45.3  -36.0  -53.4
58.0  98.4  1504.8  0.1  -79.6  -8.9
51.2  89.2  1524.0  37.9  -63.2  3.2
107.6  77.6  1489.6  34.4  -67.8  -18.7
65.2  80.0  1532.0  29.5  -63.9  -8.6
60.4  82.0  1487.2  45.1  -61.2  3.3
99.2  64.0  1506.4  19.4  -78.4  0.6
57.2  83.2  1525.6  13.1  -61.7  -8.6
94.8  93.2  1494.4  9.4  -63.7  -6.0
70.4  67.2  1521.6  23.7  -69.0  -0.4
62.4  98.4  1480.4  26.7  -66.7  -17.0
74.4  96.0  1506.4  32.6  -64.0  2.5
75.6  80.8  1497.2  9.5  -64.6  11.1
98.8  68.4  1522.4  27.8  -69.2  6.2
114.4  54.8  1515.6  38.0  -73.1  -7.4
69.6  69.2  1525.6  23.9  -73.2  -13.3
66.4  67.6  1506.8  51.1  -59.6  -7.9
88.0  72.0  1516.0  30.3  -73.7  -4.6
96.4  52.8  1527.6  29.2  -59.4  -23.6
104.0  56.0  1535.6  31.6  -69.4  7.5
56.8  76.4  1529.2  26.0  -62.8  -14.8
64.4  68.8  1496.8  36.3  -57.0  -3.5
87.2  76.0  1516.4  57.8  -54.0  -7.0
109.2  101.2  1528.0  28.2  -69.7  -2.8
91.6  54.4  1498.0  31.3  -60.0  -20.8
59.6  87.2  1498.4  49.0  -58.9  -0.2
58.4  76.0  1498.8  58.8  -44.4  -11.4
84.8  69.6  1526.0  -3.1  -89.3  50.9
91.2  66.4  1547.6  5.3  -76.0  7.7
96.0  53.2  1503.2  20.8  -67.7  -9.2
72.8  67.2  1551.2  8.7  -62.0  -5.9
53.2  62.4  1467.6  34.6  -55.9  -10.0
122.4  62.4  1510.8  25.5  -75.2  -3.9
71.2  49.2  1506.0  28.2  -57.8  -54.3
102.8  68.8  1525.2  24.4  -92.9  -39.0
88.8  26.8  1491.2  0.9  -77.8  -1.6
106.8  26.0  1518.4  -15.5  -78.6  27.6
91.2  83.6  1512.8  -9.8  -49.2  41.2
64.4  251.6  1570.8  -12.0  -31.3  40.9
-84.0  731.6  1708.4  -82.3  -23.4  128.2
-235.6  786.0  1674.8  144.0  -232.6  558.2
127.2  326.0  1505.2  279.5  -478.8  764.2
212.4  -411.2  1399.2  43.9  412.4  208.2
133.2  -659.6  1523.6  244.0  756.3  -20.2
36.0  -822.8  1528.8  181.8  73.5  -155.0
71.6  -579.6  1454.0  -37.5  -437.8  9.0
73.6  -221.2  1408.4  -196.5  -484.0  -153.3
90.0  83.2  1606.8  -287.8  -344.4  -114.3
124.8  243.6  1460.0  -93.7  38.7  -307.8
69.6  266.4  1522.8  -155.4  47.2  -227.7
21.2  198.4  1571.2  -14.2  -5.4  -293.1
1.2  138.8  1557.2  101.0  16.7  -201.1
-117.6  132.0  1493.2  168.0  -8.8  -194.8
90.8  125.6  1575.6  123.3  -25.3  -70.4
-11.6  111.6  1500.0  130.9  -57.6  -141.2
38.8  94.0  1547.6  102.9  -29.4  -19.9
40.8  119.2  1510.4  98.0  -109.0  2.6
69.6  86.8  1516.0  7.9  -105.9  45.1
96.0  60.4  1516.8  47.0  -65.2  75.9
41.6  34.4  1500.4  11.7  -77.3  23.4
44.8  24.0  1518.0  34.3  -69.8  41.4
84.8  18.4  1511.6  24.8  -72.3  3.5
52.8  0.0  1501.2  17.0  -63.8  -10.9
46.8  34.8  1514.4  2.4  -65.4  -27.0
38.0  45.2  1512.8  6.3  -61.3  -44.4
89.6  44.0  1541.2  0.2  -64.4  -17.9
8.0  58.0  1495.2  41.3  -57.9  -51.3
40.8  51.6  1502.4  44.7  -48.2  -7.5
100.8  60.4  1526.8  59.0  -44.7  -22.7
50.8  75.2  1531.6  37.0  -75.5  -20.4
79.6  61.6  1568.0  39.1  -43.3  -10.5
75.6  52.0  1484.8  21.3  -64.3  -22.1
31.6  73.2  1541.2  13.9  -77.6  -30.8
31.2  32.0  1512.8  17.7  -58.4  19.9
72.8  26.4  1509.6  15.8  -43.9  -19.9
20.8  44.8  1491.6  -25.3  -64.5  -28.0
-9.2  48.8  1505.6  43.1  -54.8  4.3
22.0  38.8  1523.2  63.9  -58.1  18.3
88.8  37.2  1465.6  70.0  -45.8  -20.3
40.8  30.8  1500.4  39.7  -68.3  -28.1
44.0  36.8  1519.2  39.2  -70.0  -0.8
27.6  42.0  1505.2  30.9  -61.6  -17.4
49.2  23.6  1478.4  20.9  -71.8  -3.4
38.0  37.2  1538.0  20.9  -66.5  -8.2
74.0  34.8  1514.0  31.3  -79.2  6.2
52.0  31.6  1582.0  41.6  -69.3  -19.7
29.2  49.2  1514.8  27.9  -78.3  9.8
40.4  58.4  1520.8  17.9  -83.0  5.6
-4.8  72.4  1508.0  29.0  -55.2  36.9
7.2  388.8  1434.0  35.4  -36.9  9.5
-183.2  994.8  1777.2  -124.9  -21.7  96.8
-290.0  647.2  1865.2  356.2  -235.7  972.3
198.4  -94.8  1146.0  485.4  241.3  444.0
73.2  -730.0  1332.0  -722.6  472.2  -222.7
119.6  -854.0  1437.2  -62.3  25.2  34.7
-60.4  -825.2  1675.6  52.7  -288.4  -37.4
43.6  -534.0  1371.6  57.1  -512.0  -123.3
132.8  -131.6  1490.4  -104.3  -268.8  -168.6
20.8  240.8  1482.0  -42.8  103.9  -322.9
-88.4  338.0  1546.8  -155.1  -204.3  -253.3
-51.2  289.2  1428.0  118.2  -98.0  -149.5
-26.0  212.4  1614.8  -20.6  36.0  -171.8
-6.8  141.2  1538.4  190.0  -49.3  -95.6
48.8  87.6  1595.2  103.0  -44.2  -75.5
19.6  35.6  1525.2  155.6  -38.9  -13.1
-0.4  34.0  1488.4  36.1  -34.5  -12.6
74.0  44.8  1457.2  61.8  -68.4  29.8
2.8  34.4  1493.2  -21.8  -73.1  19.2
73.2  28.0  1550.0  13.1  -73.3  50.7
-4.4  28.0  1473.2  26.8  -67.4  -40.2
29.2  20.8  1548.8  31.2  -26.3  15.5
23.6  34.4  1488.8  17.8  -73.5  -24.7
-25.6  8.8  1488.8  58.1  -54.7  -30.2
5.2  22.4  1487.6  55.6  -76.2  -7.9
26.0  16.4  1520.0  35.0  -51.8  -26.6
12.8  25.6  1493.2  35.4  -55.7  -31.9
-9.6  42.0  1515.2  73.1  -44.1  -34.6
0.8  41.6  1496.4  23.3  -46.3  -27.4
43.2  50.8  1540.8  23.0  -74.0  4.4
35.6  44.0  1498.4  30.4  -44.9  -35.3
-9.2  30.8  1532.0  41.2  -50.3  4.7
42.4  26.0  1512.8  11.6  -69.3  -9.2
4.8  27.6  1504.4  -4.2  -59.8  5.9
-8.4  15.6  1478.8  -3.9  -69.3  3.7
3.2  21.2  1534.8  -17.6  -77.4  10.3
7.6  13.6  1485.6  35.5  -57.9  0.4
18.0  -16.8  1532.4  17.2  -64.0  -4.0
-13.2  0.8  1486.8  22.1  -75.5  -8.8
13.2  5.2  1550.4  35.7  -68.8  2.7
30.8  13.6  1495.2  22.2  -72.6  -17.4
-8.8  25.2  1500.4  52.5  -78.6  -4.9
16.4  2.8  1524.0  58.8  -51.4  -11.5
11.2  4.8  1485.2  21.0  -80.8  -12.6
-19.6  10.8  1530.4  42.7  -63.1  -9.0
39.6  18.0  1500.8  50.3  -62.6  -8.7
2.4  12.4  1526.8  47.9  -43.7  -4.0
10.4  4.8  1519.2  43.3  -76.8  10.7
40.0  25.2  1485.2  23.2  -55.9  5.0
21.2  9.6  1535.2  11.2  -71.4  -25.1
-8.4  22.0  1525.2  47.0  -49.6  2.1
9.2  6.0  1508.0  25.7  -57.5  7.1
30.8  23.6  1519.6  34.1  -66.3  3.4
23.6  10.4  1514.0  45.4  -46.7  -2.0
36.0  4.4  1526.0  39.6  -71.4  -11.3
-14.0  16.4  1512.0  74.8  -66.2  -12.2
23.2  5.2  1509.2  46.5  -73.4  0.7
-15.2  15.2  1494.0  25.2  -61.5  -36.8
34.8  28.0  1521.6  34.0  -72.7  -10.0
-5.2  45.6  1496.0  20.2  -80.5  -13.9
-11.2  76.4  1547.6  -2.7  -71.8  22.3
-46.4  413.2  1603.2  -48.8  -14.5  -1.1
-339.6  1020.0  1866.8  -144.9  -83.6  201.6
-240.8  631.6  1794.8  281.4  -296.5  995.4
106.0  -126.8  1086.8  277.3  83.6  521.3
350.8  -709.6  1315.2  221.7  362.3  33.6
121.2  -908.0  1554.0  -98.2  43.8  -115.9
-229.2  -826.4  1654.0  133.9  -308.3  -61.0
86.0  -477.6  1379.6  71.4  -365.3  -196.0
65.2  -88.8  1472.8  -63.9  -70.7  -373.4
-172.0  293.6  1474.0  -149.6  -76.7  -295.2
-4.0  280.0  1506.8  -142.4  -95.7  -229.8
-5.6  328.8  1509.6  -16.7  -50.2  -272.3
-87.2  310.0  1591.6  21.4  -35.7  -206.5
-104.0  220.4  1527.6  174.5  -71.2  -70.9
23.6  154.4  1548.4  188.0  -30.8  -50.5
-71.2  116.0  1550.0  84.2  -69.7  35.8
50.0  37.2  1516.8  87.6  -46.1  -7.6
-6.4  22.0  1462.8  63.6  -69.4  -12.0
6.8  25.2  1511.2  -8.4  -67.6  35.0
-8.0  49.2  1491.2  41.1  -66.0  -12.5
6.8  52.8  1541.2  -8.9  -67.7  37.7
-36.4  72.4  1495.2  23.5  -81.1  -10.9
-10.0  54.4  1523.2  -16.6  -41.3  20.1
-27.6  35.2  1493.6  53.9  -50.5  -8.3
-20.4  24.4  1502.4  38.1  -52.1  -14.2
-20.0  46.8  1522.0  55.7  -64.3  -13.0
-3.2  32.4  1502.8  31.6  -38.1  -14.5
-30.0  49.2  1515.2  27.3  -55.8  -26.4
3.2  26.8  1495.6  6.4  -61.7  -9.4
-14.4  48.8  1527.6  22.3  -61.1  -17.2
4.4  62.0  1536.0  7.5  -64.3  -10.2
-43.2  56.8  1473.2  21.7  -72.6  -19.5
-5.2  76.0  1576.4  -22.8  -68.0  -2.1
-40.8  40.4  1534.0  27.6  -61.0  27.2
10.4  14.0  1531.2  37.7  -73.0  13.8
-14.0  20.8  1511.2  26.7  -57.7  -7.6
-35.2  46.8  1499.2  23.1  -78.3  3.9
-8.0  48.4  1489.2  34.7  -65.7  8.6
-22.4  180.0  1485.6  33.2  -56.9  6.7
-163.2  634.4  1610.8  -172.4  -62.7  -11.5
-503.6  898.0  1904.8  27.0  -158.8  441.1
-97.2  258.4  1457.2  137.1  63.6  746.8
136.8  -468.8  1455.2  665.2  764.5  364.0
242.8  -921.6  1092.0  143.3  84.9  -22.6
20.4  -721.6  1485.2  209.7  -160.9  -189.1
-9.6  -441.2  1340.8  -213.0  -654.6  -42.0
-76.8  -68.8  1483.2  -347.3  -352.8  -206.1
-112.0  152.8  1680.4  -342.5  -258.8  -243.4
-42.0  138.4  1643.6  -219.3  -35.6  -150.3
-11.6  127.6  1591.6  41.1  -113.8  -174.7
34.8  138.4  1636.4  74.3  -14.0  -240.0
-31.2  167.2  1548.4  160.8  -74.9  -270.2
-118.4  152.0  1541.2  104.4  -0.1  -89.6
-24.0  125.6  1524.4  130.8  -57.2  -101.4
-69.2  89.2  1456.0  129.9  -39.2  -34.4
45.6  40.4  1505.2  73.0  -38.4  13.4
-19.2  35.6  1522.0  88.0  -48.5  -19.8
29.6  15.6  1530.4  40.0  -50.6  53.8
-24.0  25.6  1474.4  58.3  -73.7  15.5
23.2  -24.4  1530.8  16.5  -48.1  39.5
-12.0  28.0  1497.2  40.0  -74.3  -2.3
-8.8  22.4  1552.8  43.0  -59.6  20.4
-24.8  36.4  1488.4  33.3  -69.5  3.3
5.2  20.4  1513.2  8.2  -66.4  -2.5
-44.8  38.8  1496.8  57.9  -56.5  7.5
9.6  32.0  1497.2  40.7  -67.1  6.3
8.4  31.6  1496.4  31.5  -64.6  -6.5
19.2  34.0  1568.8  23.5  -69.4  -2.7
-10.0  68.4  1506.8  24.0  -52.8  1.3
-28.4  38.0  1502.0  32.2  -79.3  23.2
6.4  31.2  1459.6  45.4  -81.3  -1.6
1.6  49.6  1516.4  30.9  -69.2  -18.9
-40.8  42.8  1490.0  68.5  -76.7  -3.1
1.2  37.6  1524.8  51.5  -51.9  -3.4
-4.4  30.4  1503.6  41.3  -82.7  -15.1
-6.4  35.2  1486.8  23.0  -69.4  -5.9
12.0  30.8  1525.6  38.1  -64.9  10.7
-2.8  46.4  1495.6  17.1  -67.8  -9.8
-11.2  43.6  1537.6  24.5  -60.5  10.7
46.0  5.2  1504.8  -13.7  -91.7  -5.4
2.4  5.2  1506.0  -1.0  -68.5  -9.5
-14.4  38.8  1530.4  14.2  -66.3  -7.4
-9.2  10.8  1493.2  28.4  -66.6  9.7
-22.0  20.0  1505.2  35.7  -62.9  -1.6
6.0  1.2  1532.4  31.8  -57.6  -10.3
19.2  30.4  1541.2  0.7  -53.8  -15.3
18.0  14.4  1485.2  22.4  -77.8  -9.0
15.2  34.4  1540.0  35.8  -65.9  -9.8
-12.4  30.0  1526.8  71.9  -68.3  6.3
-14.8  28.0  1480.8  22.3  -84.5  25.0
-0.8  183.2  1538.0  7.1  -47.5  15.5
-123.2  506.8  1574.4  -0.6  -34.4  67.6
-267.2  776.0  1788.0  30.5  -80.1  401.6
-192.4  385.6  1525.6  300.6  -377.0  894.4
192.4  -314.8  869.6  275.2  395.7  592.9
292.0  -775.2  1256.8  273.8  345.1  13.2
0.8  -795.6  1565.6  16.3  8.4  -223.2
16.4  -649.2  1464.8  108.5  -312.3  -123.8
155.2  -264.4  1258.8  -133.2  -217.6  -380.3
-136.8  56.4  1484.0  -281.8  -188.1  -390.6
-158.8  266.8  1599.6  -362.8  -34.3  -207.5
-49.2  306.4  1622.4  -117.4  -51.0  -195.3
-122.4  291.2  1485.6  44.0  48.0  -194.1
10.8  196.8  1512.0  157.7  -67.1  -146.7
-46.8  135.2  1558.8  126.2  -17.3  -90.3
-4.8  52.8  1574.4  161.6  -79.3  -29.7
-50.4  51.6  1476.8  123.6  -21.4  -36.7
36.0  23.6  1484.4  79.1  -72.6  15.9
-40.8  36.0  1496.8  37.8  -70.1  -40.1
-22.4  24.4  1532.4  34.7  -67.5  20.0
-24.8  66.4  1522.4  53.2  -43.8  -12.0
-44.4  37.2  1513.2  7.6  -82.1  29.7
-1.6  55.2  1541.6  22.0  -64.4  6.9
-12.8  27.2  1489.6  15.8  -80.1  -15.6
-34.0  44.0  1522.0  27.4  -73.1  -16.8
-37.2  34.4  1485.6  60.2  -47.2  -20.8
-29.6  43.2  1509.6  32.5  -61.9  -21.9
-17.6  40.8  1486.8  49.2  -48.5  -18.2
6.4  22.4  1534.4  20.5  -76.1  -30.4
-18.8  44.0  1553.6  14.1  -76.7  -17.3
-42.0  96.8  1540.0  41.2  -52.2  -28.6
-7.6  66.0  1512.0  57.2  -71.0  3.1
-6.4  41.6  1470.4  10.8  -70.0  -10.7
-19.2  28.4  1516.0  47.2  -64.4  -4.6
-34.0  29.6  1521.6  30.3  -53.5  -2.4
18.8  39.2  1520.4  34.6  -80.8  3.9
8.8  43.2  1499.2  10.3  -67.2  0.3
-20.0  32.0  1522.4  13.3  -82.3  3.3
-38.8  29.6  1488.8  19.8  -68.2  15.7
-23.6  25.6  1500.0  -6.9  -97.8  12.2
-7.2  28.0  1517.2  -3.8  -83.0  29.1
4.8  26.4  1518.8  11.2  -62.9  18.9
-65.6  51.6  1500.4  -5.5  -84.3  48.7
0.0  121.2  1503.6  25.1  -64.9  59.4
-51.6  410.4  1535.2  -117.1  -97.2  95.2
-143.6  1004.0  1656.0  -29.1  -15.3  94.7
-318.8  512.4  1601.2  229.9  -717.9  1074.1
221.2  -321.2  1481.2  477.3  212.1  700.6
201.6  -743.2  1253.2  480.5  677.8  -219.1
63.6  -925.2  1452.8  7.3  -47.3  -247.8
-114.8  -675.2  1415.2  34.3  -529.1  -87.4
-50.4  -207.6  1469.6  -164.2  -284.9  -230.2
-86.4  134.0  1549.2  -252.9  -98.4  -190.4
46.0  194.8  1534.4  -185.0  -150.5  -198.1
74.8  238.4  1514.8  -81.8  93.6  -104.9
-11.6  159.6  1435.2  -21.8  -46.7  -343.0
48.4  190.8  1547.2  80.0  19.7  -268.9
-15.6  149.2  1568.0  69.7  -73.0  -329.0
-50.4  146.8  1594.0  136.2  -16.8  -245.6
-49.6  118.8  1535.6  34.3  -65.7  -84.1
-21.2  104.4  1492.4  30.8  -56.9  -27.2
6.0  66.0  1459.2  2.6  -59.4  -2.5
-15.6  49.2  1461.6  13.2  -46.5  -43.9
-48.0  31.2  1557.2  34.5  -76.7  -45.3
-43.6  -7.6  1432.0  86.5  -25.1  -44.1
23.6  6.4  1492.8  55.2  -42.1  -45.4
-12.4  47.2  1486.0  24.5  -68.3  -66.0
-13.2  65.6  1626.8  68.1  -82.9  -38.0
-4.4  47.2  1464.0  71.4  -61.1  -65.9
13.2  53.2  1586.8  136.6  -24.3  -40.7
-40.0  43.2  1456.4  108.0  -17.8  -37.3
-39.2  60.0  1591.6  75.4  -12.1  -2.5
-75.6  40.4  1492.4  135.5  -8.0  -31.0
24.8  33.2  1509.6  31.2  -29.8  32.9
-25.2  56.8  1517.2  49.4  -33.7  6.6
-37.6  58.8  1514.0  43.0  -37.2  39.6
-62.4  55.6  1452.8  70.9  -47.6  25.1
-50.8  68.0  1580.8  -23.9  -74.9  7.3
-54.8  77.2  1448.8  134.6  -4.5  -31.7
-17.2  104.8  1489.6  69.4  -62.5  -26.8
-92.4  97.6  1489.6  47.3  -68.6  23.1
-34.0  118.4  1531.2  33.8  -40.5  51.6
-33.6  120.4  1512.4  31.5  -58.4  25.1
-35.2  117.2  1501.2  70.9  -53.7  7.2
-65.6  137.6  1469.2  77.2  -29.2  -5.3
-56.0  177.6  1521.6  112.5  -13.1  12.1
-125.2  180.4  1474.8  124.4  -37.1  33.1
-89.6  177.6  1487.6  105.8  -33.9  48.1
-40.8  143.2  1547.2  98.6  -33.8  74.6
-75.2  136.0  1473.2  157.8  -23.2  7.8
-114.0  154.4  1472.4  149.2  -45.0  -3.2
-132.0  179.2  1535.2  77.3  -48.2  34.6
-89.6  198.0  1484.8  82.9  -54.7  38.3
-60.4  189.6  1544.0  48.9  -74.7  18.9
-49.2  200.0  1503.2  83.8  -35.7  -38.7
-61.6  227.6  1492.8  66.3  -57.6  -97.2
-54.8  228.8  1511.2  46.8  -80.2  -136.5
-106.0  246.4  1508.8  59.6  -66.2  -166.4
-113.2  226.0  1489.2  27.3  -66.1  -148.3
-76.8  211.2  1476.0  -13.7  -97.3  -159.6
-19.6  218.8  1495.6  -84.1  -158.3  -145.2
-92.4  140.8  1487.6  -58.8  -29.0  -291.0
-178.0  154.0  1484.4  28.1  -52.4  -212.0
-137.6  118.4  1422.0  -87.0  -107.2  -44.0
-40.4  121.6  1466.0  -81.3  -166.5  -129.7
-107.2  83.2  1536.8  -144.1  -87.1  -185.7
-114.0  114.4  1503.2  62.2  -109.8  -39.8
-71.2  126.0  1516.0  79.3  -149.7  85.0
-136.4  396.8  1496.8  131.4  -185.7  70.5
-381.6  1011.2  1757.6  12.3  -274.9  303.0
-568.0  1156.4  1674.4  303.4  -485.3  1142.9
-38.4  132.0  1267.2  -13.7  -39.9  1312.8
532.0  -651.6  1014.8  211.3  720.5  311.6
75.6  -1018.8  1363.6  -397.0  -141.4  264.0
-4.4  -938.0  2011.2  -176.7  -573.3  -5.4
35.2  -546.4  1465.6  70.2  -410.2  -113.0
57.2  -36.0  1496.4  -217.8  -256.6  -259.0
10.4  338.0  1563.6  -215.7  -226.8  -118.1
224.4  306.0  1642.0  -109.9  20.5  -200.4
92.0  230.4  1514.0  212.8  145.4  -276.2
67.6  321.6  1443.2  109.3  60.2  -298.8
44.8  248.4  1558.4  151.5  -12.4  -281.2
-34.8  230.0  1545.6  146.2  99.0  -74.9
53.2  199.6  1563.6  125.7  10.6  54.8
50.0  134.4  1508.4  112.7  58.2  84.1
114.8  95.2  1512.8  85.7  2.4  110.4
20.0  84.0  1471.2  96.1  47.3  65.5
38.4  90.8  1525.2  68.9  -5.4  81.0
-21.2  82.4  1509.6  25.8  2.7  97.6
38.8  93.2  1511.2  -7.2  -28.5  144.2
-22.0  90.8  1464.0  -11.2  -16.6  130.9
-43.2  121.6  1565.2  -15.9  -49.6  167.9
8.4  88.0  1488.4  0.7  -32.1  137.0
-25.2  120.8  1538.8  -7.1  -19.4  115.7
0.0  87.6  1487.2  -37.1  -31.7  167.8
-21.2  90.8  1553.6  -31.6  -27.3  215.3
40.4  56.8  1500.0  -99.6  -36.1  278.2
24.0  99.6  1555.2  -14.7  37.9  172.3
10.4  61.6  1486.0  -17.3  10.6  139.8
-20.4  84.8  1604.8  -184.0  -107.1  109.7
-48.0  64.0  1525.2  0.0  40.7  -67.7
-122.4  66.8  1438.4  242.1  27.8  -137.2
-152.4  67.6  1484.4  280.6  39.5  -142.5
-76.0  77.6  1444.4  364.4  76.2  -173.7
-114.8  112.8  1466.8  212.2  2.8  -97.6
-124.0  156.8  1427.6  138.8  11.7  -66.0
-46.4  178.8  1521.6  -4.0  -62.8  -12.6
-132.4  162.0  1540.8  91.1  -43.0  -39.7
-2.0  154.0  1522.0  168.9  24.9  -84.1
-135.2  198.4  1490.8  191.9  -22.2  -134.8
-98.4  185.2  1560.8  40.8  -91.2  -36.3
-83.6  184.4  1513.6  121.6  -50.1  -66.4
-148.8  162.0  1467.2  162.5  -17.3  -92.2
-201.6  176.8  1346.4  55.9  -56.0  19.1
-77.2  218.8  1522.0  -108.9  -90.1  38.2
-161.6  194.4  1469.6  -99.8  -134.5  61.1
-61.6  173.6  1576.8  -109.5  -111.6  41.8
-93.2  145.6  1507.6  56.6  -81.9  -30.4
-122.0  140.0  1522.4  12.5  -80.0  -21.8
-108.0  134.8  1550.4  15.4  -102.2  29.4
-94.4  86.4  1476.4  -8.0  -91.9  38.0
-88.4  116.4  1521.6  -4.5  -100.5  -11.5
-140.8  144.8  1472.0  50.7  -99.5  -27.0
-136.8  240.0  1442.0  -79.2  -162.8  99.3
-7.6  491.6  1448.0  -161.2  -127.4  123.7
-22.8  1011.2  1675.6  -379.5  -394.5  214.6
-121.2  844.8  1840.8  20.0  -596.3  645.6
18.0  -54.0  1136.4  89.1  -208.9  516.9
34.0  -691.6  1416.8  84.4  217.4  406.9
-96.0  -899.6  1492.8  -12.3  194.8  -178.9
51.6  -844.8  1379.6  -42.0  -360.4  -116.1
111.6  -613.2  1398.4  -128.6  -506.9  -174.7
31.2  -83.2  1554.4  -216.3  -363.5  -425.8
-38.4  271.2  1701.6  -220.7  -168.9  -385.6
52.4  340.4  1466.8  -116.3  -156.9  -113.7
173.6  343.6  1591.6  -104.6  -67.6  -45.2
185.6  220.4  1518.8  113.7  -73.1  -133.0
121.2  140.8  1604.8  59.1  -72.4  -125.5
136.8  90.0  1604.0  164.1  -70.4  -83.9
172.4  42.0  1555.6  104.5  -34.3  35.3
239.2  25.2  1558.0  129.6  -2.1  -21.4
103.2  14.8  1506.4  80.6  -8.3  -38.5
110.4  -1.6  1483.2  55.1  -20.8  19.5
70.0  17.6  1531.2  89.0  -11.5  -24.2
140.8  0.0  1531.6  124.5  -6.3  0.3
124.4  31.2  1447.2  58.4  -36.6  -49.3
150.4  40.4  1549.2  -0.8  -65.1  -11.1
135.6  14.4  1484.0  21.2  -61.8  -23.9
78.8  16.0  1479.2  22.2  -89.6  -16.7
92.4  48.4  1522.0  26.2  -59.5  -21.9
79.2  50.0  1533.2  -9.1  -74.8  24.8
152.8  6.8  1499.2  14.3  -55.8  -1.7
115.6  10.0  1534.0  41.2  -64.3  -35.7
152.4  -9.6  1468.8  5.3  -88.9  -31.7
98.0  31.6  1496.8  6.5  -106.2  -23.5
119.2  25.6  1508.0  11.8  -79.0  9.2
111.2  51.2  1505.6  23.3  -96.7  -4.1
122.8  204.4  1540.8  -2.1  -77.2  9.3
96.8  633.2  1649.6  -89.7  -90.7  -24.4
-244.8  854.8  1869.6  228.3  -120.9  354.0
-4.8  114.0  1428.4  599.5  127.0  656.5
212.0  -591.6  1198.8  289.9  706.4  212.5
260.8  -854.8  1358.0  33.4  125.0  122.9
-13.2  -793.6  1691.6  -44.0  -222.1  -101.3
173.6  -482.4  1320.0  -88.7  -445.7  -128.1
142.8  -24.8  1455.6  -455.2  -411.1  -290.9
139.2  192.4  1696.4  -289.4  -149.9  -293.1
22.4  140.4  1577.2  -192.2  -84.1  -228.6
110.4  189.6  1592.8  1.2  -99.3  -155.3
42.4  140.4  1490.0  223.2  87.0  -177.0
94.4  167.6  1428.4  142.6  -54.8  -210.6
38.0  150.0  1514.0  13.6  -70.8  -72.5
104.8  99.6  1460.0  64.1  -42.9  -31.5
67.6  86.8  1523.2  23.7  -82.9  45.3
139.6  6.8  1517.2  67.7  -38.4  62.9
92.4  7.6  1536.8  59.8  -65.4  5.5
128.8  7.2  1501.6  196.3  9.6  -17.1
92.8  93.6  1455.2  177.0  -18.5  -42.0
79.6  737.2  1313.2  103.5  -55.4  -204.3
-473.2  1197.6  2038.8  -66.6  25.1  187.9
17.2  300.4  1650.8  715.9  -181.5  716.2
309.6  -570.4  1310.4  496.3  724.6  142.4
163.6  -758.0  1837.2  45.0  14.0  117.6
-40.4  -605.2  1518.4  222.7  25.6  -173.1
66.4  -259.6  1253.6  -60.1  -308.7  -25.0
-20.8  178.0  1363.2  -371.0  -360.8  -127.2
70.4  348.8  1590.4  -430.7  -346.4  24.1
278.4  182.8  1728.8  -252.7  -94.9  -163.2
41.6  225.2  1571.6  -75.7  -133.4  68.5
57.2  177.6  1562.0  21.8  -47.7  21.3
111.6  46.8  1633.2  164.4  4.8  0.2
176.4  -60.4  1567.2  255.4  38.1  -145.8
152.4  -42.0  1520.4  210.8  -29.6  -197.9
67.6  -3.6  1451.6  61.7  -88.7  -241.7
-28.4  110.4  1529.6  -30.2  -55.6  -213.4
-83.2  202.4  1428.4  -130.9  -113.7  -69.3
-46.4  177.2  1448.8  -127.8  -65.5  -8.1
-6.8  189.6  1498.0  -51.5  -76.6  -57.2
38.0  198.0  1538.0  22.3  -42.9  -48.9
10.4  137.2  1557.2  89.2  -40.2  -60.9
52.8  78.8  1491.2  103.3  -42.9  15.2
37.6  52.4  1492.8  44.7  -42.1  -4.0
88.8  62.8  1522.0  22.8  -47.9  54.8
54.8  58.0  1503.2  41.6  -16.7  -12.0
60.8  94.4  1563.6  13.8  -52.5  40.5
70.0  98.0  1547.2  39.0  -64.5  6.6
84.0  80.0  1555.6  49.0  -53.4  13.5
37.2  94.4  1538.0  73.9  -73.2  -16.5
16.4  94.4  1549.2  75.8  -34.8  -14.2
30.4  104.8  1560.4  95.9  -16.0  -6.6
-11.6  122.8  1518.4  116.1  -23.8  -17.7
-26.4  126.4  1439.6  118.0  -45.1  10.0
62.4  108.4  1403.2  -11.6  -57.7  29.9
53.2  105.2  1499.2  -75.9  -108.0  42.5
-10.4  118.0  1559.2  -3.3  -70.9  25.5
28.4  119.2  1537.6  15.6  -84.2  7.3
11.2  111.6  1528.4  31.6  -81.1  3.6
26.8  75.2  1480.8  1.7  -80.5  14.4
28.8  95.2  1550.4  -5.4  -90.9  -6.1
28.4  68.8  1490.4  49.9  -50.4  -18.4
-9.2  62.4  1531.2  28.8  -45.5  -5.1
20.0  102.0  1537.2  26.2  -42.1  -2.5
24.0  87.2  1534.8  0.0  -28.9  -1.5
24.0  74.8  1525.6  6.3  -33.8  76.7
42.8  83.6  1568.8  89.1  -6.2  3.5
32.8  78.0  1504.0  74.8  -35.5  -27.7
-5.6  78.4  1534.0  93.0  -8.2  -64.6
89.6  59.2  1524.4  15.5  -39.7  18.4
-42.4  93.2  1518.4  74.1  -36.5  -111.1
-19.6  86.0  1496.0  -6.6  -90.1  -10.6
-26.8  114.0  1514.8  14.8  -58.6  -111.4
-0.4  129.6  1513.6  55.4  -46.3  -110.0
0.8  79.6  1479.2  73.0  -45.2  -174.5
-75.6  107.2  1499.2  49.1  -58.4  -132.5
-30.4  108.8  1494.4  53.9  -66.6  -113.6
-34.8  106.4  1492.0  49.7  -50.2  -83.3
-88.4  102.0  1522.0  49.4  -43.2  -104.1
-12.8  92.4  1486.4  48.7  -82.6  -31.7
-52.4  126.8  1537.6  -8.2  -71.8  -82.2
28.4  87.6  1505.2  -5.4  -40.4  -6.5
-26.4  84.4  1504.0  1.7  -90.0  -113.9
18.0  66.8  1464.0  33.6  -107.6  -71.8
-1.2  106.4  1550.8  -59.9  -113.5  -147.2
1.2  101.2  1498.8  40.5  -82.3  -115.2
-33.2  145.2  1528.0  9.0  -105.7  -33.5
54.0  500.4  1533.6  255.6  -94.8  -2.8
-434.8  1172.0  1670.8  102.4  -302.7  163.9
-185.2  676.8  1733.2  298.4  -629.1  1093.5
179.6  -173.6  948.8  -74.0  318.7  512.9
160.8  -487.2  1612.0  90.8  488.1  187.4
78.0  -692.0  1650.0  12.7  104.9  -124.7
13.2  -588.4  1330.8  5.1  -132.1  -203.9
17.2  -241.6  1422.8  -217.4  -404.6  -217.4
-4.4  -6.4  1612.0  -318.3  -379.1  -374.6
-14.8  138.4  1578.8  -95.2  -65.4  -201.9
-40.0  242.4  1539.2  -15.3  -77.7  -281.3
89.6  211.2  1605.6  17.5  -116.8  -142.3
65.2  156.4  1420.8  104.1  -56.6  -304.4
51.2  129.6  1606.0  4.0  25.8  -241.6
76.0  144.4  1482.0  98.3  -37.5  -183.5
18.0  164.4  1519.6  53.9  -19.3  -207.2
93.2  127.6  1510.0  78.6  -52.0  -105.8
8.4  96.0  1532.0  82.1  -26.2  -166.9
48.4  104.0  1521.6  56.2  -54.7  -65.3
40.8  119.6  1522.0  71.4  -3.7  -73.1
45.6  80.4  1492.0  47.1  -45.8  19.9
43.2  103.2  1515.6  16.8  -63.2  11.3
36.0  94.8  1518.8  -0.2  -54.8  33.9
42.8  100.8  1515.6  9.8  -68.7  64.1
80.8  28.0  1529.6  -16.3  -53.9  50.7
100.0  64.0  1565.6  23.5  -46.7  11.9
-76.8  84.8  1486.0  117.6  -21.9  -26.1
2.8  61.6  1478.8  7.0  -65.7  59.4
25.6  98.4  1506.4  48.2  -67.0  2.6
38.8  82.0  1497.6  37.5  -65.1  23.6
22.8  71.2  1533.2  54.8  -74.9  7.5
62.4  58.4  1530.0  12.2  -63.3  43.0
25.6  66.4  1510.4  37.9  -95.9  4.5
30.4  28.0  1530.0  39.2  -67.6  76.2
38.0  71.6  1490.8  71.6  -65.5  -11.5
55.2  76.4  1516.8  63.3  -66.6  6.7
-22.0  92.4  1488.8  37.6  -66.2  12.2
31.2  90.0  1529.6  31.8  -73.9  48.2
63.6  91.2  1540.0  11.7  -95.2  41.8
97.6  73.2  1516.4  61.8  -54.2  25.3
69.6  70.8  1471.6  21.5  -55.2  5.6
-10.8  99.6  1526.8  -10.9  -76.8  20.1
22.4  113.6  1474.8  -2.5  -26.6  67.1
10.4  146.0  1478.8  17.9  -49.8  92.4
63.2  302.8  1446.4  -62.2  -109.0  121.7
48.4  714.8  1559.6  -116.4  -174.8  180.1
-218.4  1106.0  1684.8  -16.1  -627.7  624.2
-46.8  340.4  1560.8  296.8  -568.4  891.2
220.8  -502.8  1194.0  33.2  942.2  101.4
155.2  -885.6  1520.0  -10.1  344.5  -7.4
-122.8  -1008.4  1656.0  146.1  -89.2  -144.9
14.8  -578.0  1244.0  67.8  -447.9  -72.0
21.6  -120.0  1524.4  -220.1  -385.1  -88.3
-6.4  242.0  1615.6  -195.6  -340.6  -194.0
90.4  282.4  1538.8  -53.9  -247.5  -120.6
182.4  239.6  1449.6  154.5  146.7  -264.1
110.4  228.0  1451.2  63.6  69.1  -330.1
-0.4  181.2  1485.6  100.3  52.5  -255.4
108.4  238.4  1526.0  -49.6  -46.2  -213.9
0.0  184.4  1540.8  84.8  14.6  -170.7
32.4  132.0  1496.0  37.5  -49.7  -32.0
60.8  95.6  1505.6  104.9  -26.8  -67.6
60.4  89.2  1530.4  67.9  -8.8  -51.0
67.6  73.6  1514.0  64.7  -49.0  -18.1
29.6  76.8  1515.2  60.1  -15.4  -27.0
38.0  98.4  1526.8  24.7  -62.9  18.1
70.4  59.6  1475.2  61.9  -24.7  -22.8
8.4  64.4  1469.6  -18.6  -81.0  -5.2
25.2  76.8  1532.4  38.5  -62.7  2.9
-25.6  76.8  1504.8  21.1  -58.4  -4.3
3.6  70.4  1526.8  43.4  -55.7  -9.4
48.0  57.6  1508.8  38.7  -61.5  -18.4
17.2  38.8  1468.4  44.6  -52.6  -49.0
20.4  49.6  1533.6  0.7  -79.1  0.1
20.0  86.8  1514.8  67.5  -35.9  -36.4
76.4  61.2  1520.0  7.0  -72.9  -7.0
27.6  63.6  1529.2  15.4  -48.0  -46.0
15.2  68.4  1532.8  23.7  -72.6  -39.8
-35.6  80.0  1482.8  32.0  -58.9  -16.9
31.6  70.0  1518.4  -7.1  -79.8  30.3
53.2  42.8  1485.6  14.1  -48.1  -7.6
16.4  60.4  1516.0  24.0  -66.3  -10.1
26.8  52.8  1512.4  4.7  -74.0  2.7
29.6  54.8  1487.6  38.1  -56.1  -10.5
32.4  32.0  1488.0  13.2  -71.1  -29.0
20.8  37.2  1511.2  39.8  -67.7  -25.0
60.8  40.0  1504.8  26.8  -67.8  -29.7
20.4  60.0  1536.8  29.7  -71.4  -26.2
62.0  32.0  1488.4  44.5  -78.7  -24.9
35.6  68.0  1487.6  12.0  -60.6  -65.5
-6.8  60.0  1494.0  38.1  -73.0  -18.4
7.6  62.4  1528.4  2.8  -46.2  -16.3
49.6  47.2  1504.8  37.3  -62.9  4.3
35.6  44.4  1515.6  20.6  -75.9  -9.5
56.0  32.0  1496.8  33.2  -59.4  25.5
30.0  46.4  1526.4  27.1  -58.0  -26.2
56.8  42.8  1512.0  23.8  -78.0  9.7
22.4  51.2  1513.2  22.4  -83.1  -7.4
37.2  330.8  1389.2  2.3  -63.5  -62.7
-89.6  932.8  1712.4  -287.1  -155.5  30.6
-189.6  744.4  1809.2  199.2  -789.0  649.2
47.6  -36.4  1254.8  306.3  -50.8  710.3
-11.2  -741.6  1649.2  390.7  970.8  547.0
263.2  -874.4  1312.4  112.8  297.4  103.6
89.2  -820.4  1372.8  -24.6  -127.1  -58.5
102.0  -428.4  1388.4  -89.3  -360.8  -203.5
-8.8  -28.4  1569.2  -209.9  -145.1  -345.5
-12.8  174.8  1550.8  -132.1  -284.9  -330.5
77.2  209.6  1600.4  -56.6  -11.4  -339.4
43.6  240.4  1529.2  109.2  115.5  -419.2
-79.6  234.4  1556.0  4.4  -31.5  -211.0
9.6  195.6  1524.8  170.5  -35.6  -87.9
22.4  140.8  1502.4  58.1  -40.9  -39.2
53.6  103.2  1496.0  115.8  -14.1  -40.6
59.2  93.6  1530.8  -9.3  -73.5  -13.0
19.2  67.6  1517.6  116.2  -29.9  -15.1
69.2  40.0  1519.6  -13.2  -81.9  19.1
54.8  29.2  1484.0  66.0  -46.5  3.0
42.4  0.8  1534.4  -13.0  -76.8  22.7
35.2  31.2  1471.6  19.7  -68.1  13.6
-8.0  33.2  1517.2  20.1  -64.7  7.5
14.8  38.0  1497.6  38.0  -76.4  -9.9
-20.0  27.2  1520.0  50.1  -56.8  -3.0
55.2  18.0  1496.8  50.6  -48.3  -21.1
23.2  50.4  1501.6  43.5  -54.6  -41.9
20.4  48.4  1536.0  26.1  -32.4  -31.0
42.8  32.4  1516.0  43.7  -47.8  -23.5
12.4  43.2  1498.8  -0.7  -46.1  -59.0
15.6  43.6  1516.8  20.6  -58.5  -6.9
24.0  36.8  1504.4  7.5  -69.3  3.5
12.8  27.6  1535.2  -3.8  -49.8  -2.6
9.6  40.0  1489.2  22.0  -81.4  0.4
-4.0  34.0  1488.0  39.6  -64.7  -10.5
26.4  21.6  1499.2  33.9  -69.6  -2.7
16.0  19.2  1535.2  44.1  -50.2  -22.0
15.6  -5.6  1516.8  62.0  -45.0  -42.9
-24.4  17.2  1472.4  53.6  -56.5  -10.3
13.2  20.8  1523.6  27.7  -76.2  -9.4
-25.6  43.6  1495.2  55.3  -41.4  -15.7
18.0  42.8  1516.4  23.7  -79.2  -7.0
-17.2  26.8  1517.6  38.2  -48.9  -13.4
-2.8  36.0  1508.8  48.3  -49.0  12.7
53.6  33.6  1510.0  18.1  -70.6  11.0
41.6  28.4  1495.6  28.2  -67.5  -4.2
17.6  49.2  1524.4  42.3  -53.9  -36.1
6.4  50.0  1506.8  45.7  -69.0  -7.0
-32.4  38.0  1458.0  49.9  -64.9  -7.4
12.0  36.0  1509.2  7.3  -99.4  -3.2
-7.2  50.4  1580.8  77.7  -56.8  -7.4
60.0  22.8  1497.2  26.4  -51.4  8.8
20.0  16.0  1512.0  0.8  -85.5  -17.3
-12.4  34.4  1515.2  25.3  -55.1  -15.5
24.4  49.6  1505.2  48.3  -58.1  -8.1
7.2  175.6  1464.4  25.9  -58.2  -20.5
-26.0  882.4  1550.8  -70.8  18.7  -159.0
-376.4  840.4  1836.0  203.3  -125.0  477.8
-36.0  64.8  1416.8  224.1  -532.3  984.2
42.4  -411.2  1497.6  -90.6  739.1  471.1
164.0  -756.4  1460.0  249.2  58.5  327.5
168.4  -774.4  1527.6  208.2  116.5  -115.2
79.2  -464.0  1335.6  33.0  -297.3  -221.7
-37.2  -62.4  1408.0  -253.1  -274.0  -337.1
-40.4  227.2  1620.8  -257.1  -241.4  -267.6
-48.0  329.2  1602.8  -47.4  -62.1  -261.3
8.4  178.0  1529.2  -11.9  26.8  -223.9
-23.6  163.6  1475.6  70.9  9.5  -245.9
-8.8  140.8  1598.0  71.9  -14.7  -131.1
-66.8  114.0  1431.2  153.3  -22.1  -176.3
-26.4  76.8  1536.4  93.6  -41.6  -32.3
-46.0  63.6  1495.6  115.9  -44.1  -84.7
-1.2  82.8  1496.4  85.0  -40.5  -73.6
0.8  79.2  1504.4  76.7  -11.3  -85.4
-72.8  100.0  1511.2  38.3  -25.8  -61.4
-3.6  91.6  1531.6  76.5  -66.7  -1.3
-64.4  80.8  1462.4  16.9  -71.9  -1.0
-25.6  73.2  1536.0  35.4  -55.3  2.6
-51.2  59.6  1493.6  31.1  -54.2  1.9
-36.8  60.8  1498.4  42.8  -69.6  -13.6
-30.8  47.6  1497.2  10.3  -56.6  -21.6
-58.8  71.2  1525.2  45.8  -59.0  -14.9
-2.8  40.0  1446.8  3.8  -49.2  -13.6
-59.6  69.6  1533.2  2.7  -65.2  -14.0
-28.0  28.4  1484.8  14.9  -52.0  23.7
4.0  65.6  1530.0  -4.8  -76.3  -18.8
-7.6  41.2  1541.6  18.9  -71.7  -20.0
-44.8  57.2  1509.6  8.3  -70.5  -28.7
-46.4  44.4  1504.0  30.0  -63.6  -16.5
-28.4  32.8  1494.0  15.1  -63.0  -1.1
-21.2  36.8  1528.0  14.3  -64.3  -7.9
-51.2  44.4  1498.8  17.1  -72.6  -18.1
0.4  16.0  1507.6  28.8  -98.0  -1.3
-9.2  25.2  1539.6  -9.8  -76.7  -46.7
-14.4  22.8  1497.6  50.2  -69.9  -50.1
-46.4  30.8  1522.0  19.8  -73.4  1.0
-5.6  38.4  1504.0  32.8  -83.3  -31.4
-49.6  44.0  1560.4  -5.2  -53.1  -24.7
5.2  38.0  1497.2  5.2  -112.1  16.9
-7.2  19.6  1549.2  14.5  -60.5  4.3
-18.8  18.4  1485.2  -14.4  -94.9  11.9
-20.0  100.4  1485.6  45.0  -66.4  11.0
13.2  458.0  1447.6  -25.8  -99.1  -104.1
-305.6  916.8  1887.6  -117.6  -163.5  158.8
-473.6  527.2  1785.2  312.1  -969.5  811.8
-102.0  -132.8  1251.6  355.7  50.4  942.7
126.8  -830.0  1288.0  -149.5  1032.7  257.7
234.8  -996.0  1448.4  38.9  -9.6  128.0
76.8  -862.4  1581.2  24.3  -258.2  -78.8
68.4  -441.6  1443.2  -58.4  -359.9  -182.7
-56.4  -19.2  1465.6  -246.3  -202.1  -380.4
-145.6  260.8  1679.6  -281.0  -240.7  -228.4
16.0  254.8  1606.0  50.4  -4.9  -368.7
41.2  238.4  1579.6  122.9  74.6  -243.3
-45.2  166.0  1436.0  135.4  21.2  -298.3
-59.6  130.0  1516.0  199.4  6.0  -152.0
10.4  78.4  1490.4  133.6  -1.2  -157.3
-76.0  101.6  1499.6  133.2  -37.0  -89.5
11.2  81.6  1496.8  62.5  -43.3  -54.0
-34.0  69.2  1530.0  72.3  -24.4  -76.4
14.4  46.0  1509.6  14.6  -61.1  -9.1
-0.4  56.8  1508.0  16.3  -63.4  23.1
-38.4  68.4  1543.2  16.4  -79.8  22.6
6.0  38.0  1494.8  7.3  -72.2  20.0
-49.6  47.2  1540.8  21.5  -65.5  -12.9
-23.2  2.4  1492.0  34.1  -33.4  -7.6
-29.2  46.8  1524.0  33.4  -64.0  -8.0
-20.4  10.0  1521.6  76.7  -55.2  -20.1
-49.2  24.8  1519.2  21.0  -55.8  -29.6
9.2  0.4  1520.4  27.8  -55.6  -11.4
14.0  41.6  1493.6  -7.7  -62.5  -37.5
4.8  31.2  1492.0  37.7  -70.1  -16.8
-46.0  36.4  1492.8  -11.1  -74.1  -15.3
0.0  51.6  1505.2  34.2  -66.1  -13.2
-42.4  45.2  1506.0  38.5  -63.5  -35.8
-64.8  43.6  1529.2  47.2  -64.8  -1.9
-14.0  4.8  1472.8  44.5  -26.7  -0.7
30.4  -1.6  1510.8  35.5  -76.3  -24.4
-82.0  29.2  1520.0  54.1  -60.5  -38.9
-7.6  50.4  1493.2  34.7  -66.5  17.9
11.2  5.2  1496.4  29.9  -56.6  -10.2
-50.0  38.0  1515.6  17.6  -64.2  -38.1
-46.8  48.0  1516.8  67.2  -46.4  -0.5
50.8  22.8  1469.2  67.8  -65.2  1.6
-7.6  16.4  1540.8  22.4  -58.2  -23.5
-16.0  18.0  1529.2  19.7  -82.3  -9.0
-0.4  18.8  1516.8  0.2  -76.4  10.1
-21.2  14.4  1484.0  27.3  -68.6  -11.9
-26.4  16.4  1489.6  20.8  -63.4  -26.9
-38.0  27.6  1480.8  15.4  -49.6  -20.0
-12.0  25.6  1533.6  47.1  -69.1  -2.4
-29.6  23.2  1498.8  30.8  -56.2  -12.6
-12.4  10.0  1512.8  12.7  -78.3  -11.5
-18.4  20.4  1549.2  27.4  -71.8  -22.6
-36.0  28.0  1490.8  4.5  -94.8  -1.4
-14.4  30.8  1509.6  35.0  -53.2  17.8
-18.0  122.8  1470.0  68.8  -67.0  27.2
-53.2  642.8  1498.8  -89.8  -24.3  -39.3
-429.2  975.6  1843.6  156.9  -118.1  267.5
-387.6  368.4  1542.8  286.6  -691.3  936.7
166.0  -500.0  1293.6  -149.7  428.7  515.9
201.2  -852.0  1259.6  556.8  645.2  280.6
86.0  -874.8  1862.8  29.6  -179.6  -38.1
21.2  -494.4  1360.4  116.0  -193.8  -188.0
-18.4  -166.8  1342.4  -195.3  -363.1  -280.1
-83.6  223.2  1494.0  -303.6  -275.0  -394.9
-40.8  308.4  1640.8  -191.5  -81.9  -260.4
-94.8  283.6  1521.6  -6.7  20.8  -284.2
-114.0  243.6  1500.4  88.6  -35.8  -160.7
9.6  176.0  1522.4  145.9  8.5  -128.6
-50.8  124.0  1484.8  93.6  -20.9  -134.1
-28.8  81.6  1535.6  115.1  -35.6  -100.0
14.4  29.2  1505.2  94.6  -12.9  -48.5
-32.4  26.0  1491.2  75.3  -38.9  -44.5
-8.0  55.6  1525.2  45.8  -32.8  -46.8
-48.8  64.8  1522.4  51.1  -67.1  -30.6
-10.8  66.8  1543.2  -4.0  -74.1  6.4
-53.6  85.6  1521.2  -1.4  -67.2  -34.1
-75.2  64.0  1527.6  17.0  -77.6  6.7
-59.6  48.4  1480.4  16.7  -67.4  -2.7
-79.2  41.2  1519.6  36.1  -58.9  -16.4
-22.4  24.8  1499.6  31.2  -64.5  -4.9
-22.0  34.4  1531.2  17.9  -69.4  -32.6
-22.0  24.8  1524.8  40.2  -27.0  -21.1
-24.4  52.4  1490.8  37.5  -55.4  -19.3
-52.8  67.2  1495.6  39.9  -75.7  -6.4
-35.2  67.6  1492.4  21.4  -56.8  -10.9
-28.4  71.6  1544.4  32.3  -68.5  -12.8
-24.4  57.6  1523.2  34.5  -63.2  -10.7
-52.0  59.6  1543.2  29.9  -60.9  -14.2
-51.6  36.4  1526.8  35.2  -63.0  10.1
-28.4  34.8  1505.2  18.8  -74.9  4.5
-30.4  42.0  1512.8  31.3  -68.2  -1.4
-15.6  46.4  1512.0  33.3  -72.4  10.5
-49.2  48.0  1539.2  25.4  -58.6  -35.1
-60.8  38.4  1504.8  12.5  -85.3  3.3
-21.2  36.8  1498.8  42.6  -73.8  -13.9
-41.2  63.6  1529.6  5.1  -84.9  -28.0
-32.4  154.0  1548.0  12.0  -85.8  -7.7
-71.6  752.4  1551.2  -36.8  19.0  -94.0
-399.6  943.2  1953.6  9.2  -164.4  410.0
-88.8  224.4  1590.8  369.5  -826.0  901.8
146.0  -560.0  956.4  35.3  391.3  228.8
159.6  -743.6  1458.0  211.8  416.9  138.1
25.6  -696.0  1811.6  144.6  50.0  68.1
178.0  -481.2  1396.4  67.8  -66.7  -99.3
-18.8  -5.2  1356.0  -134.2  -301.1  -292.4
-64.0  224.8  1574.8  -188.4  -175.1  -334.5
-116.8  332.4  1504.4  -69.6  -108.2  -362.4
-65.6  242.4  1544.8  -26.4  -21.4  -204.2
-88.0  228.8  1502.4  25.9  -102.2  -182.0
-6.4  201.2  1602.8  29.3  -0.5  -180.4
-75.2  136.8  1505.6  124.5  -69.9  -139.0
-84.0  156.0  1500.0  86.2  -76.5  -64.5
-22.8  122.8  1428.4  81.4  -37.6  -38.1
-8.0  112.0  1515.2  57.5  -38.2  -24.4
-23.6  140.0  1463.2  59.8  -33.6  -12.8
-59.2  119.6  1488.4  23.1  -70.0  16.4
12.8  106.0  1524.8  7.2  -59.5  24.6
-35.2  86.8  1503.2  51.5  -61.4  1.5
-42.4  79.6  1543.6  -22.8  -68.1  14.2
-26.0  60.0  1471.2  19.2  -66.4  1.4
-71.2  66.0  1495.2  24.4  -73.7  -16.9
-49.2  73.6  1502.8  35.8  -59.9  -8.4
-42.0  66.4  1469.2  39.1  -56.3  -27.3
-40.8  71.6  1493.6  48.9  -48.6  -11.8
-59.6  68.8  1495.6  12.3  -61.2  -28.9
-39.2  94.0  1532.0  67.0  -50.9  -6.5
-24.8  91.6  1529.6  34.8  -43.6  -7.0
-42.0  87.2  1514.8  38.9  -81.6  -10.6
-28.8  116.4  1515.6  23.2  -64.2  -10.6
-16.8  89.6  1488.0  23.3  -78.4  3.2
-53.2  84.0  1490.4  21.1  -73.3  -14.9
-44.4  78.0  1513.2  29.0  -68.8  11.1
20.8  26.8  1503.6  7.9  -71.5  25.3
-24.8  63.6  1516.8  5.6  -74.4  -25.2
-38.4  80.0  1522.0  39.4  -56.2  -26.8
-67.6  76.0  1529.2  27.7  -78.0  0.8
-8.8  73.6  1480.0  33.0  -71.2  -7.0
-82.4  118.4  1512.0  60.9  -53.6  -12.5
-35.6  99.2  1522.4  83.5  -66.8  7.2
-36.4  85.2  1462.4  28.8  -66.8  20.0
23.2  77.6  1524.4  14.1  -72.8  9.4
-39.2  55.6  1510.0  32.1  -65.7  -50.9
-45.2  100.8  1515.2  18.3  -52.5  -2.5
-33.6  77.2  1510.4  27.4  -52.8  -8.8
-34.0  74.4  1509.2  21.7  -69.3  -10.1
-18.4  78.4  1524.4  45.4  -56.0  -9.8
-16.4  53.6  1478.8  39.5  -54.4  -11.5
-25.6  88.8  1560.8  18.5  -64.3  -2.2
-16.8  71.6  1483.6  28.8  -76.9  -14.8
-68.4  80.0  1556.8  21.4  -77.4  -5.7
-3.6  76.4  1506.4  32.8  -57.4  2.5
-1.6  64.0  1493.6  13.7  -96.7  -12.5
-50.8  74.0  1456.8  16.9  -88.0  -21.9
-8.8  151.2  1471.6  49.9  -69.4  -18.2
-61.2  741.6  1462.0  -83.9  0.1  -128.4
-313.2  915.2  1894.8  101.1  -71.7  293.0
-284.8  421.2  1518.0  346.4  -560.8  782.5
-6.4  -318.4  1252.8  62.0  141.6  597.7
340.8  -868.4  1090.0  346.2  617.3  320.2
82.4  -839.6  1563.6  -75.8  -276.9  18.1
48.4  -647.6  1454.4  -54.5  -245.3  -72.9
53.2  -332.8  1548.4  -137.6  -307.8  -292.3
-106.4  254.8  1535.6  -324.0  -238.9  -463.9
-69.6  243.6  1643.6  -91.7  10.5  -286.0
-32.0  344.8  1506.4  -110.5  -99.6  -265.7
-88.0  350.0  1531.2  62.2  -39.3  -188.1
13.2  219.6  1524.8  87.2  -68.2  -168.3
-78.0  189.6  1542.4  141.8  3.0  -119.5
-7.2  130.4  1521.6  148.0  -46.7  7.2
10.8  101.6  1510.0  105.7  -28.7  -57.6
10.4  63.6  1472.8  102.4  -28.4  -19.2
38.8  58.8  1481.6  40.5  -43.4  4.4
21.6  78.0  1537.2  39.6  -59.4  2.1
-55.2  101.6  1502.0  55.0  -48.7  12.3
48.0  92.4  1521.6  50.4  -47.6  -6.6
-35.6  76.0  1497.2  32.2  -69.8  -7.9
2.4  81.6  1500.8  30.9  -43.3  13.7
-36.4  91.2  1490.8  8.5  -76.7  -25.5
3.2  72.4  1503.2  18.8  -58.8  -2.4
-37.2  82.0  1514.0  27.7  -69.6  -13.9
-1.6  80.0  1510.8  36.1  -67.5  -11.4
-20.0  81.2  1526.0  32.3  -47.3  -41.5
10.0  66.4  1487.6  36.5  -69.3  -31.3
-50.0  87.6  1508.0  21.7  -43.0  -17.2
-1.2  87.2  1480.0  30.6  -71.3  -3.4
-4.0  90.0  1490.8  -13.7  -71.3  -17.8
-31.6  108.4  1491.2  42.6  -61.3  -10.5
-19.2  67.2  1512.4  0.7  -81.0  8.9
-14.4  62.0  1479.6  0.9  -79.1  -3.0
-30.8  78.8  1510.4  34.1  -74.2  5.2
-5.2  236.4  1496.8  39.9  -41.6  -0.3
-61.6  836.0  1531.2  -58.3  10.0  -145.8
-520.8  878.0  1940.0  257.3  -107.4  403.3
-305.6  190.4  1447.2  381.8  -401.8  996.2
126.0  -451.2  1125.6  -154.1  378.7  510.0
296.4  -725.2  1321.6  287.7  578.4  158.2
168.4  -707.6  1663.2  20.9  -212.9  -43.8
78.0  -518.4  1470.0  6.9  -293.4  -201.2
12.8  -116.8  1412.0  -216.0  -379.6  -398.4
-142.0  278.0  1526.8  -258.5  -187.0  -404.4
-39.2  460.0  1491.6  -166.8  20.1  -301.7
-92.4  376.4  1537.6  56.6  -100.4  -170.7
-14.0  265.6  1508.0  48.9  -31.0  -140.9
-7.2  240.0  1565.2  176.5  6.4  -195.5
-23.2  163.2  1505.6  141.5  -20.9  -62.1
-22.0  141.6  1508.4  109.3  -35.4  -62.6
-5.2  84.8  1474.4  82.2  -49.1  -7.0
-4.0  85.6  1489.2  69.9  -47.7  -37.8
-49.2  88.8  1488.4  83.0  -29.7  12.1
29.6  108.0  1496.0  67.0  -50.4  12.9
-36.4  119.6  1524.0  12.7  -59.4  -17.7
-39.2  124.8  1509.6  42.6  -46.3  21.2
-22.8  109.6  1509.6  31.9  -56.1  -23.1
-94.0  109.6  1472.8  53.4  -72.7  -14.2
-30.4  106.8  1526.0  10.7  -47.4  1.9
-37.6  100.4  1511.2  30.0  -55.2  -5.8
-40.8  108.4  1509.2  8.7  -49.3  21.2
-36.0  85.6  1518.4  32.9  -70.4  -24.5
-65.6  116.8  1527.2  23.2  -48.0  -2.6
-36.4  114.0  1460.0  20.4  -26.2  -13.0
-16.8  78.8  1532.4  -0.2  -65.4  7.4
-52.0  102.0  1495.6  35.6  -60.2  -8.3
-12.4  84.8  1475.2  4.8  -71.2  25.1
-32.8  108.8  1533.2  14.5  -58.8  -17.2
-56.8  94.8  1463.6  66.1  -46.6  25.5
-50.4  108.4  1525.6  4.4  -82.7  -17.2
-91.6  92.8  1522.8  48.1  -62.4  10.1
-22.8  88.4  1494.0  18.3  -53.2  17.5
-19.6  93.6  1541.2  19.2  -65.0  -12.7
-58.0  98.8  1523.2  52.7  -52.2  -14.3
-29.2  102.0  1502.8  33.2  -53.7  -10.2
-43.2  97.2  1505.6  26.2  -66.5  -6.1
-32.4  91.6  1488.0  7.2  -69.3  -10.3
-46.8  92.4  1512.0  4.4  -68.7  -7.5
-48.0  97.6  1499.2  19.2  -86.1  -4.6
-30.0  80.8  1464.0  28.0  -68.4  -5.7
-50.4  95.2  1508.8  6.6  -71.9  -28.2
-84.8  96.8  1544.8  34.4  -55.6  -6.8
-12.0  76.0  1509.6  33.1  -54.0  3.5
-28.8  65.6  1495.2  11.9  -80.4  -26.7
-84.4  76.4  1521.2  17.5  -59.8  -18.0
14.4  49.2  1440.4  6.0  -68.2  2.4
-5.6  81.6  1526.8  -43.8  -92.5  -72.1
-48.4  179.6  1524.8  -22.5  -79.5  -60.2
-136.4  406.8  1598.4  -46.0  -24.1  -14.3
-242.0  616.8  1734.0  -92.6  -109.5  173.1
-299.6  624.0  1639.2  177.8  -189.9  609.2
-49.2  198.8  1400.0  9.6  -341.6  880.9
70.4  -401.2  1318.8  -80.2  324.4  484.3
201.6  -754.4  1393.2  302.3  474.4  -3.8
0.0  -734.8  1519.2  200.9  -83.3  -126.5
-12.8  -448.8  1321.6  5.0  -325.2  -60.9
-8.0  5.6  1429.2  -294.4  -387.1  -184.6
-145.6  130.0  1639.6  -293.8  -210.5  -144.8
-43.6  49.2  1573.6  0.1  -130.5  -122.5
2.4  -4.0  1494.4  61.0  -98.8  -228.7
83.6  57.2  1533.2  76.0  -26.2  -331.3
-98.8  19.2  1496.4  47.2  -85.0  -332.6
-139.6  37.2  1506.0  -76.0  -140.9  59.2
32.8  80.8  1405.6  -147.4  -133.3  -59.6
50.8  380.4  1351.2  -112.1  -114.1  -143.7
-72.0  1144.0  1759.2  -431.4  6.3  -161.6
-292.4  854.4  2076.8  459.3  -398.6  558.3
-32.4  71.6  1498.4  599.6  -737.9  681.4
-9.6  -690.4  1238.0  363.7  592.2  515.6
6.8  -779.6  1644.8  198.2  731.3  247.8
62.8  -622.0  1409.2  63.7  -118.3  -50.5
-59.2  -214.8  1428.4  14.3  -124.7  -91.2
-103.2  32.8  1534.0  31.1  -114.3  -283.2
-84.4  159.2  1482.0  174.9  -41.6  -204.5
-208.8  272.4  1460.0  31.5  43.3  -140.7
87.2  201.2  1488.4  8.8  -85.1  -95.0
1.6  208.4  1572.0  73.7  -156.0  -229.5
17.6  176.8  1605.6  -5.9  -226.5  -110.6
-36.0  169.2  1501.6  79.6  -240.1  -218.0
7.2  166.8  1535.2  -15.7  -170.6  -223.2
-43.6  179.6  1534.8  102.4  37.4  -256.9
-18.4  129.2  1459.6  149.0  -19.5  -265.7
-4.0  67.2  1444.4  64.5  -82.5  -277.7
-30.8  61.6  1501.2  61.0  -142.4  -273.6
-38.8  82.0  1472.0  49.5  -80.6  -245.9
-72.4  93.2  1472.0  -38.7  -127.1  -194.4
-10.4  16.8  1566.0  -209.5  -40.1  -240.3
-23.2  34.4  1585.2  22.5  -4.0  -330.1
-23.6  -9.6  1413.6  122.0  -30.2  -423.9
-86.4  120.0  1410.8  122.8  -73.4  -474.2
-136.8  144.0  1433.6  135.4  -124.0  -361.8
-125.6  145.6  1466.4  139.4  -105.2  -197.7
-22.8  120.8  1575.6  155.7  -72.6  -182.5
-71.6  177.2  1486.0  3.6  -95.5  -177.3
-94.4  132.0  1547.2  112.5  -51.7  -101.6
-11.6  110.8  1527.2  122.3  -36.9  -129.7
-56.8  70.0  1535.6  154.7  -55.2  15.5
-50.0  49.2  1586.0  -10.3  4.0  93.3
6.8  69.6  1562.0  52.0  8.7  144.5
-34.4  51.2  1445.2  -98.6  -5.8  103.4
-19.2  139.2  1410.0  -127.8  -155.2  277.2
-14.8  168.0  1388.4  -218.0  -186.8  238.9
39.2  147.6  1473.2  -134.8  -163.1  175.8
-51.2  175.6  1642.4  13.0  -116.7  4.5
-76.8  135.2  1614.8  202.6  -16.1  -36.9
-8.8  52.8  1575.2  232.4  6.6  -58.3
11.2  60.0  1456.4  197.1  28.3  -62.5
21.6  79.6  1536.4  27.4  -7.0  40.4
-18.4  116.8  1441.6  -53.8  -63.0  120.0
50.4  125.2  1457.6  -94.6  -84.8  133.9
10.4  80.4  1442.0  -70.4  -110.9  72.8
-78.8  162.0  1559.6  -72.8  -85.1  32.0
-42.8  134.4  1528.8  95.8  -44.4  70.8
18.0  96.4  1537.6  38.6  -31.0  48.8
-28.0  41.2  1517.6  117.7  -31.0  -19.6
-80.0  94.4  1458.0  125.2  -37.8  -7.2
14.4  142.8  1518.4  114.6  17.6  -15.9
-65.6  162.8  1487.6  57.5  -70.0  52.5
-71.2  131.6  1510.4  6.7  -29.6  147.8
24.0  116.0  1484.0  10.7  -62.3  118.3
15.6  92.8  1543.6  28.9  -75.1  49.6
-6.8  108.8  1465.6  87.7  -22.4  -44.7
-52.8  157.2  1500.4  101.6  -36.1  -77.2
-118.4  159.2  1521.6  103.3  -70.2  -37.4
-76.8  135.6  1449.6  25.5  -61.8  10.9
-55.2  165.2  1489.2  16.4  -58.1  -28.3
-60.0  118.8  1534.8  19.9  -28.2  -74.3
-184.4  124.4  1440.8  29.6  -61.9  4.2
36.0  92.4  1424.4  87.9  -50.4  -19.9
-34.4  138.0  1546.8  6.7  -123.8  -56.3
-64.8  106.4  1556.8  41.6  -72.4  -38.9
-110.4  138.0  1453.2  49.3  -67.9  -14.4
-37.6  123.2  1541.6  -11.5  -42.3  65.2
-39.6  133.2  1464.4  33.5  -80.4  30.6
-36.4  113.2  1506.0  -2.1  -82.6  27.5
-54.0  155.2  1530.8  6.5  -92.3  -11.4
-58.4  157.2  1553.6  34.3  -100.3  8.6
-67.2  116.8  1496.8  48.5  -59.7  0.8
-115.2  140.4  1480.8  76.1  -49.6  -34.4
-26.4  148.4  1479.6  57.2  -53.6  -20.9
-53.2  159.2  1546.4  -11.2  -95.1  -4.8
-11.2  122.0  1532.0  -7.3  -100.5  19.9
-110.0  122.4  1538.8  17.0  -43.9  -40.2
-67.2  81.2  1458.0  59.7  -3.6  -27.5
-68.8  172.4  1433.2  36.1  -22.5  -7.5
-39.6  221.2  1428.8  35.4  -101.7  91.1
-36.4  184.4  1573.6  14.7  -143.9  38.9
-101.6  106.4  1542.0  151.0  -14.6  -124.1
-65.6  148.8  1500.8  164.6  12.6  -127.3
-36.4  150.4  1450.8  71.9  -37.4  -38.5
7.2  156.0  1484.8  50.3  -42.3  -68.9
-62.8  181.6  1534.8  24.1  -70.7  -54.6
-41.2  188.4  1472.4  42.7  -66.0  -17.1
-55.2  156.4  1473.6  56.1  -101.0  -10.9
-107.2  128.4  1512.8  45.0  -64.2  -65.7
-131.6  172.4  1426.4  78.0  -29.2  -75.1
-17.2  171.6  1433.6  13.1  -59.0  -5.4
-98.4  191.6  1497.2  1.7  -64.2  -49.5
-66.8  164.8  1548.8  19.4  -71.9  10.0
-40.4  138.4  1505.6  24.6  -61.2  -21.2
-64.4  134.0  1510.0  2.1  -52.5  -35.4
-83.6  164.4  1471.2  39.0  -59.1  -32.0
-57.6  155.2  1509.6  36.2  -69.7  -26.3
-88.8  188.8  1523.6  42.4  -61.9  -10.5
-27.6  145.6  1486.4  58.1  -49.6  -2.2
-58.8  136.4  1468.0  23.5  -63.0  -23.6
-78.4  175.2  1522.4  23.1  -71.3  -5.5
-100.4  172.8  1508.8  38.7  -71.5  -15.2
-40.4  157.6  1479.2  58.6  -50.2  -27.6
-110.4  184.4  1509.6  22.8  -55.3  -1.4
-58.4  164.8  1508.4  41.0  -34.2  24.1
-68.4  150.4  1490.8  37.7  -51.6  6.2
-87.6  168.4  1496.8  29.4  -54.6  -12.0
-118.8  159.2  1470.0  38.4  -54.9  -22.9
-83.6  172.8  1490.8  67.1  -20.6  5.9
-32.8  157.6  1447.2  -12.9  -76.5  16.9
-103.2  165.2  1506.4  45.1  -46.6  -19.9
-74.0  134.4  1507.6  38.6  -55.4  -2.2
-114.0  177.2  1470.0  56.2  -32.7  -39.8
-72.4  170.4  1472.8  36.7  -45.9  -11.2
-71.6  159.6  1486.0  34.2  -68.4  -21.7
-116.0  170.0  1498.0  21.2  -66.4  -3.1
-66.8  157.2  1514.8  44.3  -58.7  -26.3
-76.0  178.0  1500.4  26.2  -80.6  -12.4
-80.4  160.8  1506.0  22.0  -75.6  -34.3
-130.0  179.6  1500.0  33.6  -95.7  -15.5
-76.0  132.0  1491.2  20.3  -58.5  -7.2
-126.4  191.6  1509.2  7.2  -100.6  -9.4
-70.4  155.2  1481.2  45.9  -56.8  1.7
-105.6  172.0  1498.8  -3.3  -56.1  -10.2
-91.6  153.2  1501.2  19.3  -54.7  -4.8
-100.4  151.6  1469.6  9.7  -61.1  15.3
-76.8  157.2  1461.2  31.3  -57.0  41.5
-56.8  156.0  1482.4  5.2  -70.3  41.7
-75.6  154.0  1532.4  12.7  -74.4  -2.6
-92.4  126.8  1541.6  58.5  -59.9  -0.1
-126.4  114.8  1494.4  101.6  -43.1  -62.0
-73.6  113.2  1452.8  63.0  -25.9  -41.5
-68.0  165.6  1500.4  35.0  -65.7  -49.2
-78.4  203.2  1486.0  17.8  -38.7  2.4
-72.0  202.8  1521.2  14.5  -78.6  -10.0
-128.8  177.2  1526.8  -11.0  -84.9  16.1
-94.0  153.2  1492.4  80.2  -26.1  -5.8
-116.4  152.0  1493.6  14.1  -70.5  3.9
-82.0  145.2  1490.0  24.7  -57.6  2.3
-81.6  167.2  1498.8  -17.3  -97.3  -3.7
-77.6  162.8  1534.0  45.6  -54.2  -29.1
-153.2  166.4  1503.6  114.1  4.5  -50.6
-56.8  135.6  1450.4  129.6  16.0  -59.6
-93.6  152.4  1491.2  39.6  -20.7  -4.7
-113.6  188.0  1534.0  60.2  2.4  -28.2
-66.4  180.4  1489.6  144.8  -2.0  -73.1
-150.0  184.0  1436.0  91.8  -66.4  -79.0
-193.6  238.4  1408.8  -28.0  -152.0  -25.8
-159.6  229.6  1446.0  -72.6  -196.0  52.8
-127.6  208.0  1528.4  -88.1  -113.4  -71.5
-123.2  198.4  1610.0  80.6  -19.7  -184.3
-157.2  168.4  1484.8  166.7  -17.1  -219.2
-8.8  123.6  1504.4  135.4  -11.7  -179.2
-104.4  147.6  1444.8  95.2  -88.5  -233.7
-79.2  163.2  1497.6  7.6  -107.2  -221.2
-188.0  186.4  1515.6  26.0  -148.5  -208.0
-203.6  166.8  1505.6  -3.8  -160.1  -113.8
-140.4  117.2  1490.8  27.4  -93.8  -141.5
-126.8  147.6  1474.4  79.6  -79.8  -228.2
-115.2  140.0  1436.8  38.0  -97.9  -179.5
-146.4  151.6  1537.6  33.4  -57.2  -171.6
-149.6  143.2  1410.0  132.0  -73.2  -102.9
-82.0  106.0  1434.0  186.6  37.5  -146.8
-174.4  269.2  1487.6  72.3  53.6  -97.6
-108.0  275.2  1550.8  -83.2  -56.5  201.0
22.4  124.8  1443.2  -61.0  -51.3  150.7
-74.8  135.6  1577.6  -27.1  -119.5  4.4
-146.4  132.0  1513.6  28.1  -139.1  -33.8
-181.6  120.4  1484.4  74.9  -104.3  42.5
-139.2  148.4  1435.6  88.3  -53.7  129.9
-140.0  196.8  1570.8  27.4  -14.7  184.7
-110.8  189.6  1552.4  -23.0  3.3  316.4
17.6  173.6  1427.2  -10.3  -5.9  261.8
-46.4  216.8  1425.6  -15.0  -45.6  179.7
-178.4  242.0  1493.2  28.8  4.6  147.6
-166.8  215.6  1450.4  100.9  -24.4  151.7
-133.6  238.8  1466.0  45.2  -71.8  182.1
-148.0  189.6  1456.0  43.2  -68.1  148.3
-199.6  198.8  1528.0  8.8  -70.3  157.2
-141.2  191.2  1449.2  36.3  -46.4  162.3
-55.2  163.2  1480.0  -37.3  -97.1  124.1
-68.0  162.0  1517.2  -19.7  -65.8  41.7
-79.6  158.4  1520.4  -16.8  -95.7  9.6
-61.2  179.6  1518.8  36.5  -86.5  -46.5
-86.4  174.4  1476.4  51.5  -69.9  -102.5
-139.6  187.2  1484.0  55.9  -92.2  -115.1
-107.6  195.6  1510.0  123.2  -89.6  -166.4
-153.2  195.2  1458.8  59.6  -118.0  -155.0
-106.8  190.4  1521.6  45.0  -81.5  -161.2
-151.6  200.8  1539.6  86.1  -134.6  -163.5
-91.2  185.2  1472.0  106.5  -93.5  -139.3
-109.6  172.0  1464.8  100.3  -69.7  -176.5
-101.6  192.8  1460.0  109.6  -66.3  -135.5
-137.6  221.2  1475.6  69.9  -72.6  -122.6
-118.8  196.4  1499.6  24.1  -63.0  -29.8
-72.0  164.4  1492.8  46.3  -71.6  -37.2
-105.6  180.4  1560.0  7.1  -59.1  -38.1
-130.8  192.8  1488.4  3.0  -56.1  -29.4
-38.4  156.0  1530.8  -5.6  -50.3  -23.8
-123.6  190.4  1442.8  4.5  -129.3  -67.9
-129.2  204.8  1508.4  48.3  -67.6  -71.0
-71.6  164.0  1422.0  82.4  -1.8  -93.0
-115.2  208.4  1496.8  30.2  -78.0  -60.6
-91.6  213.2  1524.8  50.0  -19.4  -89.9
-105.6  211.6  1499.6  107.1  -34.6  -111.4
-104.4  186.4  1465.6  98.7  -46.8  -63.3
-76.4  194.4  1486.0  91.1  -54.5  -43.4
-126.4  239.2  1471.6  61.8  -89.6  -15.5
-92.0  249.2  1527.6  38.0  -73.0  51.2
-70.0  239.2  1505.6  15.3  -85.4  42.3
-151.2  294.4  1452.0  -17.5  -101.8  92.4
-45.2  228.0  1469.6  -33.1  -81.0  195.4
-37.6  218.8  1580.4  -97.3  -122.7  134.0
-109.2  177.2  1513.2  67.5  -89.3  13.4
-162.8  202.4  1466.4  62.9  -68.7  -9.0
-50.8  177.2  1448.0  39.3  -68.5  7.4
-149.2  210.0  1498.0  18.2  -78.0  -21.6
-116.0  194.8  1566.8  42.1  -31.2  -2.5
-84.4  180.0  1486.8  50.2  -24.3  -30.0
-56.0  173.6  1497.6  45.4  -35.9  -11.7
-69.6  193.2  1446.8  60.6  -73.2  -93.8
-91.2  235.6  1584.8  60.3  -44.4  -67.6
-140.0  208.8  1466.8  82.5  -39.7  -49.6
-104.8  221.6  1505.6  88.2  -46.6  -28.3
-100.4  244.0  1422.4  39.3  -57.7  -28.0
-95.2  246.8  1580.4  59.9  -62.7  38.0
-117.6  232.8  1439.6  67.4  -74.1  -1.2
-102.0  228.0  1472.0  134.3  -35.6  -36.2
-120.4  247.2  1537.2  120.7  -23.0  -0.3
-104.0  268.8  1550.0  202.3  14.6  -28.3
-146.4  265.6  1396.0  202.6  44.1  -5.9
-124.4  268.8  1472.8  49.0  18.0  56.7
-132.0  256.4  1509.6  30.0  -9.8  53.7
-166.8  284.0  1399.6  37.8  -28.9  39.5
-138.0  353.2  1396.8  52.5  -26.3  -19.9
-159.6  330.8  1512.8  70.3  -39.8  -18.7
-148.0  284.4  1434.0  97.8  -67.1  -61.5
-183.6  297.2  1511.2  88.2  -84.0  -32.2
-147.6  294.4  1386.4  159.8  -58.0  -119.5
-115.6  348.4  1499.6  109.1  -92.4  -122.2
-149.2  371.6  1420.4  85.4  -98.7  -153.0
-159.2  384.0  1452.4  28.1  -80.7  -112.1
-150.0  325.2  1400.4  61.8  -54.6  -121.5
-256.4  367.2  1498.4  -62.1  -103.6  -46.3
-182.8  344.0  1374.4  -16.9  -107.1  55.1
-140.4  293.6  1516.8  -131.3  -101.0  112.9
-77.6  284.8  1524.4  -65.0  -71.7  28.4
-121.6  270.0  1460.8  -48.6  -119.8  -5.0
-113.6  264.8  1394.8  -36.1  -0.2  -60.3
-160.0  280.4  1453.2  -65.1  -56.5  -81.9
-138.4  261.6  1492.4  56.2  -62.9  -16.5
-132.4  253.6  1461.2  52.4  -84.8  -7.3
-154.4  226.4  1514.0  61.6  -103.5  -29.1
-133.2  237.2  1453.2  94.2  -61.8  9.8
-133.2  274.4  1472.4  4.2  -101.5  102.4
-138.4  296.4  1521.2  -188.9  -137.4  224.6
-109.2  252.8  1531.2  -60.7  -75.0  258.7
-73.6  234.0  1466.4  -101.7  -51.8  188.2
-116.0  202.4  1468.8  -60.8  -65.7  142.6
-137.2  202.0  1566.0  -62.7  13.9  151.4
-75.6  203.2  1436.8  24.4  -12.0  121.6
-115.2  244.0  1558.4  1.0  -11.6  51.6
-203.2  220.4  1426.4  161.0  -2.5  37.0
-166.4  215.6  1514.4  101.9  6.3  47.6
-132.8  232.0  1484.0  163.7  -12.6  16.9
-120.0  272.0  1476.8  185.5  8.3  -47.0
-143.2  289.6  1421.2  148.4  -25.3  -95.4
-183.6  323.6  1516.4  75.8  -29.5  -31.1
-163.6  286.4  1421.2  29.8  -4.1  -25.3
-174.4  291.2  1458.0  -4.2  -77.4  46.7
-190.4  277.2  1464.8  39.1  -29.7  -3.3
-150.4  293.6  1486.0  51.7  -10.2  -76.5
-190.8  312.8  1418.4  136.6  24.4  -100.1
-156.8  316.4  1472.8  141.3  -29.7  -62.3
-201.6  317.2  1409.2  121.2  -39.1  -93.8
-150.4  291.2  1493.2  56.8  -81.9  -41.8
-170.4  306.0  1464.4  -36.3  -138.1  68.5
-254.0  322.8  1414.8  -59.7  -143.1  91.1
-123.6  304.0  1499.6  -20.8  -53.7  90.8
-165.2  325.6  1490.0  45.2  -67.4  -36.8
-188.4  301.6  1477.2  102.2  -57.5  -68.6
-223.6  298.0  1423.6  134.2  -43.3  -65.1
-192.0  290.8  1478.8  80.5  -72.9  -54.2
-189.6  266.4  1498.0  112.4  -17.4  -73.3
-174.4  322.8  1465.6  162.7  2.3  -147.7
-178.4  362.0  1433.2  120.2  -18.9  -78.6
-198.4  356.8  1411.2  123.3  50.9  -33.5
-197.2  371.6  1392.8  3.6  -88.7  -16.8
-233.6  412.8  1502.0  -2.2  -72.7  1.4
-188.4  364.0  1430.0  38.6  -74.9  15.4
-281.2  348.8  1453.2  -12.1  -81.7  25.8
-235.2  344.8  1415.2  27.0  -61.1  10.5
-190.4  347.2  1449.6  35.4  -57.3  -10.8
-173.6  348.4  1460.4  22.0  -71.9  -7.9
-204.4  336.8  1484.8  35.7  -52.5  -20.5
-233.2  356.0  1430.4  42.8  -73.5  -48.0
-251.2  327.6  1421.2  63.1  -49.2  -33.1
-209.6  382.8  1442.8  56.2  -47.4  -26.5
-172.4  346.8  1488.0  46.0  -32.3  -31.8
-198.8  333.6  1451.6  53.8  -81.5  -33.4
-232.4  367.2  1438.4  55.1  -58.4  -71.4
-234.8  383.6  1456.8  75.8  -42.3  -17.1
-220.0  352.0  1406.0  111.6  -42.2  -19.4
-201.2  355.6  1458.0  94.9  -21.6  -26.6
-236.8  384.0  1431.6  100.2  -38.9  -50.5
-200.0  363.6  1456.0  31.5  -29.9  8.9
-210.8  364.8  1409.2  38.5  -65.7  -16.4
-262.4  417.6  1489.6  -0.8  -81.2  15.1
-260.4  373.2  1394.0  54.8  -50.4  -5.3
-229.2  363.6  1430.4  86.1  -17.7  -14.1
-243.2  386.0  1464.0  20.6  -73.0  8.6
-217.6  417.2  1408.8  54.7  -48.8  -31.8
-249.2  412.4  1483.2  7.4  -85.5  39.7
-251.6  390.8  1398.4  19.8  -56.5  21.6
-182.8  362.4  1463.2  19.0  -61.6  15.2
-251.6  365.6  1428.4  35.2  -74.1  2.6
-208.0  363.6  1437.6  47.1  -40.4  -33.6
-258.8  359.6  1418.0  46.2  -68.3  -54.3
-240.8  389.2  1436.0  69.8  -37.2  -42.5
-228.0  373.6  1472.4  70.0  -58.3  -48.5
-254.0  372.0  1366.0  55.2  -52.8  -43.8
-292.4  442.0  1449.2  3.1  -48.7  -20.2
-198.0  442.0  1402.4  73.8  -70.6  -4.1
-241.2  366.4  1474.8  28.4  -77.8  -13.7
-222.4  354.4  1456.0  71.7  -20.1  -29.8
-223.2  379.2  1428.4  22.6  -47.4  -3.8
-224.8  393.6  1439.6  42.6  -65.7  -21.5
-283.2  365.2  1426.0  55.0  -61.6  -42.5
-239.2  380.4  1414.8  77.5  -22.7  -60.3
-270.0  415.2  1444.4  12.3  -80.9  -28.6
-271.2  421.2  1404.0  54.8  -64.5  -14.5
-243.2  402.0  1446.4  26.2  -66.6  -26.5
-286.4  406.8  1424.4  21.8  -78.4  32.9
-254.4  397.2  1390.0  30.2  -58.4  25.0
-258.4  406.8  1471.2  15.7  -87.3  17.3
-252.8  377.2  1420.0  14.0  -73.1  32.1
-243.6  382.8  1447.2  31.2  -59.2  10.7
-252.0  366.0  1446.8  14.4  -74.7  12.8
-274.8  368.0  1429.2  28.0  -67.1  4.3
-212.4  373.2  1448.4  35.7  -47.2  -21.7
-277.6  383.2  1395.6  27.7  -80.5  -10.9
-210.0  361.2  1410.8  53.0  -32.6  -2.9
-256.0  372.8  1445.6  17.1  -82.3  -20.3
-272.4  379.6  1408.8  50.1  -52.0  -33.1
-206.4  394.8  1385.6  86.2  -26.9  -33.6
-272.8  456.8  1402.0  42.5  -41.8  -20.0
-288.8  413.6  1506.4  24.9  -88.3  45.9
-269.6  326.4  1387.6  51.5  -57.4  28.9
-223.6  365.2  1412.0  51.0  -58.5  4.9
-280.8  414.0  1432.8  32.0  -78.6  -11.2
-267.6  387.2  1435.2  51.3  -50.4  -4.6
-188.0  363.6  1502.4  26.2  -26.3  -18.2
-234.4  371.2  1436.8  33.8  -66.0  -18.4
-343.2  413.2  1426.4  6.8  -63.0  -6.5
-229.2  416.8  1342.8  93.5  -8.2  -37.6
-262.4  392.4  1444.4  9.7  -81.0  4.3
-265.6  396.8  1453.6  44.2  -45.6  3.7
-258.0  415.6  1450.8  -6.1  -85.1  -2.4
-274.8  393.2  1380.4  100.8  -71.0  20.1
-281.2  339.6  1396.8  81.8  -4.7  -49.4
-232.8  385.6  1444.0  13.8  -32.9  50.7
-268.8  429.2  1421.6  8.7  -55.9  -15.6
-272.4  425.6  1410.4  29.2  -63.5  -10.8
-318.0  428.0  1458.8  45.5  -71.4  -12.1
-284.0  403.6  1388.8  8.3  -58.5  -17.4
-276.4  380.8  1453.6  23.3  -41.2  20.5
-260.8  381.2  1429.6  40.2  -44.9  -33.8
-261.2  407.2  1456.4  54.7  -50.3  -22.4
-231.2  404.4  1412.8  4.5  -48.9  -11.3
-292.0  428.0  1414.8  36.1  -88.2  -3.2
-268.8  379.6  1416.0  21.4  -68.1  -15.2
-250.8  366.4  1390.0  50.6  -58.4  1.7
-294.0  407.6  1424.0  10.0  -61.3  -9.4
-287.2  428.0  1479.2  35.7  -68.0  -21.6
-247.6  366.0  1430.0  76.9  -52.2  -34.8
-284.4  357.2  1370.0  42.6  -62.6  -22.4
-314.4  432.4  1475.2  29.4  -41.2  -15.3
-278.8  414.8  1412.8  49.7  -59.0  -0.3
-283.6  386.4  1397.6  44.7  -60.7  -29.2
-304.0  406.8  1419.6  50.3  -56.0  -5.4
-275.2  426.0  1424.8  58.7  -50.3  -19.0
-237.6  416.4  1464.8  21.7  -58.4  31.8
-263.6  386.8  1411.6  11.6  -78.5  15.3
-304.8  403.2  1425.2  17.3  -68.8  26.8
-284.4  408.4  1407.6  21.2  -59.7  19.0
-269.6  402.8  1414.4  14.9  -48.6  30.9
-270.4  404.0  1423.6  20.3  -68.0  33.6
-291.2  390.0  1428.4  1.2  -102.0  11.9
-240.4  384.4  1442.0  34.3  -43.8  13.9
-280.4  384.4  1415.6  18.3  -80.8  4.9
-290.8  412.4  1429.2  29.0  -56.5  -9.1
-286.0  402.4  1428.4  36.9  -64.9  3.3
-262.8  396.4  1441.6  28.0  -59.8  -8.5
-289.2  406.4  1440.0  28.0  -74.9  -3.4
-277.2  397.6  1400.8  47.5  -54.3  -4.9
-270.8  395.6  1463.2  28.2  -76.4  -13.3
-286.8  397.6  1419.6  39.9  -78.3  -3.9
-247.6  407.2  1422.4  51.0  -54.6  16.4
-252.4  411.6  1429.2  58.2  -65.0  -5.3
-278.0  402.4  1464.4  71.6  -53.0  -22.5
-324.8  403.2  1386.0  45.2  -62.1  -1.9
-280.0  411.6  1426.8  50.4  -29.6  3.0
-273.6  372.4  1399.2  71.4  -26.7  4.1
-216.0  383.6  1454.8  60.0  -39.6  -37.0
-278.4  411.6  1439.6  32.4  -72.9  -10.3
-285.6  438.4  1447.6  63.8  -52.8  -42.9
-282.4  411.2  1368.8  68.7  -69.5  -32.6
-282.8  401.6  1391.2  64.7  -48.7  -33.6
-297.2  446.8  1418.8  33.0  -72.3  -20.2
-270.8  446.8  1427.2  71.8  -53.9  -0.7
-314.4  409.6  1406.4  31.1  -95.6  -1.2
-300.0  422.4  1388.8  37.5  -44.3  19.6
-257.6  412.8  1389.6  40.2  -70.3  10.6
-267.6  414.4  1441.6  41.9  -52.5  -10.4
-282.4  428.8  1414.4  45.1  -82.1  -11.9
-290.8  418.8  1416.0  48.7  -36.8  4.2
-236.4  424.0  1449.6  58.1  -53.2  -22.9
-267.6  423.6  1426.0  39.8  -73.7  -44.0
-333.2  463.6  1413.6  37.4  -78.7  -16.8
-276.0  432.4  1421.2  37.8  -34.9  -23.1
-305.6  425.2  1398.8  26.2  -76.9  10.4
-300.4  434.8  1467.6  18.1  -66.7  -14.2
-317.6  442.0  1378.8  12.6  -74.3  1.3
-292.4  428.4  1390.4  29.6  -50.4  5.0
-326.8  424.8  1420.4  6.9  -66.8  32.1
-257.2  428.0  1411.2  13.1  -35.8  39.3
-329.2  424.8  1441.6  16.5  -45.8  51.0
-288.4  406.4  1380.8  9.3  -35.7  60.1
-271.6  404.4  1430.0  14.2  -23.3  35.0
-275.6  420.8  1443.6  26.6  -34.9  45.1
-298.0  426.0  1406.8  -3.6  -58.0  67.6
-273.2  397.6  1408.8  -12.3  -35.6  85.9
-276.8  418.0  1426.8  8.8  -14.6  69.0
-261.6  414.4  1417.2  -56.8  -55.8  165.0
-244.4  416.0  1479.2  -162.8  -68.4  229.4
-299.6  318.0  1456.8  -185.7  -79.3  324.4
-239.6  266.0  1470.0  -240.4  -53.8  354.3
-252.8  302.0  1476.8  -158.8  -3.8  339.4
-204.4  321.2  1490.0  -139.4  53.5  284.8
-249.6  354.0  1393.2  -62.1  53.5  259.4
-267.2  337.6  1432.0  -142.8  11.8  279.2
-309.2  412.4  1428.4  -57.5  -21.5  269.7
-332.0  336.8  1401.2  -17.0  -1.8  238.3
-268.0  270.0  1316.8  -104.9  -24.4  241.0
-287.6  253.6  1496.0  -62.9  -54.8  152.3
-288.0  241.6  1470.4  -69.6  -70.3  83.4
-232.8  277.6  1448.4  23.0  -63.1  60.0
-246.8  262.0  1401.6  -47.7  -138.6  55.8
-288.0  322.8  1446.8  -75.3  -155.7  97.4
-247.2  390.0  1433.6  -131.5  -177.2  130.6
-257.2  607.2  1419.2  -104.7  -194.6  150.9
-270.4  934.0  1487.2  -198.4  -263.2  191.1
-369.6  905.2  1606.8  34.5  -537.2  519.4
-119.6  205.2  1103.6  68.0  -315.4  530.2
-244.0  -280.0  1786.4  -135.6  -296.9  583.8
41.2  -666.4  1576.8  306.5  414.9  -30.8
-53.6  -496.4  1556.0  -159.7  -242.9  -60.6
84.8  -112.4  1501.6  45.2  -264.5  -108.8
-73.2  222.0  1528.0  -154.9  -461.3  -66.3
50.0  303.2  1603.2  43.5  -155.3  7.1
-0.4  250.0  1492.8  124.8  -178.6  -175.9
-44.4  268.4  1459.6  199.4  -129.9  -77.1
1.6  244.0  1453.2  114.9  -146.7  -57.8
78.8  244.8  1588.0  241.6  -121.9  -91.2
23.6  202.8  1413.2  203.8  -179.1  -98.2
61.6  238.8  1570.8  166.0  -43.1  -5.6
4.8  356.0  1426.0  51.3  -28.3  -9.6
123.2  338.8  1481.2  183.9  -29.6  -124.2
38.4  323.6  1387.2  92.2  -142.7  -96.4
56.4  346.4  1494.0  86.4  -109.7  -113.2
8.8  352.4  1558.4  86.8  -86.6  -113.9
60.0  337.2  1414.0  205.9  -110.5  -199.1
-24.4  364.4  1477.6  52.5  -103.0  -111.9
60.0  373.6  1432.4  132.6  -80.2  -117.6
-18.4  426.8  1444.8  -17.3  -98.9  -83.2
69.2  394.8  1465.6  58.5  -85.5  51.7
46.4  400.8  1478.0  20.2  -47.1  -77.4
47.6  378.4  1531.2  72.8  -56.8  -19.6
80.4  383.6  1418.0  98.4  -10.6  -81.4
39.2  386.0  1495.2  26.2  -67.2  -42.1
6.0  375.6  1465.6  52.6  -53.7  -7.4
58.0  336.4  1442.4  76.3  -26.4  19.8
36.8  380.0  1500.4  18.4  -83.9  -33.6
40.4  351.2  1461.6  34.3  -105.4  2.4
40.8  364.0  1482.4  76.4  -93.6  -20.8
41.2  367.2  1452.4  3.7  -120.5  37.5
34.0  403.6  1443.6  -13.8  -153.2  126.6
63.2  427.6  1409.2  -86.7  -192.6  227.5
68.0  532.8  1344.0  14.4  -214.1  252.5
98.4  820.4  1320.8  -43.8  -470.8  343.0
-37.6  1445.6  1367.2  -160.5  -772.6  662.3
50.4  707.2  1734.8  -101.1  -317.8  1268.6
306.4  -286.0  1460.4  241.1  805.1  456.2
178.4  -611.6  1790.4  84.2  499.6  107.4
219.2  -396.0  1463.2  -103.4  87.4  20.3
324.0  -100.8  1465.6  86.4  -94.1  -245.4
82.8  222.8  1384.0  -69.2  -324.4  -238.5
111.2  355.6  1523.6  -137.5  -194.5  -23.5
72.0  328.0  1461.6  -16.7  -49.6  -82.9
217.6  262.8  1472.8  -6.8  -64.9  89.5
226.0  250.0  1482.0  4.5  -53.0  -93.3
234.0  234.0  1468.0  65.0  -66.5  -173.3
242.0  208.4  1454.8  14.9  -100.9  -123.4
220.4  277.2  1492.8  -43.4  -124.6  -144.7
255.2  257.6  1537.6  -9.2  -96.0  -125.2
178.4  288.0  1522.4  71.6  -74.5  -183.4
200.0  277.6  1490.8  98.6  -44.1  -155.3
206.0  279.6  1476.4  111.1  -47.3  -152.0
164.0  305.2  1440.8  112.2  -68.0  -111.6
172.4  316.8  1482.4  31.6  -70.7  -63.2
162.4  320.0  1518.8  28.1  -39.4  -30.7
191.2  280.8  1505.2  73.0  -62.4  -22.0
196.0  258.0  1459.6  41.9  -46.5  -26.7
168.8  264.4  1465.2  73.7  -55.6  -20.5
214.4  265.6  1468.8  12.8  -66.4  -38.8
170.8  292.0  1510.4  32.0  -75.3  -37.4
199.6  280.8  1518.4  11.8  -52.0  -14.6
193.6  266.0  1449.6  32.8  -70.4  -40.0
174.8  266.4  1493.6  -9.4  -56.2  -76.8
136.8  284.4  1524.0  33.9  -58.6  -41.2
196.0  262.0  1444.4  40.2  -37.6  -0.2
198.8  259.6  1489.6  5.9  -69.1  -45.7
169.6  263.2  1495.6  27.5  -68.2  -30.5
198.4  283.2  1468.0  32.9  -63.0  -35.0
184.0  270.4  1501.6  37.3  -52.9  -46.6
152.8  290.0  1471.2  36.9  -54.8  -30.3
186.8  250.4  1500.4  54.5  -50.3  -0.2
170.4  264.4  1499.2  21.8  -65.8  -25.2
163.2  267.6  1480.0  38.7  -65.0  -7.9
175.6  261.6  1460.0  35.8  -68.1  -2.5
176.4  263.2  1482.4  1.1  -69.2  -12.1
154.0  266.0  1494.0  40.0  -71.7  -11.0
187.2  256.0  1435.6  37.3  -69.0  -7.2
171.6  270.0  1492.0  35.0  -69.5  2.8
193.2  265.2  1500.8  47.5  -70.6  -1.6
186.0  256.4  1476.0  25.8  -66.0  -20.3
164.0  266.8  1502.8  18.7  -70.7  -44.4
199.2  280.4  1533.2  14.9  -62.0  -24.9
196.8  261.2  1502.8  43.8  -60.5  -24.3
159.2  276.0  1467.2  22.9  -75.7  -39.7
169.6  259.2  1462.0  30.0  -72.5  4.4
189.6  261.2  1489.6  17.4  -58.4  -23.6
174.4  265.2  1508.8  43.1  -74.1  14.5
186.8  258.4  1432.8  19.8  -85.3  22.2
178.0  346.4  1454.8  -16.6  -101.6  4.4
174.4  605.6  1484.4  -131.8  -202.1  132.2
-29.2  889.6  1634.0  -171.1  -259.7  279.4
17.6  666.0  1683.2  200.1  105.2  783.7
201.2  114.4  1080.8  104.1  621.5  513.8
278.0  -402.8  1702.4  188.3  698.0  200.3
224.4  -453.6  1348.4  43.9  97.9  -124.7
174.8  -313.6  1535.2  -35.4  -153.7  -76.6
124.0  58.0  1332.4  -77.2  -366.7  -62.5
137.6  213.2  1641.6  -244.2  -317.7  6.8
30.0  268.4  1606.0  44.3  -174.1  -91.8
112.0  225.2  1581.2  139.9  -178.4  -104.6
140.0  248.4  1411.2  181.1  -141.9  -230.1
152.0  216.8  1529.6  100.7  -95.0  -182.7
126.0  283.6  1475.6  132.6  -88.9  -257.1
143.6  310.8  1503.6  139.4  -95.8  -245.7
122.4  269.2  1486.0  83.0  -84.8  -190.4
100.8  302.0  1503.6  106.7  -80.6  -155.4
132.0  292.0  1456.4  119.3  -44.7  -144.1
131.2  286.8  1499.2  38.3  -78.4  -72.6
127.6  326.4  1510.0  22.6  -59.9  -23.7
117.2  289.6  1462.8  13.5  -65.1  -28.9
115.6  292.0  1484.4  57.4  -53.2  -17.6
138.0  260.4  1478.0  -1.4  -57.6  -8.3
86.0  285.2  1533.2  29.2  -38.3  -11.5
123.2  265.6  1442.4  -11.3  -42.9  27.1
200.0  211.6  1452.4  -45.9  -93.3  24.6
144.4  235.2  1510.0  -19.4  -108.8  -74.3
88.0  258.8  1489.2  9.3  -94.2  -34.0
76.8  266.0  1495.6  39.9  -69.6  -32.9
92.0  232.8  1535.6  -34.5  -54.5  -2.5
164.0  255.2  1542.4  34.4  -21.0  4.0
131.6  240.0  1500.8  62.8  -18.5  -26.4
162.0  223.6  1428.4  120.1  -12.3  -92.7
119.6  218.4  1484.4  115.6  -59.1  -73.0
128.4  222.4  1497.6  95.8  -65.9  -67.6
121.6  247.6  1497.2  76.3  -49.9  -82.6
116.4  261.2  1516.4  50.1  -54.2  -27.6
132.4  264.4  1444.0  24.2  -81.2  -53.0
73.2  288.0  1486.0  81.3  -59.6  -61.4
151.6  291.6  1501.6  28.4  -61.6  -12.6
122.4  258.4  1472.8  27.4  -90.5  -3.1
114.8  261.2  1495.2  31.0  -72.7  1.2
92.0  274.4  1479.6  29.3  -75.6  -19.1
128.4  257.6  1535.6  33.0  -25.9  6.3
101.6  272.4  1471.2  92.3  -32.9  -43.7
140.4  253.2  1528.0  64.6  -46.8  -18.5
114.8  266.0  1500.8  31.2  -70.8  -6.5
117.2  265.6  1433.6  37.2  -71.7  -8.9
115.6  285.6  1510.8  -1.9  -53.6  2.5
131.2  290.4  1485.2  21.4  -84.5  14.4
81.2  290.0  1498.0  46.8  -80.2  6.1
79.6  273.6  1497.2  59.7  -57.6  29.9
85.6  261.2  1538.0  37.1  -56.0  47.2
130.8  240.8  1470.0  72.5  -34.5  64.9
142.8  221.6  1443.6  -28.7  -46.9  41.8
95.2  268.0  1476.0  -80.0  -76.3  69.9
169.2  270.4  1542.4  -43.9  -86.6  64.1
128.8  262.8  1545.6  17.6  -74.2  0.8
120.4  254.4  1514.0  83.9  -27.7  -0.1
120.8  282.4  1484.8  64.0  -45.1  41.5
148.4  469.2  1485.6  34.1  -58.6  7.6
186.0  952.0  1371.2  -69.5  -189.7  154.0
186.4  850.0  1535.2  -144.8  -167.4  636.8
-15.2  99.6  1537.2  -575.2  350.9  22.1
125.6  -472.0  1688.0  639.4  619.9  138.9
65.6  -722.0  1126.8  369.8  397.6  -228.5
148.4  -419.2  1462.8  31.3  -447.6  -67.0
61.2  0.8  1442.8  -224.3  -436.6  -10.2
157.6  213.2  1661.6  -156.2  -329.4  -151.6
204.8  278.8  1478.4  20.3  -233.7  -184.2
205.2  268.0  1499.6  181.3  -156.5  -399.2
134.0  315.6  1419.2  18.9  -132.3  -324.0
92.0  451.6  1470.8  118.8  46.3  -375.7
-2.4  414.4  1462.8  102.5  -56.6  -142.6
123.2  375.6  1466.4  125.2  2.9  -203.2
32.8  361.2  1530.0  97.1  -36.8  -102.0
108.8  330.0  1424.0  142.1  -22.4  -67.5
72.0  324.4  1534.0  15.8  -42.2  -4.1
109.2  301.6  1438.8  60.9  -32.4  22.5
132.8  268.8  1518.0  -122.5  -92.6  89.0
152.0  232.0  1516.8  72.3  -46.3  -56.1
62.0  228.4  1496.4  -16.6  -76.0  -17.2
104.4  224.0  1410.0  33.3  -77.6  9.4
137.6  214.8  1558.0  -58.4  -74.7  35.2
65.6  256.4  1488.4  44.3  -61.0  -51.0
94.0  235.6  1478.8  85.0  -37.1  -33.6
68.8  234.4  1438.8  46.6  -64.5  -21.5
111.2  268.4  1490.0  -6.7  -25.8  -5.7
110.0  222.8  1590.8  48.7  -76.5  2.9
114.8  270.8  1428.0  106.2  -55.3  -77.9
63.6  251.6  1507.2  13.1  -71.6  32.8
118.8  270.8  1484.4  43.2  -43.5  14.1
126.0  267.6  1491.6  -37.6  -78.6  4.4
92.0  272.0  1538.8  19.6  -26.0  11.2
95.2  242.4  1462.0  -16.8  -70.3  46.5
81.6  233.2  1499.2  35.6  -67.0  11.5
86.8  232.4  1463.6  21.9  -62.0  -9.9
123.6  254.0  1516.4  45.9  -70.7  -9.6
99.6  232.8  1492.0  33.7  -38.0  -29.8
107.6  214.4  1516.8  13.8  -55.5  26.5
88.8  210.4  1449.6  27.8  -57.5  -50.9
82.8  217.2  1505.6  -3.2  -48.9  -7.2
69.6  250.8  1435.6  -4.1  -54.6  -21.4
105.2  243.6  1534.4  -8.7  -57.5  18.5
106.8  230.4  1486.0  -3.6  -66.2  14.1
103.6  218.0  1535.6  19.6  -66.0  7.5
101.6  191.6  1470.8  -3.4  -81.3  25.0
104.8  205.6  1565.6  -38.0  -73.8  63.0
103.2  250.4  1523.6  -8.4  -61.2  69.5
164.8  328.8  1458.0  -97.2  -88.0  208.3
213.2  743.6  1399.6  -181.2  -245.8  158.0
-205.6  1189.6  1707.2  -321.5  -558.4  440.1
33.6  328.8  1670.4  143.0  242.0  835.5
188.0  -840.8  1063.2  589.0  487.0  117.6
20.0  -820.4  1506.8  197.3  159.2  -163.6
79.6  -460.0  1396.0  156.8  -157.1  -140.2
112.8  98.0  1382.8  -99.2  -252.1  -19.3
86.0  312.8  1577.6  -198.2  -185.7  22.8
54.0  266.4  1437.2  -79.4  -82.1  80.8
138.0  206.0  1532.4  -38.0  -147.5  -30.1
88.8  91.2  1558.8  -8.5  -101.9  44.8
180.8  119.6  1476.4  139.9  -16.2  -180.0
146.8  92.8  1546.0  54.2  -28.1  -227.7
106.4  147.6  1479.2  190.2  -17.6  -321.8
70.0  196.4  1498.8  65.2  -104.1  -217.7
74.8  228.8  1524.0  108.7  -41.4  -187.3
68.8  257.2  1425.6  83.6  29.6  -152.9
73.6  308.4  1460.0  73.5  -10.9  -137.4
12.8  313.6  1503.2  -58.6  -88.6  -39.6
84.8  244.4  1540.8  31.1  -61.0  2.0
38.0  278.4  1504.8  25.4  -54.1  -42.6
104.4  224.8  1571.6  67.6  -59.2  9.7
74.0  198.0  1465.2  60.5  -58.9  -8.6
72.4  183.2  1504.0  81.1  -36.2  -43.7
40.4  199.6  1491.2  48.5  -57.4  -19.8
78.4  208.0  1557.6  25.3  -34.6  2.7
70.8  207.2  1455.6  17.2  -61.3  -31.8
38.8  202.0  1492.8  28.0  -45.9  -25.3
58.4  174.8  1505.2  13.4  -75.2  -8.6
67.2  180.0  1502.8  27.0  -71.3  -73.4
15.6  220.4  1452.4  48.9  -62.6  -86.1
70.0  230.0  1462.8  47.2  -65.9  -33.9
2.0  229.2  1507.6  0.4  -59.0  -52.6
33.6  230.0  1531.6  81.6  -44.5  -28.8
82.0  194.0  1465.2  37.2  -59.3  -4.2
43.2  203.2  1476.8  30.3  -57.0  -23.2
65.2  222.4  1524.8  29.6  -56.9  -3.1
24.8  209.2  1524.0  34.2  -61.7  -13.2
67.6  197.2  1466.4  60.1  -48.3  -5.9
70.8  193.2  1522.0  18.6  -51.3  -18.4
69.2  182.4  1510.0  20.6  -56.0  -9.8
51.2  176.0  1491.6  -1.1  -59.0  -6.9
63.2  204.8  1483.2  33.9  -45.7  -0.5
73.2  190.4  1500.4  21.1  -69.1  -14.6
46.0  176.8  1529.6  -2.4  -60.0  -31.5
40.0  187.2  1512.8  19.5  -78.5  -1.7
61.2  202.4  1470.4  12.4  -67.9  -7.9
30.4  194.0  1509.2  11.1  -66.2  18.1
66.8  212.0  1512.0  -24.4  -86.7  25.6
28.8  248.4  1494.4  5.9  -99.6  86.2
60.4  320.4  1422.4  -20.9  -100.5  110.0
166.8  839.2  1429.6  -169.6  -174.3  81.4
-389.6  1066.4  1734.4  -189.3  -332.4  452.4
-1.2  401.6  1690.8  258.4  -257.7  1218.0
260.8  -741.6  1378.0  431.4  911.2  430.7
156.0  -790.4  1602.4  181.5  311.1  71.2
88.4  -638.0  1393.6  116.2  34.1  -203.3
131.6  -190.4  1365.6  13.6  -261.6  -147.1
31.6  152.0  1576.0  -275.8  -287.8  -146.4
13.2  257.2  1527.6  -96.6  -186.0  -89.9
91.6  253.6  1534.8  -149.8  -212.6  -61.3
74.0  239.6  1473.6  -72.4  -122.4  -141.4
171.2  156.8  1443.6  -103.7  -63.8  -198.4
86.8  171.2  1506.0  -10.2  -49.0  -242.3
152.4  118.0  1564.4  46.7  -27.9  -201.9
26.4  120.8  1457.2  62.1  23.3  -170.7
78.4  116.8  1456.8  60.9  -34.1  -140.7
75.6  140.8  1508.4  -81.8  -45.9  -88.8
43.6  214.4  1542.0  -71.0  -96.7  -88.7
83.6  201.6  1544.0  -49.7  -86.9  -20.9
88.8  145.6  1483.6  23.2  -64.3  -10.7
96.0  141.6  1487.6  47.2  -32.2  -18.2
78.0  114.8  1510.4  45.5  -70.7  -4.8
59.2  76.8  1514.8  45.0  -54.7  30.9
74.4  55.6  1476.4  92.5  -41.8  22.2
87.2  64.0  1524.8  15.3  -54.5  28.9
91.2  67.6  1521.6  56.3  -40.6  -2.6
66.8  78.0  1498.8  78.8  -65.7  -14.1
99.2  79.6  1517.6  24.1  -67.8  -7.2
72.8  97.2  1515.2  49.7  -74.1  25.5
98.0  106.8  1506.0  35.3  -73.8  -24.4
84.0  99.6  1560.0  54.0  -71.4  -4.3
83.2  196.4  1418.4  108.2  -80.8  -10.7
82.8  479.2  1518.4  -86.4  -124.7  34.4
-157.6  1066.8  1568.0  -126.4  -187.3  68.3
-323.6  470.8  2237.2  90.1  -536.2  1215.2
268.0  -280.0  1318.4  449.5  708.5  631.3
308.0  -695.2  1137.2  274.2  730.8  68.5
-75.6  -633.2  1399.2  71.9  -143.1  -60.9
12.8  -343.2  1488.8  60.5  -183.4  -141.5
6.4  6.4  1412.0  -17.5  -261.1  -150.1
-40.4  130.4  1627.2  -126.8  -274.1  -54.0
-84.0  122.4  1476.4  -81.7  -215.9  -51.0
56.4  146.4  1528.4  -16.5  -122.1  -84.6
56.0  138.0  1491.6  -45.3  -161.0  -88.4
44.4  147.2  1496.8  39.0  -95.6  -282.8
37.2  152.4  1471.6  21.4  -103.5  -262.2
48.4  182.8  1536.8  21.6  -68.4  -216.3
36.0  199.2  1537.2  2.6  -32.2  -190.1
41.6  166.8  1513.6  67.2  -61.5  -103.1
-1.2  176.8  1503.6  59.7  -61.9  -98.7
67.6  123.2  1477.6  106.3  -33.0  -70.0
118.4  93.6  1496.0  -31.0  -50.7  -50.4
65.2  94.8  1544.0  72.5  -55.3  -66.4
62.0  90.8  1519.6  -20.2  -54.8  -88.3
30.8  105.6  1506.0  5.2  -88.5  -40.9
42.4  120.4  1520.4  22.1  -21.4  -26.6
73.2  94.0  1494.4  42.9  -67.3  -9.0
38.0  76.4  1484.8  34.2  -45.3  -23.0
62.4  87.2  1525.2  38.7  -45.8  -16.8
26.0  95.6  1503.6  36.7  -66.1  -20.9
74.0  80.4  1545.2  51.0  -25.2  -7.5
40.4  82.4  1488.0  7.8  -69.5  -19.5
24.4  103.6  1527.2  21.6  -42.9  3.0
6.0  95.2  1498.0  31.5  -54.0  9.4
48.4  94.4  1489.2  50.1  -61.1  14.0
14.0  98.4  1520.8  51.7  -61.0  20.5
24.8  102.0  1499.6  47.4  -28.9  23.4
45.6  66.4  1452.8  -80.4  -104.6  68.5
28.4  100.8  1513.6  22.9  -61.2  44.7
40.4  65.6  1532.8  7.1  -74.1  22.3
34.4  98.8  1528.0  74.3  -61.1  -7.6
50.0  74.8  1488.4  48.6  -27.9  4.6
6.0  62.0  1512.4  36.1  -54.4  5.6
46.0  99.6  1529.2  48.1  -43.2  -4.0
46.0  73.2  1505.6  45.8  -72.4  -37.6
20.0  96.0  1550.8  54.6  -58.9  -40.8
36.0  120.4  1493.2  51.4  -61.2  -42.3
46.0  54.0  1488.8  46.5  -45.8  -52.3
2.4  96.8  1494.4  46.0  -68.2  -39.9
-11.6  96.0  1518.8  44.0  -31.2  -21.5
34.4  86.8  1472.8  20.7  -71.3  -3.8
30.4  97.6  1472.4  35.0  -57.4  -40.5
-9.2  116.4  1554.4  28.6  -53.2  -12.4
54.0  79.2  1502.0  0.3  -59.0  13.5
12.8  100.8  1542.4  25.7  -63.6  -27.1
28.4  80.0  1511.6  38.5  -39.2  -0.7
50.0  63.6  1460.4  17.1  -69.0  -13.0
6.4  90.8  1528.0  21.7  -64.3  -8.2
6.0  92.4  1514.8  21.8  -58.9  -7.7
18.4  118.8  1491.2  48.3  -41.0  -0.3
24.0  75.6  1519.6  9.5  -46.1  -10.3
5.2  66.4  1504.0  18.7  -60.6  2.2
47.2  68.8  1511.6  6.7  -81.6  -5.9
46.0  89.2  1544.0  -8.3  -83.6  2.6
42.0  85.6  1492.4  24.6  -77.0  9.8
38.8  62.4  1478.8  26.5  -68.6  -5.0
35.6  68.4  1550.8  36.6  -69.4  -4.4
14.8  58.4  1482.0  45.1  -71.7  -2.7
13.6  65.6  1514.8  59.4  -57.6  -11.7
7.6  25.6  1531.6  45.1  -61.3  11.3
55.2  44.4  1482.0  39.7  -67.9  6.0
16.4  58.0  1526.4  10.7  -71.9  34.8
46.8  83.6  1522.0  8.8  -57.0  43.6
24.0  69.6  1532.4  4.1  -104.0  62.8
41.6  78.8  1524.0  13.3  -59.8  56.3
58.8  52.8  1512.4  16.3  -75.1  60.4
-1.2  62.0  1511.6  32.8  -91.4  52.8
46.0  25.6  1524.4  41.3  -57.2  53.3
34.8  19.6  1481.2  41.1  -63.7  31.5
69.2  6.4  1519.2  77.3  -30.1  4.1
19.2  97.6  1497.6  42.9  -53.1  32.4
34.4  73.2  1512.0  63.7  -33.8  48.4
1.2  54.4  1460.0  53.6  -54.1  57.2
29.6  77.6  1492.4  40.1  -62.8  49.3
27.2  70.8  1502.4  34.6  -55.5  42.4
20.0  75.2  1526.4  24.8  -69.5  55.4
32.8  74.4  1486.0  59.3  -52.7  21.2
12.8  90.8  1526.0  74.2  -48.1  24.0
27.6  88.4  1492.0  36.5  -60.5  43.0
26.0  81.6  1508.0  30.5  -68.5  70.4
73.2  78.8  1555.6  27.0  -61.9  52.8
53.6  53.2  1500.0  39.7  -94.6  -17.8
32.4  59.6  1519.2  49.8  -51.9  15.2
47.2  65.6  1522.8  36.7  -65.5  7.3
