-76.0  -138.0  1523.2  318.8  -304.0  -21.6
-17.6  -107.6  1561.6  -70.3  -198.6  81.2
32.0  -36.0  1525.6  159.2  -575.3  -145.7
21.6  -115.6  1469.2  -14.1  -553.1  -27.7
118.4  -156.4  1651.6  15.9  -45.8  45.4
8.8  -117.2  1491.2  -45.8  17.5  43.0
49.6  -158.4  1504.4  -63.7  -213.6  -28.1
74.8  -161.2  1533.6  -74.0  -159.2  -64.5
147.2  -148.8  1511.2  11.0  -67.3  -25.2
124.8  -160.8  1570.4  36.0  -177.9  7.1
104.8  -145.2  1510.4  32.5  -156.3  -4.6
109.6  -157.2  1496.4  39.9  -121.2  14.8
123.2  -186.4  1532.8  84.7  -113.9  22.8
92.4  -150.0  1518.0  104.1  -87.6  -44.7
142.0  -142.0  1547.2  80.6  -57.9  -0.1
132.8  -120.8  1525.2  65.1  -47.6  -11.0
121.6  -130.4  1521.6  33.2  -99.1  -10.8
126.0  -132.0  1547.2  18.1  -80.8  -17.0
136.8  -103.2  1534.0  20.6  -102.2  -3.6
140.8  -146.4  1533.6  46.9  -55.5  11.7
118.8  -144.0  1530.8  54.8  -62.9  -5.6
127.6  -142.0  1530.0  16.6  -34.8  -3.5
129.2  -129.6  1532.8  47.2  -84.7  -15.8
136.4  -128.4  1524.0  41.5  -74.8  -2.0
118.8  -144.8  1554.4  44.5  -87.1  -9.5
102.4  -122.4  1484.8  34.0  -90.0  -19.4
138.4  -162.4  1473.2  17.5  -7.4  -6.6
148.4  -170.0  1480.4  69.4  -62.4  -15.6
145.2  -108.8  1516.0  92.0  -88.1  45.5
89.2  -96.8  1574.8  143.9  -47.3  41.3
226.4  20.4  1647.2  106.9  -251.4  -180.5
197.6  459.2  1573.6  -281.6  -186.0  -180.3
173.2  867.2  1492.8  358.0  -115.6  -154.7
-144.8  442.0  1848.8  1475.0  -860.6  373.2
144.8  388.4  1209.2  19.6  10.3  1109.1
256.8  -698.8  1272.0  96.2  -284.9  508.2
68.4  -1632.0  2036.0  -203.3  -1237.5  219.4
90.0  -1616.4  1616.4  -809.4  -375.3  8.0
263.2  -1030.0  1206.8  -569.5  863.5  -147.1
154.0  -490.8  1006.0  197.1  528.8  -666.1
101.6  48.0  1568.8  278.2  356.1  -952.6
115.6  428.4  1922.0  -546.9  746.8  -673.6
16.4  762.4  1536.0  171.2  -601.7  -1136.5
234.4  384.4  1382.8  -658.9  -612.2  97.4
145.2  44.4  1313.2  -382.2  155.7  244.0
83.2  -263.2  1402.0  202.6  -122.4  124.5
172.8  -409.2  1604.0  106.5  23.0  76.3
148.0  -333.6  1512.4  -42.0  -23.7  -27.7
211.6  -272.0  1492.8  25.2  -65.7  -70.6
155.2  -255.2  1435.6  16.7  24.6  -68.0
238.4  -300.8  1542.0  27.7  73.6  -30.1
133.2  -281.2  1556.4  55.6  -0.4  29.1
115.6  -290.8  1521.2  -10.9  -43.0  48.5
48.4  -342.4  1460.4  -175.3  56.9  109.2
66.8  -382.0  1456.4  -99.0  -46.3  48.0
105.6  -358.8  1495.2  -28.0  -93.6  2.1
110.0  -313.6  1478.0  105.8  -130.6  -23.6
113.6  -334.4  1557.2  93.7  -111.2  -8.7
118.8  -285.2  1580.0  87.2  -142.0  -16.8
118.8  -320.4  1482.8  2.3  -88.3  33.4
133.2  -368.4  1418.4  159.0  -133.4  1.5
92.0  -346.0  1467.2  171.0  -143.0  -71.7
140.8  -258.8  1538.0  198.6  -132.2  -106.0
178.8  -267.2  1564.8  72.0  -71.5  -10.6
145.2  -251.6  1520.8  85.3  -120.5  -14.8
140.0  -274.8  1485.6  45.2  -76.5  -4.0
140.0  -276.8  1500.0  68.9  -64.8  -39.2
142.4  -267.2  1540.8  87.6  -16.0  -20.5
150.0  -238.0  1575.6  38.3  -50.4  -3.1
184.4  -263.2  1566.8  -7.4  -112.5  14.2
138.8  -271.2  1475.2  -31.7  -124.3  41.1
119.6  -279.2  1452.0  15.1  -100.4  7.5
128.0  -286.0  1500.4  54.9  -48.4  -8.2
171.6  -296.4  1506.4  22.2  -54.5  1.8
110.4  -257.6  1465.6  31.6  -64.9  -14.7
128.8  -283.6  1468.0  47.5  -32.6  -19.0
145.6  -289.6  1518.0  144.8  -40.1  -31.6
154.8  -242.8  1569.2  107.1  -80.3  -85.2
190.4  -175.2  1478.4  154.2  -237.1  -223.8
196.4  283.2  1634.8  504.4  -494.3  -486.3
210.0  1332.8  1462.0  550.1  -306.7  -124.3
295.2  1203.2  1291.2  997.3  289.2  614.1
615.6  662.0  1675.6  2175.8  -19.8  1672.7
-253.6  -1398.4  2446.0  533.2  310.1  1298.1
-124.8  -2520.8  2362.0  -856.1  -870.9  89.9
31.2  -1505.2  1220.4  -1670.0  263.6  -163.3
223.2  -336.8  1034.0  -526.0  648.0  -646.2
118.4  228.8  1426.4  960.6  318.8  -781.1
46.0  785.2  1625.6  4.8  563.2  -970.8
110.0  762.0  1648.0  -42.2  -159.9  -1062.9
154.0  528.4  1670.8  176.2  -283.9  -103.7
193.2  123.6  1547.6  -302.1  205.2  267.8
99.6  -95.2  1434.0  -193.3  -61.3  323.4
65.2  -265.2  1554.0  -67.8  -85.8  184.6
-10.0  -220.0  1530.8  -135.1  -112.4  230.0
-35.6  -180.8  1490.4  -54.4  -229.9  -10.6
59.6  -246.4  1502.4  -142.9  -43.0  21.0
93.6  -189.2  1478.8  -98.1  -124.8  -9.7
86.8  -222.8  1454.0  67.5  -157.8  13.0
112.0  -285.2  1562.8  55.1  -53.1  -64.9
116.8  -214.4  1504.0  -26.2  153.4  43.7
76.8  -242.4  1486.8  83.1  -54.5  6.2
53.2  -243.6  1568.8  55.3  19.8  -41.2
2.8  -227.6  1509.2  24.7  -68.8  25.8
40.8  -304.4  1573.2  3.6  -32.1  -0.2
86.0  -236.4  1502.4  21.4  -45.6  -45.1
35.6  -246.4  1512.0  -39.0  224.0  90.8
-28.8  -240.4  1467.6  59.1  -92.4  19.2
26.4  -246.4  1538.0  106.4  -164.3  -28.3
69.6  -262.4  1526.4  65.9  -69.1  -29.8
35.2  -249.2  1549.2  18.6  40.4  6.3
-20.4  -278.4  1534.0  -29.8  14.2  6.3
-28.8  -220.0  1482.8  50.7  -207.8  -40.1
28.8  -244.0  1529.2  45.9  -191.1  -17.8
39.2  -228.4  1485.6  39.4  -90.9  -42.7
26.8  -247.6  1523.6  82.2  -102.6  -38.1
48.8  -293.2  1539.6  32.9  -52.3  6.6
39.2  -235.6  1523.6  18.4  -78.2  -25.0
9.6  -255.6  1503.6  28.9  -55.7  -5.5
44.0  -246.4  1534.8  59.8  -107.6  -26.2
43.2  -237.2  1559.2  26.8  -78.7  8.0
28.0  -226.0  1494.4  37.6  -116.5  -14.5
38.8  -266.0  1486.0  29.9  -72.4  -2.8
59.2  -244.0  1500.8  44.7  -98.7  -14.2
26.0  -232.8  1524.8  54.0  -153.4  -23.0
45.6  -254.4  1514.8  2.9  -58.3  -0.8
29.2  -246.0  1526.8  30.9  -125.3  -18.5
46.8  -236.8  1494.0  1.8  -113.1  -52.7
68.4  -290.8  1491.6  -36.1  -107.4  -28.6
54.0  -275.6  1525.2  -116.0  20.8  18.1
52.4  -294.4  1414.0  -193.5  -9.1  -6.6
126.8  80.4  1605.2  207.3  -148.8  -164.1
28.0  748.8  1762.0  380.4  -425.8  -425.2
262.8  1314.0  1216.0  469.8  158.7  574.1
-29.2  224.8  1270.4  1566.2  -942.3  1859.3
-505.6  -891.2  1870.0  1261.6  229.1  1600.5
-623.6  -1962.8  2042.8  -110.5  -458.9  193.8
9.2  -1488.0  1660.0  -1659.3  137.1  -52.2
-44.4  -346.4  1244.8  -881.4  540.3  -416.3
68.4  -88.8  1202.4  348.6  -225.8  -1089.5
128.0  251.6  1462.0  -137.3  550.9  -419.8
116.0  590.4  1589.2  74.5  132.2  -749.5
244.8  601.2  1793.2  267.1  -220.5  -332.3
192.8  203.6  1582.0  -123.1  -592.7  117.7
130.8  -61.6  1418.4  -77.8  -351.0  140.8
213.2  -254.4  1476.4  3.8  -55.1  171.8
94.8  -281.6  1553.6  -22.0  -173.9  1.1
176.0  -165.2  1527.6  -100.0  46.5  -56.3
190.4  -164.4  1507.2  -0.1  10.4  -52.5
192.4  -156.0  1532.8  23.6  -24.4  -8.8
216.4  -200.4  1556.0  -14.6  -22.3  10.5
163.2  -185.2  1525.6  -11.5  -79.6  29.7
147.2  -202.8  1497.6  -20.8  -2.5  64.7
145.2  -219.2  1496.8  -19.1  26.4  50.4
157.2  -204.8  1494.8  -17.1  -18.0  -14.6
161.6  -213.2  1526.8  32.4  -53.5  -14.4
141.6  -203.6  1522.0  42.7  -38.2  2.7
123.6  -226.4  1513.6  41.0  -46.9  -9.4
134.0  -218.0  1549.2  32.6  -43.7  6.8
118.8  -212.8  1501.6  5.5  -92.5  5.7
133.2  -225.2  1510.4  -7.7  -71.4  26.7
116.8  -247.6  1513.2  29.1  -66.1  2.2
118.8  -223.6  1534.8  42.9  -59.3  -16.5
115.2  -228.4  1545.6  52.1  -90.6  -23.3
118.8  -230.8  1524.4  31.7  -97.4  -10.0
152.8  -254.0  1514.4  -4.7  -70.6  -3.8
138.8  -226.0  1492.8  17.6  -77.9  -37.7
128.8  -213.2  1508.8  20.0  -40.1  13.6
107.6  -246.4  1526.4  48.7  -74.2  -13.9
119.2  -230.4  1521.6  26.8  -69.4  -7.2
146.0  -242.4  1513.2  26.6  -47.5  2.0
135.6  -223.6  1510.0  52.9  -65.6  -11.9
108.4  -230.4  1528.4  50.7  -57.9  3.2
114.8  -243.2  1522.4  35.4  -59.7  -11.1
126.0  -235.6  1511.2  33.4  -68.3  -14.8
126.8  -233.2  1510.4  42.4  -48.5  -12.5
102.8  -260.4  1513.6  16.9  64.3  36.5
91.6  -231.6  1499.2  57.9  -21.1  -22.6
134.0  -246.0  1524.4  -27.1  -91.9  -37.4
115.2  -133.6  1548.0  -52.9  -117.6  -52.4
57.2  435.6  1673.6  242.6  -47.9  -32.7
115.6  934.8  1476.0  530.1  -56.3  544.0
381.2  1000.4  1466.4  1552.2  -61.6  993.0
-100.0  434.0  870.0  856.5  -1016.7  104.1
-321.2  -2056.0  2070.4  -1049.8  -1402.3  533.3
282.8  -2300.8  1665.6  -1079.2  -669.5  -76.3
225.6  -810.4  1354.4  -919.1  1276.9  -106.0
450.4  -157.2  1327.6  1088.8  834.5  -804.0
38.8  98.0  1520.0  269.8  -217.3  -410.9
-13.6  508.4  1765.2  -419.4  323.2  -572.5
290.4  492.8  1356.4  -492.1  476.6  -698.9
337.6  337.2  1648.4  43.3  -355.5  -288.6
98.8  -18.8  1407.2  -33.5  -801.8  96.3
70.0  -167.6  1501.2  -98.6  9.3  4.9
238.0  -308.0  1562.8  21.7  204.5  -9.5
191.6  -195.6  1524.8  6.6  -51.1  22.4
168.0  -114.8  1474.4  4.5  -22.9  40.1
185.6  -217.2  1496.8  60.2  24.7  96.4
110.8  -251.2  1518.8  5.1  -40.1  101.9
93.6  -243.6  1521.6  17.7  -62.3  57.7
119.6  -235.2  1531.6  -11.8  -78.2  16.6
103.6  -211.2  1466.0  23.4  -124.0  8.6
194.4  -223.6  1536.8  15.9  -16.5  62.6
138.4  -228.0  1542.0  -28.7  -14.5  127.9
152.0  -240.0  1550.4  -38.6  88.2  171.9
52.4  -249.6  1526.8  -103.3  20.2  164.4
25.6  -278.0  1491.2  -86.2  -20.1  71.5
71.2  -284.8  1473.6  9.4  -98.3  22.7
86.0  -311.2  1531.2  -24.3  -81.1  20.5
95.6  -264.8  1488.4  30.2  -77.8  10.8
49.2  -307.2  1511.2  49.7  -69.2  15.1
51.6  -301.2  1528.4  28.5  -86.8  -10.3
51.2  -283.6  1475.2  57.5  -111.9  -45.7
79.6  -290.8  1496.8  99.4  -43.4  -21.0
90.0  -291.2  1520.4  74.6  -5.5  -15.8
65.6  -263.6  1532.0  58.8  -16.0  -11.8
43.6  -267.6  1492.8  67.5  -97.0  -37.3
84.4  -296.0  1542.8  -20.5  -50.8  22.6
77.6  -270.8  1496.0  -1.9  -48.3  13.9
77.6  -279.6  1485.2  44.0  -78.1  -1.0
78.0  -301.2  1502.8  26.4  -24.2  14.4
10.4  -287.2  1486.0  69.1  -72.7  -16.7
54.0  -290.8  1512.8  54.3  -42.6  -29.6
34.8  -253.2  1472.0  129.9  -205.7  -128.0
114.0  -294.8  1499.2  158.2  -347.2  -124.5
149.2  -285.6  1526.0  -5.6  22.6  25.8
-64.8  698.0  1427.6  885.3  -813.8  -825.2
646.4  1227.6  2119.2  2102.6  -87.8  -841.7
224.0  1219.2  1200.4  1753.3  26.2  1163.0
-180.8  26.0  1772.8  -523.0  -247.6  1320.4
215.6  -1792.4  2391.2  -470.5  -476.9  527.0
106.4  -1655.2  1623.6  -1211.5  -186.5  87.2
28.0  -1028.0  1280.8  -876.9  249.6  -369.6
172.4  -184.4  1496.0  -572.6  504.0  -525.7
160.0  405.6  1505.2  -38.6  456.9  -735.4
210.0  339.2  1793.2  75.0  235.8  -861.7
170.0  699.6  1466.4  372.0  164.5  -928.7
388.0  323.6  1591.6  -258.2  -362.0  -121.6
249.6  191.6  1427.6  -120.8  -243.6  197.1
162.8  26.8  1400.4  97.9  37.8  283.3
136.4  -160.8  1510.4  130.2  -128.3  251.1
52.8  -129.2  1587.6  30.7  2.3  239.0
94.0  -171.6  1571.6  15.2  63.7  105.2
113.2  -151.6  1596.0  -32.3  -46.8  106.3
106.0  -154.0  1583.2  -69.7  -115.6  23.5
105.2  -157.6  1474.8  -36.7  -46.2  40.0
123.6  -177.6  1482.8  38.2  -47.4  25.2
104.0  -166.0  1484.8  76.7  -67.2  -7.9
108.8  -137.6  1547.2  60.0  -65.6  -4.6
103.6  -149.2  1504.8  30.6  -18.8  2.1
117.2  -140.8  1549.2  52.6  -55.4  -7.6
100.0  -117.6  1532.0  34.0  -56.2  8.9
104.0  -136.0  1534.4  29.4  -73.2  11.4
118.0  -140.4  1525.2  23.6  -79.9  3.3
76.8  -136.4  1489.2  18.6  -105.5  -3.9
104.0  -148.4  1505.2  70.7  -44.4  12.0
97.2  -127.6  1526.0  50.5  -57.3  -0.5
102.0  -139.2  1511.2  44.7  -26.0  6.2
107.6  -123.2  1521.6  67.5  -74.1  5.2
105.2  -111.6  1526.0  89.6  -69.8  6.2
94.0  -106.8  1536.0  63.8  -65.1  -5.5
106.0  -132.4  1531.6  39.6  -88.1  -13.6
99.6  -133.2  1535.2  28.8  -80.6  -17.4
102.0  -114.0  1533.2  47.7  -66.1  -23.9
124.4  -110.4  1526.8  49.2  -60.3  -9.9
82.0  -110.4  1524.8  40.6  -80.0  -5.6
126.8  -114.4  1521.6  50.9  -63.8  -35.2
82.4  -106.8  1520.0  76.7  -48.4  -19.8
111.2  -106.0  1510.8  68.2  -39.0  -1.9
100.8  -130.8  1527.2  45.2  -38.7  -8.3
120.8  -148.8  1532.4  -43.9  -2.4  -9.3
43.2  -17.6  1548.4  30.8  -19.1  -35.3
82.4  -42.0  1541.2  -9.9  -123.9  -36.1
102.8  386.0  1400.0  160.8  -103.0  -415.1
358.4  1189.2  1404.0  1159.2  11.5  77.1
50.0  1334.0  1195.2  953.4  -253.5  441.6
296.0  -610.8  2273.2  -515.6  -877.6  1327.9
-418.8  -989.2  1605.2  25.7  -246.7  1238.8
147.2  -2178.4  2106.4  -402.9  -1225.7  448.5
-329.6  -1102.4  1371.6  -1056.6  941.0  241.5
14.0  -382.8  1490.8  -338.1  1481.6  -829.9
16.0  208.8  1486.4  657.0  854.8  -1444.8
90.4  253.6  1614.0  132.3  310.3  -1058.8
57.2  561.6  1678.8  421.7  685.8  -748.1
92.8  506.4  1584.4  -211.9  -46.8  -173.8
-162.4  337.6  1368.4  155.2  -92.1  326.2
62.4  53.6  1318.8  -94.3  -125.5  209.4
36.8  -60.0  1469.2  43.4  -324.6  282.1
-118.8  -158.0  1658.8  322.5  -452.6  -20.8
35.2  -18.8  1625.6  213.1  -297.4  -179.1
-39.2  -81.2  1687.2  480.8  -460.5  -477.5
-897.2  -616.0  1470.8  142.3  -352.6  7.1
150.8  -31.2  1543.6  -238.5  -115.4  32.9
188.0  -1.6  1538.0  -197.4  -276.2  -154.6
208.8  -91.2  1446.0  -33.8  -629.9  -498.6
33.6  -65.2  1511.2  -286.1  70.1  243.2
109.2  -159.2  1517.2  -33.9  289.6  258.4
100.8  -130.8  1564.0  50.8  -56.3  81.1
171.2  -132.8  1566.4  29.8  -124.0  51.4
133.2  -140.4  1510.8  -84.8  -170.5  95.6
162.0  -125.2  1511.2  23.6  -89.6  -7.4
149.6  -122.8  1505.6  137.2  -44.8  27.6
150.4  -142.0  1528.0  25.0  -11.9  77.1
134.8  -155.6  1527.2  73.2  53.7  5.2
125.6  -134.0  1516.8  140.6  -16.1  -88.3
105.6  -106.0  1517.2  78.7  -15.7  -1.5
106.8  -92.0  1534.8  43.7  12.5  64.8
89.6  -105.2  1557.2  67.4  -56.2  31.5
106.4  -94.8  1524.0  12.2  -91.4  2.2
110.8  -118.4  1536.0  14.4  -146.8  -47.2
108.8  -87.6  1484.8  -23.0  -27.8  22.6
111.6  -106.8  1509.2  60.2  -66.1  14.9
110.0  -129.2  1544.4  26.9  -49.4  20.1
88.8  -102.8  1545.2  30.5  -68.0  -8.0
82.8  -100.0  1516.8  -90.0  2.0  75.3
105.2  -151.6  1513.2  -32.9  -53.1  13.0
97.2  -143.6  1512.4  -3.2  -97.1  -17.4
119.6  -145.6  1471.2  -45.7  -69.5  -11.8
128.8  -198.0  1447.2  -118.2  -35.8  27.2
110.4  17.6  1596.0  -185.9  157.1  -125.3
360.4  735.2  1292.8  -774.3  98.7  -470.8
81.6  1353.2  1593.2  1954.0  -1304.4  483.1
-477.6  425.6  1840.4  3116.0  1138.7  1016.2
190.8  -385.2  2199.6  -494.8  -1125.4  1949.5
-580.0  -1450.0  2197.6  -1194.3  -1098.4  726.8
-108.0  -1369.6  1509.6  -1267.9  -40.0  343.6
76.0  -966.8  1219.2  -777.7  485.1  -702.6
89.6  -216.0  1510.8  -78.7  1284.0  -1016.8
150.8  404.0  1610.8  -14.9  934.3  -801.2
160.4  454.4  1638.0  -126.1  547.0  -683.0
155.2  551.6  1634.0  244.7  -371.0  -369.9
237.6  214.0  1574.0  -92.3  -631.9  -42.7
29.6  128.8  1430.8  -66.5  -403.7  174.7
94.0  -123.2  1539.6  149.8  -91.8  174.5
113.6  -278.0  1659.6  170.0  -70.9  41.4
82.0  -202.4  1567.6  -73.2  -105.5  -71.7
115.6  -90.4  1498.8  -70.5  -15.0  -18.9
160.0  -132.0  1528.4  56.7  -94.8  31.8
112.4  -155.2  1504.8  7.7  -111.0  71.2
86.0  -172.0  1523.6  70.6  -78.4  65.0
108.4  -188.0  1558.8  87.7  -35.4  28.4
120.0  -140.0  1521.2  33.1  -3.2  1.8
84.0  -114.4  1537.2  -22.2  22.6  57.9
79.2  -140.8  1538.8  34.2  -73.5  -4.0
66.4  -149.2  1524.4  32.4  -90.3  2.3
73.6  -172.0  1508.0  11.6  -77.1  7.8
61.2  -156.8  1506.8  52.1  -86.3  7.3
85.2  -165.6  1530.4  38.6  -43.8  -6.7
86.0  -140.0  1531.2  64.0  -57.4  -0.3
70.8  -136.4  1530.8  52.4  -86.0  -8.7
78.8  -146.4  1504.8  68.9  -123.6  -29.6
83.6  -148.0  1530.8  43.7  -67.0  -18.2
98.8  -134.8  1506.4  65.9  -58.2  -15.1
82.4  -124.4  1557.6  57.5  -41.7  3.5
77.2  -124.4  1569.2  33.7  -71.8  11.9
81.6  -120.0  1524.4  22.5  -87.6  21.7
99.2  -130.0  1524.0  27.6  -93.2  -25.4
123.2  -139.6  1515.2  38.9  -65.4  -7.6
82.4  -106.4  1532.8  43.3  -69.6  -14.7
92.8  -128.0  1514.8  38.4  -58.5  -7.2
83.6  -152.4  1523.2  56.4  -59.7  6.4
98.8  -142.4  1539.2  24.5  -72.0  18.9
84.4  -148.0  1508.0  31.0  -61.4  -1.9
103.6  -148.0  1528.4  39.3  -67.2  2.9
96.4  -118.4  1538.4  30.1  -78.5  -16.9
79.6  -142.0  1517.2  11.2  -85.2  -18.4
122.0  -130.4  1500.0  30.2  -53.5  -11.7
48.4  60.4  1474.8  103.8  -168.6  -62.2
240.4  671.6  1382.8  233.3  -280.7  -564.4
198.8  1358.0  1514.0  1059.8  398.7  210.1
-536.4  586.4  2114.0  2526.5  1126.1  1276.6
-227.6  -602.8  1735.2  -104.2  -598.6  1027.8
-369.2  -1837.6  2566.4  -19.8  -412.0  -152.5
204.0  -1397.6  1873.6  -1557.6  -294.3  58.9
22.0  -295.2  1219.6  -1378.1  77.6  -191.2
-112.8  191.2  1253.6  26.8  551.2  -873.0
-20.4  202.0  1524.4  -245.7  929.0  -165.7
-20.4  408.8  1642.4  -322.6  639.6  -486.8
12.4  436.8  1514.4  242.2  -407.8  -517.9
-18.0  282.4  1500.4  85.2  -641.2  -89.4
-14.8  166.4  1392.0  14.3  -277.9  201.6
-31.6  -149.6  1558.8  169.9  -158.1  259.2
23.6  -202.8  1573.6  202.0  -339.3  41.0
13.2  -186.4  1569.2  -2.6  -88.4  58.4
-10.4  -81.2  1524.8  -44.5  -82.4  -27.1
37.2  -79.6  1497.6  29.6  -103.6  -44.4
50.4  -67.6  1525.6  22.1  -126.1  22.6
22.4  -118.4  1515.2  -0.4  -151.0  12.5
34.4  -107.2  1501.6  -7.7  -135.3  -3.1
48.0  -97.2  1499.6  33.6  -95.1  -30.3
98.8  -87.6  1567.6  62.2  -73.8  5.8
85.6  -126.4  1584.0  -27.4  -130.0  75.6
43.6  -159.2  1539.2  -86.2  -90.8  47.0
55.2  -157.2  1510.0  0.4  -93.4  -13.5
78.4  -132.4  1497.6  53.3  -64.6  -47.7
94.8  -137.2  1542.4  81.3  -67.5  -25.0
78.0  -125.6  1584.0  58.3  -23.7  13.2
56.8  -125.6  1518.8  40.3  -47.2  10.6
51.6  -150.0  1525.2  30.0  -24.9  24.5
50.8  -119.6  1532.8  52.0  -65.3  -20.8
79.2  -105.2  1522.8  86.7  -48.7  -30.3
68.0  -128.0  1545.2  26.8  -38.4  6.5
44.8  -109.6  1518.4  33.4  -66.3  2.9
36.4  -131.6  1542.4  10.1  -57.2  16.3
70.0  -132.4  1541.6  7.9  -90.1  -9.4
62.0  -117.2  1482.4  10.8  -78.5  11.0
49.6  -108.4  1484.0  42.8  -63.8  5.3
56.8  -142.0  1519.2  37.1  -82.6  -12.9
48.0  -119.6  1534.4  24.8  -68.7  -7.2
65.6  -124.0  1515.6  21.9  -77.8  -6.8
61.6  -123.2  1523.2  15.3  -97.9  11.1
62.8  -132.8  1527.2  36.0  -97.2  -13.0
65.6  -129.6  1518.4  12.7  -71.2  -12.9
72.8  -120.4  1529.2  14.7  -61.8  -21.8
115.6  -100.4  1534.8  59.2  -66.8  69.2
116.8  184.4  1642.4  111.9  83.0  -283.3
85.2  1083.2  1283.2  434.8  377.4  -434.7
146.8  1642.0  1365.6  1930.9  950.4  434.7
-92.4  423.6  1767.6  473.1  -683.2  457.5
-940.0  -1034.0  1702.8  524.2  613.1  1949.1
-44.4  -2705.6  3059.2  218.0  -410.3  81.0
12.4  -1266.8  1508.0  -1549.7  -225.7  318.6
-103.6  -293.2  1674.0  -840.1  200.2  -526.7
-139.6  396.4  1508.4  -110.2  339.7  -456.7
-86.4  640.4  1522.0  -19.6  105.9  -547.7
242.0  307.6  1634.8  -221.3  -282.9  -553.1
87.6  400.0  1556.0  -463.7  -401.1  -221.6
178.8  263.6  1464.0  -144.0  -517.6  -188.6
125.2  115.2  1416.0  -121.4  -359.3  163.3
98.4  -144.8  1531.6  225.5  -37.0  169.8
191.6  -311.2  1646.4  85.3  -108.7  57.2
127.6  -239.6  1520.4  -19.6  -36.7  38.1
95.6  -177.2  1460.8  42.2  -32.8  -36.0
115.6  -131.6  1495.2  113.8  49.9  -29.5
134.8  -159.2  1573.6  83.4  -79.1  -28.4
91.6  -106.0  1583.6  -15.3  -88.9  6.5
97.2  -146.4  1551.6  -35.7  -87.1  25.2
106.8  -170.0  1494.8  -4.7  -115.2  7.0
133.2  -173.6  1504.4  1.0  -56.0  9.0
110.4  -168.0  1502.4  24.0  -58.9  -1.6
125.6  -183.2  1537.2  43.6  -81.8  -28.9
108.8  -154.4  1515.6  44.1  -84.0  -21.0
129.6  -176.0  1530.8  29.1  -69.7  0.5
111.6  -154.4  1533.6  32.5  -70.6  -5.0
104.8  -178.0  1528.8  43.0  -57.5  -5.1
129.2  -181.2  1522.4  52.8  -48.7  -24.4
100.4  -131.2  1524.0  56.4  -45.2  -24.2
118.4  -158.8  1550.8  36.5  -39.9  -6.2
127.2  -128.8  1559.2  22.6  -82.3  3.1
91.2  -168.8  1527.6  11.3  -76.0  -0.7
104.4  -178.8  1488.0  50.6  -51.6  -2.0
82.4  -174.0  1504.4  41.1  -76.7  -18.0
104.8  -156.0  1526.8  39.7  -65.8  -20.2
116.4  -202.0  1516.8  27.6  -81.3  -9.2
114.0  -175.6  1507.2  32.4  -84.0  -11.1
107.6  -164.0  1521.6  40.2  -66.7  -16.3
110.4  -186.8  1516.8  30.2  -74.9  -7.3
103.6  -173.6  1531.2  42.8  -63.4  -17.8
151.2  -165.2  1545.6  33.0  -62.5  -17.1
109.6  -159.6  1527.2  21.6  -73.6  -9.0
125.2  -191.2  1486.8  31.1  -72.6  -15.2
117.2  -176.8  1504.4  26.7  -51.9  -36.7
108.4  -160.4  1519.2  45.6  -75.0  -54.2
118.4  -186.4  1558.8  -49.3  -61.2  -49.9
216.8  -62.4  1544.4  6.0  -173.9  70.7
50.4  139.2  1460.8  138.0  -493.0  -90.7
10.4  1049.2  1490.4  462.5  -245.0  -659.1
472.8  1052.8  1616.4  975.5  335.7  304.4
626.4  1840.0  -82.0  754.5  -195.9  -173.1
177.2  -1186.4  1557.6  -487.5  -165.8  1478.7
-332.8  -2307.6  2398.8  -63.2  -463.6  186.1
124.0  -1232.0  1572.4  -1521.2  -128.0  -411.0
57.2  -79.2  1379.2  -446.5  733.8  -20.7
-80.0  662.8  1217.2  -132.2  352.3  -743.0
235.2  467.2  1504.0  -83.6  673.7  -598.5
165.6  370.8  1418.8  -306.6  227.2  -94.7
-2.0  440.8  1683.2  168.4  -536.5  -134.9
-24.0  144.8  1360.8  -202.7  -210.0  88.1
284.4  84.8  1402.4  -44.0  -221.3  631.7
47.6  50.0  1639.2  821.4  -735.1  410.3
-137.6  -116.8  1589.6  370.7  -245.5  108.4
-169.2  -509.2  1728.8  -204.9  334.2  -364.5
47.2  -323.2  1500.4  -790.9  559.9  -327.0
291.6  252.0  1422.8  -6.0  -421.2  193.4
155.6  194.0  1523.6  183.2  -358.4  371.9
-52.8  -143.2  1527.6  462.2  -354.7  225.8
-214.4  -582.4  1651.6  -164.1  336.6  -338.6
98.4  -216.8  1548.0  -668.8  554.8  -286.5
322.8  234.4  1536.8  241.3  -726.9  -13.6
259.2  68.4  1530.4  100.9  -524.6  551.3
-108.4  -181.6  1496.0  448.4  -619.3  267.7
-155.2  -548.0  1681.2  -252.3  428.8  -385.3
196.8  -206.8  1570.0  -808.0  744.0  -305.3
326.4  100.8  1456.4  -14.7  -541.9  -7.3
58.4  -135.6  1495.2  314.6  -482.7  285.3
-151.6  -521.6  1637.6  -10.8  36.8  -116.6
82.8  -289.2  1606.8  -530.0  526.7  -373.5
379.2  -58.0  1469.2  -3.6  -570.7  -69.0
166.0  -168.0  1392.4  14.7  -269.8  304.5
-97.6  -485.2  1472.0  141.3  29.5  39.5
-148.0  -448.4  1546.0  -126.0  472.8  -326.9
52.0  -210.8  1588.4  -285.1  506.0  -371.0
310.4  -180.4  1660.4  -94.1  -245.2  -3.5
154.4  -178.4  1419.6  332.6  -1040.8  384.1
-24.8  -362.0  1356.0  349.0  -413.1  360.0
-164.8  -524.8  1440.8  172.8  183.7  -37.5
-117.2  -495.2  1528.0  -256.7  865.4  -434.0
38.0  -251.6  1565.2  -233.6  566.0  -416.5
137.6  -240.0  1624.4  -75.4  4.2  -228.1
102.4  -279.6  1515.2  -45.1  -308.9  26.7
80.8  -346.4  1487.6  47.0  -577.6  216.7
-0.8  -390.0  1500.0  51.3  -433.5  161.3
54.4  -339.6  1546.4  -35.2  -185.2  115.6
91.2  -311.2  1490.4  161.0  -371.3  103.1
146.4  -277.2  1473.2  77.1  -178.4  181.0
63.2  -303.2  1482.8  -20.6  -160.0  100.1
80.4  904.8  1270.4  396.1  -499.4  -298.9
318.0  1345.2  1680.0  1823.6  -535.5  -74.5
-4.8  440.0  1215.6  1690.8  16.4  957.4
80.8  -1177.6  1897.6  -107.1  -232.5  -41.3
435.6  -1738.8  1561.2  -277.2  -349.3  285.4
457.6  -1766.0  1755.6  -729.7  -379.5  -82.2
237.6  -642.8  1332.4  -405.6  542.6  -193.8
115.2  -389.2  1510.0  197.0  574.2  -48.3
-105.6  -6.8  1522.0  289.8  681.7  -483.9
150.4  294.4  1349.2  -161.8  593.2  -247.7
32.0  609.6  1435.6  251.6  -129.8  -317.3
155.6  359.2  1641.2  60.7  -262.3  -230.8
5.6  252.4  1542.8  -155.4  -102.8  263.0
-44.8  7.2  1502.4  -148.3  -169.3  264.1
-31.2  -273.6  1591.2  -12.6  -23.1  181.5
4.4  -330.4  1516.8  -89.0  -61.8  29.6
10.0  -239.6  1468.4  -43.3  -31.0  -94.2
42.0  -176.4  1482.8  41.9  -9.9  -75.2
43.6  -181.2  1533.2  78.3  -33.5  -33.7
45.6  -202.0  1611.6  74.8  -98.1  -12.9
8.0  -187.2  1530.8  43.4  -94.1  5.2
23.2  -208.4  1509.2  49.3  -114.7  -30.3
31.2  -198.0  1514.0  42.9  -72.5  -17.6
32.0  -171.6  1520.8  56.2  -88.2  -11.7
45.2  -171.6  1541.6  23.3  -91.1  9.5
30.8  -199.6  1508.4  19.7  -94.8  6.0
30.8  -180.4  1507.2  19.4  -84.0  -6.2
38.4  -206.8  1468.8  61.1  -76.0  -25.5
32.4  -207.2  1513.2  71.3  -51.9  -49.1
26.4  -171.2  1523.2  74.0  -32.4  -47.2
50.4  -166.8  1568.4  60.6  -60.4  -16.2
35.6  -165.2  1554.8  22.4  -96.5  -7.3
22.8  -192.0  1514.8  8.5  -99.8  -1.5
27.2  -228.0  1492.4  30.2  -51.8  -14.2
50.4  -184.4  1512.0  34.2  -43.9  -21.2
50.4  -177.2  1542.8  46.9  -60.4  -1.8
28.4  -167.6  1560.8  29.8  -78.8  4.4
35.2  -193.2  1519.2  19.6  -88.8  -0.1
41.6  -220.8  1527.2  33.4  -71.4  -3.8
26.4  -305.6  1527.6  -12.9  -72.8  -100.2
85.2  -294.0  1436.0  -55.8  -73.7  -175.4
82.4  -238.4  1358.4  28.6  97.3  -167.4
264.0  227.6  1420.0  349.1  -547.8  -238.3
-206.4  1383.6  1632.4  1101.2  -653.3  -882.8
355.2  1320.4  1666.8  210.1  -98.2  1061.3
290.4  1047.6  1763.6  2065.7  -6.8  1627.2
174.0  -1343.2  1918.0  138.0  -539.2  1796.2
54.8  -2286.4  1962.4  -556.4  -454.0  144.3
108.4  -1442.8  1258.8  -514.6  148.6  206.0
208.4  -456.4  1181.6  -43.9  804.6  -625.2
74.8  -20.8  1334.0  311.9  434.9  -965.8
38.4  410.8  1632.0  -373.0  1085.8  -350.3
258.8  648.4  1692.0  -142.1  250.7  -683.8
176.8  540.0  1712.0  447.2  -621.7  -459.4
169.2  151.2  1512.0  -134.6  -321.8  154.3
38.8  -90.0  1476.0  -76.4  -11.5  269.3
50.4  -318.0  1611.2  58.8  -74.3  163.3
20.4  -181.6  1487.2  -49.0  34.8  157.2
8.8  -332.4  1517.6  102.9  -39.6  -247.0
185.2  -240.8  1576.4  -261.8  99.8  -344.3
367.6  152.8  1633.6  52.5  -476.2  -10.7
189.6  186.8  1558.8  -14.0  -390.9  414.0
-33.2  120.4  1296.0  358.1  -408.3  501.2
-136.8  -483.6  1590.8  487.1  -62.1  22.1
-9.2  -673.6  1646.4  -526.0  497.6  -455.1
217.2  -290.0  1514.4  -477.6  353.7  -578.7
98.4  150.0  1641.6  -159.7  -97.3  -316.0
208.8  194.0  1458.0  226.8  -453.9  143.7
-188.0  -331.6  1450.8  368.2  34.4  -73.1
33.2  -678.0  1577.2  -382.9  434.7  -355.9
51.2  -200.8  1524.0  -166.7  483.6  -358.4
495.6  148.8  1628.4  112.2  -389.1  25.7
200.8  18.8  1525.6  334.6  -565.0  542.9
36.4  -182.0  1475.6  275.8  -295.0  543.2
-189.6  -316.8  1478.0  278.5  -2.3  324.1
-196.0  -477.2  1529.2  161.9  350.5  -288.7
84.0  -449.2  1595.6  -221.0  522.1  -458.0
270.0  -10.8  1616.0  -146.5  -147.4  -246.1
148.0  150.0  1656.4  119.9  -466.3  123.4
86.8  36.8  1524.8  37.2  -313.1  419.6
-137.2  -211.2  1420.0  312.5  -220.2  406.0
-158.4  -523.2  1554.8  147.5  40.9  -209.0
2.0  -338.8  1552.4  -495.1  488.8  -385.9
318.0  72.4  1546.4  -58.1  -232.7  -90.0
148.8  59.6  1510.4  170.6  -357.0  344.2
36.0  -134.8  1470.0  301.7  -302.2  393.5
-163.2  -344.4  1434.4  414.0  44.5  150.8
-83.6  -412.0  1572.0  97.6  527.5  -295.5
11.6  -177.2  1691.6  -360.5  288.5  -371.8
235.6  246.4  1584.8  159.3  -595.3  91.5
68.0  24.8  1492.0  171.4  -366.3  396.3
-32.8  -210.8  1454.0  223.7  -241.0  317.9
-124.8  -424.8  1489.2  37.7  47.6  -74.9
-22.0  -242.8  1556.4  -370.0  106.4  -443.1
211.6  71.2  1538.8  -37.2  -306.8  -111.6
146.0  62.8  1549.2  89.9  -334.5  171.4
100.8  -123.6  1496.0  385.7  -426.9  434.7
39.6  -371.2  1574.0  202.9  -191.5  -17.0
92.4  -208.4  1560.4  -410.4  350.5  -323.5
122.8  -7.6  1497.2  -314.2  299.7  -144.0
189.2  8.4  1533.2  103.6  -204.2  156.4
102.8  -114.8  1494.0  68.7  17.8  453.0
42.8  -422.0  1512.8  86.8  -161.0  78.2
-35.6  -333.6  1471.2  -215.3  -4.6  -239.0
32.4  -168.8  1462.8  -46.0  -32.3  -343.8
166.0  -148.0  1583.6  2.3  -52.0  -186.0
108.0  -145.6  1550.0  -63.1  -103.2  32.3
34.0  -160.4  1544.8  30.7  -69.9  23.3
75.2  -232.8  1576.8  33.0  -80.8  0.5
62.8  -244.4  1544.4  -45.2  -153.6  10.7
94.0  -235.6  1523.6  -55.4  -140.8  2.1
101.2  -234.4  1491.6  -23.6  -139.5  36.6
100.0  -324.8  1452.4  -1.4  -147.7  -5.4
105.6  -308.8  1449.2  -117.4  -76.7  -71.2
115.2  -223.2  1459.2  4.0  5.3  -88.3
148.0  42.8  1606.4  -18.2  -62.2  -35.4
94.0  870.0  1619.6  190.9  -235.0  -85.5
293.6  1034.0  1809.2  55.8  -62.5  736.6
-978.0  -2218.0  2982.4  1794.1  91.6  1540.2
-187.6  -857.2  1686.8  62.8  29.9  591.9
125.6  -1539.6  1245.6  -887.8  -751.7  -183.6
364.4  -1048.4  920.8  -811.6  -324.5  -765.3
318.4  -659.2  1084.0  78.4  600.2  -274.4
149.6  -496.8  1473.6  523.7  406.1  -308.8
108.0  -234.4  1638.0  303.3  104.4  -380.1
-28.8  200.0  1786.4  -199.5  144.3  -136.5
97.6  472.4  1640.8  126.0  -61.0  -69.8
75.6  396.0  1578.4  64.1  -396.8  -151.3
188.0  19.6  1566.0  -137.3  29.1  272.1
7.2  -223.6  1457.2  -65.4  -235.7  119.2
90.0  -356.0  1572.4  -46.7  -280.7  -35.4
132.8  -368.4  1517.6  -20.3  -92.1  -75.6
190.4  -284.4  1475.2  -75.0  -120.2  -99.1
178.8  -220.0  1440.0  3.9  -69.3  -13.5
151.6  -241.6  1473.2  73.7  -73.7  -14.7
152.4  -266.4  1540.0  32.6  -73.7  -31.2
190.4  -225.2  1556.0  -22.1  -92.8  26.8
164.8  -274.0  1484.8  0.3  -121.4  56.4
153.6  -299.6  1436.8  43.4  -65.0  2.1
178.8  -297.6  1435.6  82.5  -16.1  -26.3
159.6  -263.2  1536.8  94.7  -15.0  -40.8
161.2  -273.2  1554.8  59.5  -26.1  -42.7
125.2  -239.2  1500.8  69.4  -27.2  -30.3
169.6  -272.0  1517.2  32.4  -75.8  -38.1
162.4  -254.0  1488.0  11.5  4.6  -4.6
162.0  -238.4  1513.2  27.8  -58.9  -41.3
148.4  -252.4  1536.0  -52.4  -48.7  9.2
142.0  -266.4  1515.6  -11.5  -103.9  -3.0
135.6  -268.8  1506.0  17.8  -74.5  -5.7
152.8  -270.0  1462.0  23.7  -32.6  6.2
143.6  -270.0  1494.0  68.6  -71.2  -3.1
122.4  -273.2  1500.8  52.0  -53.2  -16.1
132.4  -272.4  1522.8  29.9  -17.5  -24.5
112.8  -276.0  1490.0  49.5  -42.4  -31.5
129.2  -278.8  1496.0  71.2  5.9  -34.2
102.8  -284.0  1554.0  261.5  -106.7  -143.6
99.2  -266.8  1530.0  -21.8  186.0  91.7
-16.0  -284.8  1442.4  -47.4  485.8  190.9
18.0  -305.6  1553.6  18.0  377.9  49.1
-159.2  -119.6  1119.6  295.0  -658.1  -160.0
-14.0  -253.2  1492.8  221.1  -302.5  -294.0
75.2  230.8  1534.4  69.2  -307.9  -111.7
98.0  925.6  1840.8  286.8  -63.5  170.8
248.4  971.6  1634.0  81.2  -575.4  720.0
150.8  593.2  1123.2  549.6  -671.4  1188.6
8.8  -1193.2  1852.0  598.3  -1117.2  504.8
494.0  -1250.8  1472.8  -2335.5  -280.7  -9.5
534.8  -1246.0  918.4  -938.2  368.3  -86.8
434.8  -729.6  975.6  763.9  588.4  -599.7
155.6  -388.4  1454.8  1150.6  745.0  -400.1
54.8  191.2  1767.6  771.7  81.8  -624.6
196.8  272.0  1985.6  -60.9  264.0  -312.8
171.2  480.4  1628.0  160.6  -266.9  -161.3
142.8  406.8  1541.2  -77.6  -230.7  8.0
380.0  246.4  1422.0  37.8  -501.0  57.1
352.0  68.4  1430.8  -335.9  -293.1  97.2
167.2  -72.0  1429.2  -344.8  -35.8  83.0
424.4  52.0  1840.0  487.2  248.3  -31.3
73.6  -561.2  1270.8  -48.4  -115.9  -206.6
258.4  -27.2  1496.4  50.6  -92.7  -24.0
299.6  -84.0  1708.8  -72.8  -68.0  -15.5
387.6  -134.8  1635.6  -223.7  254.5  -23.0
265.2  -203.6  1537.6  -229.1  141.2  -36.1
196.4  -131.2  1482.8  -126.4  210.2  50.9
98.4  -88.8  1460.4  -89.6  74.9  87.1
53.6  -117.6  1508.0  -196.2  152.8  75.0
136.4  -308.8  1512.4  -190.1  -53.6  163.0
146.4  -298.0  1541.2  16.8  -118.0  -83.0
103.6  -256.4  1485.6  -86.2  -117.0  19.1
93.6  -257.6  1492.4  172.0  -235.6  -90.2
186.8  -206.8  1453.6  113.9  -71.2  -127.4
178.4  -176.4  1489.6  103.9  0.7  -153.5
209.2  -130.8  1554.0  135.2  55.2  -51.7
177.2  -166.4  1505.2  47.7  31.5  -13.6
148.8  -171.6  1550.4  111.2  -11.8  -25.0
120.0  -171.6  1554.0  127.2  -20.4  0.4
126.4  -171.6  1549.2  27.5  2.3  -8.2
103.2  -170.4  1532.4  61.2  -49.5  6.6
101.6  -183.6  1507.6  20.7  -38.6  16.9
102.0  -166.0  1520.0  90.2  -59.3  7.3
79.2  -186.8  1511.6  21.2  -35.8  -7.2
91.2  -172.0  1534.8  48.1  -69.3  -21.1
93.2  -163.6  1528.4  70.2  -28.5  -10.6
122.0  -189.6  1500.0  48.2  -44.8  -12.4
170.0  -260.8  1534.0  80.9  -16.9  -6.7
94.8  49.6  1543.6  71.1  -153.4  61.5
-126.4  839.6  1316.4  84.5  -143.5  234.0
217.6  1168.0  1752.8  639.6  -156.5  909.8
233.2  284.8  1727.2  257.9  -1170.0  1149.5
-435.2  -1169.2  2128.8  1078.6  -1178.1  896.6
59.2  -1671.2  2178.8  -752.8  -873.6  -152.4
629.2  -1479.2  1102.4  -1605.3  266.7  -398.6
413.2  -771.2  932.4  161.5  359.1  -551.2
284.4  -314.4  1287.6  852.8  684.5  -568.9
170.0  149.6  1629.6  328.9  660.2  -643.7
140.8  498.4  1659.2  29.2  129.3  -534.7
164.0  519.2  1595.6  -309.6  -404.7  -368.1
263.6  338.8  1462.0  -340.7  -172.9  -18.7
110.4  170.0  1546.8  500.1  235.3  -152.7
112.8  -38.0  1651.6  -19.7  105.7  208.6
111.6  -176.8  1604.4  32.7  52.2  96.6
140.0  -188.0  1577.6  -85.2  -3.7  -24.5
218.0  -151.2  1532.8  -87.0  -47.8  -76.7
182.8  -93.6  1458.8  -14.6  -38.9  -37.3
155.2  -123.2  1494.4  66.2  -28.9  -6.1
131.2  -137.2  1556.8  49.1  13.8  -0.2
97.6  -160.0  1593.6  17.1  -62.4  -7.6
126.8  -145.6  1550.4  -56.7  -87.2  -45.0
146.8  -150.0  1498.4  -21.7  -110.5  -33.0
161.6  -147.6  1467.6  27.0  -94.2  5.6
148.8  -146.4  1510.4  48.2  -69.2  6.9
162.4  -150.4  1530.8  51.7  -54.8  -2.5
141.6  -174.8  1515.2  36.3  -68.1  3.8
135.6  -149.6  1518.8  37.6  -47.0  -10.5
153.2  -149.6  1525.2  32.9  -35.6  -11.1
133.2  -140.0  1541.2  27.5  -59.7  -10.6
133.6  -148.8  1525.6  24.5  -53.2  7.0
128.0  -175.6  1511.6  39.4  -69.1  2.1
122.0  -172.0  1530.8  50.7  -70.4  4.7
135.6  -161.2  1512.8  27.6  -68.8  -6.1
143.6  -140.8  1518.4  44.0  -68.4  -2.8
133.6  -144.4  1525.6  47.8  -76.8  -2.7
124.8  -163.2  1532.8  23.6  -72.3  13.8
113.2  -151.6  1530.0  53.5  -79.7  -0.8
115.6  -164.0  1530.4  44.1  -88.6  -25.7
144.0  -145.2  1534.4  14.9  -74.5  -51.2
142.8  -141.2  1518.0  45.3  -86.9  -9.6
150.8  -153.6  1516.4  20.9  -44.1  -5.8
112.8  -86.0  1510.4  14.8  -74.0  60.8
80.0  273.2  1470.0  25.4  -15.0  -41.9
94.0  1086.0  1380.8  -19.6  7.1  447.0
134.0  1174.0  1493.2  569.5  -189.8  1198.0
-485.6  -1062.0  2510.0  1274.2  -757.3  1402.4
-96.0  -1429.2  2588.0  1478.1  -1756.9  -104.9
536.8  -1375.6  1591.2  -2103.8  422.9  -238.4
526.8  -895.2  1240.0  -378.8  40.5  -595.5
297.6  -348.8  1291.2  282.9  440.4  -624.6
200.4  88.4  1550.4  -184.8  215.9  -914.6
257.6  310.8  1641.6  -275.5  330.8  -384.2
278.4  484.8  1529.2  -200.9  -37.6  -348.2
302.4  278.4  1347.2  -290.2  83.0  -196.7
370.8  221.6  1386.8  267.3  -194.3  536.8
98.4  303.6  1509.2  718.9  184.6  647.3
-229.6  16.0  1509.2  -46.6  157.4  291.1
-314.0  -364.4  1560.0  112.4  440.4  48.0
-53.2  -566.0  1744.4  -73.7  264.0  -440.5
682.4  -1645.2  2518.0  -39.1  -116.9  -572.5
342.4  -30.8  1658.0  -54.8  -123.9  -486.6
378.0  195.2  1514.0  -129.7  -297.9  -234.2
254.8  268.0  1412.0  -37.1  -238.1  220.0
59.6  234.0  1429.6  145.3  -118.5  480.9
-174.8  -144.8  1452.4  143.9  34.7  408.8
-199.2  -298.8  1539.2  140.8  24.1  129.6
61.6  -292.0  1562.4  64.2  97.5  -72.9
164.4  -269.2  1647.6  97.8  -16.9  -190.0
174.8  -242.8  1643.2  49.1  -120.1  -263.5
200.4  -161.6  1590.8  -94.2  -117.3  -282.0
202.4  -73.6  1542.8  -27.6  -190.0  -219.0
160.4  28.8  1533.2  -47.7  -176.5  -140.4
142.8  76.4  1528.0  -51.4  -144.3  -7.1
121.6  54.8  1436.0  -71.5  -114.7  182.6
-42.8  -157.2  1518.0  31.6  -51.5  310.3
-30.8  -148.4  1462.0  22.2  20.5  221.9
-27.2  -145.2  1489.2  95.4  29.7  140.9
11.6  -156.0  1463.2  76.9  86.9  74.9
109.6  -312.8  1530.4  215.6  82.2  37.3
184.0  -372.0  1629.2  138.4  71.8  -103.4
147.2  -236.4  1659.6  51.8  -62.6  -224.6
155.2  -94.0  1596.8  -8.9  -148.9  -221.4
105.2  -4.4  1498.0  -31.1  -121.2  -166.5
68.8  -4.4  1486.0  22.7  -77.2  -17.4
-14.0  -160.8  1501.6  51.5  -9.7  10.3
-19.2  -216.4  1548.8  65.3  -52.6  -95.6
13.6  -108.4  1618.0  24.6  -97.4  -207.2
58.0  22.8  1496.0  25.3  -99.2  -186.7
52.8  136.4  1496.0  -54.9  -52.2  -45.1
-38.4  270.4  1506.0  50.7  -93.1  132.4
-47.6  782.4  1545.2  98.4  -108.1  394.6
109.6  756.8  1441.2  259.6  -427.3  861.6
294.0  438.8  1419.2  284.5  -665.0  1140.8
-36.4  -860.4  2079.2  755.2  -1093.7  835.6
-374.0  -1634.0  1886.8  -210.6  -517.0  330.3
345.6  -1372.8  1439.6  -1101.5  267.5  -391.4
218.0  -804.4  1180.4  360.1  12.7  -551.3
330.8  -300.0  1356.8  200.0  410.0  -731.2
101.6  79.2  1701.2  348.3  233.0  -609.9
242.8  448.4  1419.2  -265.2  209.0  -530.8
190.4  488.4  1555.2  -175.6  -163.9  -294.1
134.0  330.0  1432.4  -380.4  -146.5  -205.0
16.4  103.2  1324.4  11.7  -213.8  -45.1
144.4  -74.8  1593.6  -62.3  23.3  188.9
144.8  -266.4  1496.4  -3.8  -19.2  122.4
152.8  -283.6  1575.2  4.4  -30.4  43.6
146.8  -249.6  1493.2  -25.3  -71.7  -58.6
107.6  -158.4  1484.0  -7.0  5.0  -59.5
146.0  -173.2  1525.6  72.1  -46.6  -27.6
120.0  -187.6  1530.8  125.0  -83.8  -8.4
119.2  -194.8  1534.8  22.2  -41.6  -13.1
129.2  -181.2  1530.0  32.7  -41.2  -20.0
102.8  -196.4  1513.6  68.5  -42.7  -10.8
110.4  -158.8  1557.2  73.5  -47.0  -0.9
99.6  -163.2  1553.2  58.7  -81.7  -13.0
97.6  -183.2  1545.2  1.5  -95.4  -28.9
92.0  -162.0  1508.0  19.0  -99.5  -19.5
148.8  -189.2  1536.0  -35.2  -103.5  -53.5
137.2  -186.4  1492.0  -22.3  -87.4  -23.2
147.2  -189.6  1467.2  21.9  -67.4  -17.5
132.0  -189.2  1484.8  59.6  -55.6  -10.4
152.0  -184.4  1539.6  59.5  -46.5  -6.3
128.4  -175.2  1528.8  38.5  -58.9  5.8
116.8  -197.2  1511.2  28.1  -62.9  -5.9
118.0  -189.2  1522.4  40.7  -50.6  -4.1
125.6  -175.6  1538.8  52.9  -58.6  -17.7
122.0  -185.2  1530.4  19.0  -47.0  -9.2
134.8  -192.4  1534.0  29.9  -61.8  -5.7
108.8  -209.2  1503.2  58.3  -53.8  -24.5
131.2  -191.6  1502.4  18.8  -27.8  -23.2
154.0  -241.6  1502.4  47.4  12.5  2.7
121.2  -293.2  1539.6  81.0  -27.7  -41.5
100.4  -205.6  1566.0  14.8  8.9  -105.6
87.6  -161.6  1556.0  -53.1  -63.9  -17.0
67.2  -107.2  1346.4  -38.4  -162.5  -56.6
-38.0  557.6  1384.4  287.3  -153.9  121.3
119.6  1067.6  1628.0  579.3  84.6  654.1
183.2  814.8  1661.6  494.1  -382.8  1098.7
-542.8  -932.8  1959.2  1702.0  -521.5  1693.1
-236.8  -1676.0  2440.8  109.1  -191.9  760.1
279.2  -1446.8  1645.2  -1476.5  -100.7  -273.4
293.2  -896.8  1143.2  -49.6  -224.9  -504.8
278.0  -309.6  1276.4  145.2  290.9  -728.9
97.2  44.8  1539.2  179.6  171.7  -881.4
190.4  378.0  1711.6  -243.6  117.8  -893.1
216.4  339.6  1607.6  -413.8  -35.6  -655.3
279.6  329.2  1437.2  -311.3  -76.4  -276.4
92.8  160.4  1103.2  -96.5  -319.1  -154.3
215.6  144.0  1552.4  104.1  212.3  213.7
146.4  -164.0  1528.4  -34.4  36.7  137.8
191.2  -243.6  1492.8  -35.3  51.7  189.0
119.2  -265.2  1600.8  -21.0  69.7  122.4
91.6  -205.2  1532.8  -84.8  32.1  -10.0
80.4  -188.0  1518.0  45.4  -72.5  20.4
86.0  -176.0  1557.6  -7.2  -64.9  27.8
78.8  -220.4  1536.4  6.5  -103.2  45.0
82.4  -245.6  1509.2  -12.6  -120.4  2.3
130.4  -213.2  1470.0  -1.5  -135.2  -11.7
125.2  -208.4  1494.8  51.4  -91.3  30.3
138.0  -197.6  1517.6  70.6  -77.8  -21.2
172.4  -181.2  1515.6  4.2  -55.0  -22.8
151.2  -213.2  1513.6  27.8  -45.4  11.2
121.2  -250.8  1513.2  48.8  -41.8  13.6
96.4  -221.6  1557.2  34.7  -45.1  -16.8
124.4  -186.0  1583.2  34.0  -74.4  -10.6
118.4  -214.4  1508.4  -3.7  -91.3  -13.0
132.0  -210.4  1483.2  11.3  -114.2  -5.5
136.8  -210.0  1499.6  42.6  -79.8  -0.8
130.4  -208.8  1516.4  55.3  -63.0  -23.8
140.0  -221.2  1508.4  50.6  -55.0  -24.1
143.6  -204.4  1522.0  27.2  -40.6  -11.6
124.0  -214.0  1546.0  48.1  -60.0  8.7
123.6  -220.0  1521.2  36.9  -64.0  7.6
128.8  -220.8  1486.8  37.5  -55.5  -1.5
124.4  -256.0  1519.2  37.8  -53.2  -4.0
116.8  -233.6  1535.2  66.0  -55.2  -7.4
136.8  -280.0  1506.0  21.8  -45.4  -27.8
162.8  -301.2  1496.0  24.4  -6.6  -38.7
166.8  -329.2  1532.4  35.9  27.0  -97.4
140.0  -203.6  1513.2  -0.8  52.6  -100.4
-97.2  327.2  1445.2  53.0  -112.6  118.2
-59.2  930.4  1768.4  385.8  14.1  553.6
56.4  830.0  1454.8  408.4  -709.0  973.4
340.4  19.6  1536.8  575.4  -202.4  1203.6
-258.4  -1101.2  2192.4  567.4  -581.5  635.4
-54.8  -1393.6  1786.8  -739.5  -582.6  -223.7
317.2  -1116.4  1378.4  -757.9  -133.6  -361.4
188.8  -710.8  1400.4  271.5  114.5  -482.9
150.4  -216.4  1420.8  39.6  113.5  -797.6
121.2  102.8  1539.6  292.7  356.1  -700.8
303.6  514.8  1714.8  -12.0  143.3  -575.7
265.2  468.0  1475.6  -438.1  -134.4  -266.9
184.8  225.6  1472.0  -127.6  -201.5  141.5
10.4  102.0  1660.4  381.2  151.9  7.4
80.4  -147.6  1587.6  40.5  -104.6  128.3
109.6  -210.8  1573.6  -91.7  38.2  35.6
168.0  -242.4  1560.4  -83.4  -56.6  -33.2
190.4  -192.4  1475.6  -39.7  -40.7  -64.3
172.8  -145.2  1435.6  19.4  -30.3  -42.3
158.8  -174.4  1480.4  70.6  -23.8  -16.6
137.2  -173.2  1556.8  69.1  9.9  15.5
95.2  -156.8  1550.0  58.9  27.0  16.9
81.2  -172.8  1546.8  28.1  -33.0  -2.0
82.4  -170.0  1554.4  6.4  -53.6  -8.1
114.4  -158.4  1530.4  7.8  -78.6  -4.8
119.6  -170.0  1506.8  27.2  -70.1  -5.3
99.6  -179.2  1534.8  28.6  -66.7  -19.7
104.0  -160.8  1514.8  51.6  -96.0  -35.8
94.0  -157.2  1537.2  14.7  -82.2  -53.6
110.0  -156.4  1528.8  11.9  -92.4  -35.9
128.8  -170.4  1511.2  14.9  -90.5  -16.9
129.6  -156.8  1489.6  31.8  -85.4  -1.5
118.4  -184.8  1503.6  42.4  -81.6  -4.5
126.4  -177.6  1513.2  57.1  -83.4  -4.4
116.4  -185.2  1528.8  15.7  -61.1  -9.5
121.2  -175.2  1526.4  29.1  -63.9  -8.9
134.0  -177.6  1533.2  13.1  -67.7  -1.9
130.8  -188.0  1502.4  50.5  -64.2  24.1
107.6  -187.6  1493.6  75.9  -56.2  17.9
106.8  -191.6  1532.8  35.2  -43.9  -14.2
120.8  -191.2  1522.4  56.4  -67.6  -43.1
110.4  -197.6  1536.0  70.5  -49.7  -55.3
118.0  -190.4  1588.0  -95.9  71.5  -71.4
76.8  -161.2  1508.0  56.2  -106.3  -41.0
105.2  -130.0  1474.0  14.7  -68.9  -50.4
161.2  -101.6  1428.4  123.0  -43.2  -37.0
76.8  912.8  1277.2  459.7  -436.0  295.9
188.8  1370.8  1933.6  499.3  3.6  1403.9
42.0  842.4  1868.4  -466.1  -798.7  1165.3
-297.2  -1262.0  1810.4  136.7  -1170.4  996.3
-144.0  -1912.0  1286.4  -797.8  -692.2  -279.3
358.8  -1507.6  1034.0  -389.8  89.5  -703.0
336.0  -646.8  1161.6  885.7  567.7  -692.4
183.6  -91.6  1567.6  628.6  398.1  -857.2
271.6  254.0  1690.8  -233.2  224.8  -962.1
-275.2  344.0  1752.4  -97.5  -57.3  -638.2
276.8  444.8  1428.4  -164.3  -371.6  -420.2
293.2  189.6  1306.0  -97.2  92.8  -13.1
213.6  236.4  1717.2  339.4  286.2  219.3
76.4  -105.2  1570.0  -59.5  22.8  138.5
145.2  -224.0  1573.2  -158.4  41.7  33.0
193.6  -218.4  1520.4  -95.4  4.7  -35.5
255.6  -174.4  1481.2  -14.5  -46.0  -70.5
191.2  -137.2  1438.8  54.4  19.9  -27.3
181.6  -113.6  1524.4  63.9  17.1  -47.7
97.2  -119.6  1546.8  65.3  50.5  23.9
93.2  -161.6  1586.0  10.5  -2.6  -5.5
115.6  -116.0  1603.6  -7.5  -72.1  -11.6
132.0  -129.6  1540.4  -24.8  -98.5  -1.1
130.8  -135.2  1495.2  14.6  -132.0  23.7
134.8  -174.4  1503.2  44.5  -123.5  13.0
110.0  -161.2  1509.2  -40.0  -44.6  -18.5
124.4  -152.4  1514.4  31.2  -66.5  -12.5
148.8  -147.2  1512.4  4.3  -73.4  -17.0
146.4  -145.2  1532.4  28.2  -93.7  10.1
141.6  -134.8  1511.6  10.0  -95.7  28.3
134.4  -186.4  1496.0  5.5  -76.9  11.8
134.0  -188.8  1489.6  24.0  -73.6  -14.6
177.2  -200.4  1497.2  60.8  -42.4  -17.2
135.6  -155.6  1536.4  59.0  -24.4  -20.0
151.2  -148.4  1566.8  32.1  -48.2  -1.2
142.8  -171.6  1540.8  18.1  -69.2  9.9
138.4  -183.2  1496.8  33.1  -69.9  -25.5
148.8  -165.2  1498.4  29.0  -52.2  -19.7
145.2  -160.4  1526.8  56.5  -55.8  0.4
140.8  -173.2  1532.8  26.4  -60.2  -3.0
132.0  -178.8  1518.0  22.5  -51.7  -4.6
123.6  -167.6  1501.6  39.9  -56.4  -8.0
134.8  -199.2  1518.8  26.5  -37.8  -3.5
115.6  -191.6  1529.6  25.2  -26.8  -33.8
132.4  -160.0  1553.2  58.0  -46.3  -18.0
204.4  -255.6  1468.0  64.3  -61.7  38.4
218.4  -28.4  1506.8  232.5  -138.1  145.1
92.8  650.4  1351.2  -42.4  121.1  178.0
108.8  1182.0  1764.4  631.2  -345.2  875.3
71.2  718.4  1581.6  139.5  -972.7  1223.9
-283.6  -1095.2  2043.6  1629.0  -1634.9  926.5
-94.0  -2396.4  2710.4  -649.0  -120.2  409.2
434.4  -1409.6  1269.2  -1381.8  -86.8  -482.5
358.8  -846.4  1165.6  26.2  461.4  -431.7
267.2  -324.8  1421.2  561.6  617.0  -605.2
141.2  17.2  1581.2  -161.7  322.4  -926.7
230.4  326.0  1507.2  -90.5  185.4  -689.4
292.4  372.0  1522.8  -116.9  -254.5  -577.5
309.2  326.4  1511.2  -216.7  -44.2  -87.5
267.6  97.2  1493.6  -65.5  74.6  103.4
263.6  134.0  1723.6  418.9  537.5  339.3
27.6  -130.4  1504.8  -124.6  24.4  207.6
68.8  -277.6  1552.0  -50.2  25.6  65.6
106.0  -302.0  1465.2  -118.1  169.3  -92.7
126.4  -214.8  1555.2  61.2  59.8  -105.2
103.2  -167.6  1562.0  61.7  -38.4  -90.8
101.2  -145.6  1560.8  60.2  -73.0  -101.4
81.6  -167.6  1507.6  45.0  -61.2  -74.9
104.0  -168.8  1512.0  54.3  -41.0  -68.0
77.6  -158.0  1511.6  73.7  -28.8  -38.0
89.2  -156.4  1526.4  39.6  -52.6  -16.4
101.2  -161.6  1566.4  37.1  -71.0  2.2
66.0  -171.6  1506.4  11.9  -69.1  -3.5
91.2  -188.0  1487.6  12.2  -55.5  -29.3
53.6  -175.2  1480.8  65.2  -20.0  -21.3
78.0  -158.0  1534.4  103.7  -28.1  -13.6
55.2  -148.0  1543.2  44.5  -38.3  -16.2
75.6  -151.6  1574.0  6.8  -79.1  -8.1
73.6  -168.8  1518.0  -15.1  -93.4  -13.4
76.0  -191.6  1426.4  28.1  -57.2  10.7
63.2  -167.6  1532.0  78.2  -28.3  -3.6
51.2  -156.8  1564.8  57.7  -26.6  -10.0
66.0  -162.8  1556.0  13.0  -79.8  -9.0
69.6  -163.6  1517.2  -7.3  -94.0  0.6
64.4  -175.6  1489.6  27.0  -81.1  5.2
60.8  -184.8  1508.0  36.8  -75.0  -5.9
76.0  -167.2  1515.2  39.7  -68.1  -10.2
86.4  -174.8  1534.4  42.3  -58.1  -3.5
95.6  -281.2  1567.6  23.3  -75.2  15.6
75.2  -240.0  1555.6  -10.9  -87.6  -116.0
62.4  -181.2  1548.0  15.7  -124.5  -153.4
52.0  -114.0  1476.4  -79.0  -91.5  -127.8
87.6  -90.0  1402.8  38.2  -39.9  -22.7
67.6  176.0  1294.0  611.6  -371.8  180.6
150.0  1261.6  1290.4  390.2  154.0  391.0
228.8  1295.2  1788.8  490.6  -135.2  1371.4
204.0  284.0  1510.8  -61.3  -864.4  1372.4
-571.6  -1458.4  2351.2  270.0  -1047.4  580.0
-2.4  -1669.6  1614.4  -605.2  -704.5  -441.8
569.6  -1113.6  1373.2  -421.0  295.2  -444.6
174.4  -591.2  1596.4  687.6  388.5  -303.2
160.0  -88.8  1556.0  -178.0  142.5  -795.8
183.6  244.0  1582.8  -6.6  279.1  -634.6
196.4  369.6  1407.6  -403.0  -132.6  -756.0
302.8  405.2  1384.8  -296.5  -214.0  -404.9
236.0  251.6  1440.8  -158.3  -63.2  -70.5
224.4  224.4  1645.2  329.7  462.8  219.6
66.8  -83.6  1546.0  -47.1  -7.5  179.8
46.0  -224.4  1604.0  -36.3  -19.2  97.0
131.2  -243.6  1519.6  -109.9  10.6  -53.7
172.0  -175.2  1528.0  -5.8  -30.5  -68.6
169.2  -135.2  1494.8  14.1  -42.1  -33.5
170.4  -148.0  1550.4  32.8  -22.6  14.0
122.4  -177.2  1531.2  3.1  -70.0  8.1
111.2  -196.8  1510.0  20.3  -64.3  11.2
114.8  -191.2  1507.6  32.4  -57.7  -9.6
129.2  -167.6  1527.2  53.9  -51.7  -17.3
130.0  -161.2  1532.4  34.8  -60.0  25.3
113.2  -178.4  1541.2  30.2  -75.6  -5.8
103.6  -182.0  1536.8  31.9  -58.6  -5.9
112.0  -175.6  1533.6  10.9  -80.0  -20.4
125.6  -180.4  1517.2  35.5  -86.9  -17.6
137.6  -178.4  1517.6  17.6  -83.8  -16.3
104.0  -154.0  1514.4  31.9  -82.5  -12.1
126.4  -185.2  1516.8  32.4  -57.6  -2.1
102.8  -201.2  1522.4  43.3  -76.5  -6.2
105.2  -202.8  1526.4  34.3  -55.8  -3.6
131.6  -180.8  1514.8  39.1  -69.2  -7.3
135.2  -155.6  1489.6  18.5  -59.0  -11.2
144.4  -178.8  1520.0  34.2  -61.1  -11.2
117.6  -178.8  1523.6  41.3  -64.8  2.6
110.4  -193.6  1546.4  30.2  -63.8  1.0
84.4  -198.0  1512.8  30.0  -65.5  -9.4
116.4  -197.2  1532.8  31.9  -70.7  -12.8
122.4  -180.4  1517.6  32.2  -53.8  -12.2
110.8  -175.2  1523.6  41.0  -69.8  -2.8
106.8  -180.0  1528.8  28.1  -62.5  -12.3
114.8  -172.8  1526.0  50.8  -70.7  -18.1
118.4  -175.2  1527.6  39.6  -80.0  -8.4
109.6  -181.2  1514.4  33.4  -74.6  -3.9
128.8  -180.0  1527.2  32.1  -72.9  -6.8
113.6  -184.8  1515.2  0.5  -67.3  -15.4
122.4  -180.8  1520.0  32.9  -66.6  -15.3
113.2  -188.8  1528.8  35.9  -65.9  -13.6
117.6  -195.6  1534.8  35.3  -68.9  -6.2
126.8  -176.0  1518.4  26.4  -64.7  -11.3
123.2  -187.6  1520.4  39.8  -65.4  -9.0
105.6  -184.8  1516.8  42.1  -61.9  -7.1
106.4  -184.4  1537.6  41.0  -62.9  -10.1
114.0  -171.2  1516.4  24.1  -66.6  -8.4
115.2  -200.4  1504.4  37.7  -68.0  -7.1
112.4  -183.6  1513.2  37.1  -67.0  -5.7
110.0  -204.4  1517.2  40.8  -59.6  -3.6
111.6  -179.6  1533.6  42.9  -72.4  -11.1
108.8  -181.6  1531.6  21.5  -72.9  -15.8
109.2  -157.2  1526.0  35.7  -74.6  -4.0
121.2  -184.8  1522.0  29.8  -70.0  -17.8
124.0  -180.8  1512.8  26.3  -70.5  -9.0
126.8  -201.2  1504.4  20.5  -66.7  -11.9
133.2  -184.8  1503.6  41.2  -60.0  -8.1
94.0  -203.2  1512.8  41.2  -33.6  -11.5
108.4  -184.0  1524.8  45.6  -71.4  -25.3
110.0  305.2  1453.2  -165.1  -58.8  40.0
164.0  932.4  1478.8  148.1  224.4  468.7
220.0  930.8  1647.2  524.5  -313.1  1256.3
129.6  -409.6  2126.0  582.7  -797.7  1288.7
-357.6  -1340.8  2306.8  -400.9  -342.4  584.9
-45.6  -1718.4  1767.2  -658.0  -232.4  -163.0
262.8  -1220.4  1319.6  -799.5  201.4  -585.1
198.8  -570.4  1400.0  494.7  8.4  -711.7
211.2  -35.2  1428.4  141.3  287.3  -897.7
200.0  301.2  1534.8  -75.6  187.4  -849.0
215.6  444.4  1577.6  -292.4  230.6  -432.2
249.2  320.0  1467.2  -249.1  -137.5  -370.0
250.4  203.2  1460.8  -254.5  -49.3  -6.7
76.0  98.4  1731.2  685.5  465.4  12.4
72.0  -102.8  1709.6  -112.1  -41.1  100.0
65.6  -250.4  1533.6  -90.2  37.5  30.0
114.8  -256.0  1541.2  28.7  9.5  -17.1
154.4  -176.4  1535.2  -22.1  -31.6  -37.7
128.4  -168.0  1510.4  0.2  -54.0  2.7
127.2  -203.2  1514.4  22.8  -69.8  13.9
93.6  -194.8  1529.6  65.1  -55.5  20.2
102.0  -195.2  1537.6  59.4  -54.0  -5.0
106.4  -176.0  1523.2  58.0  -67.1  5.4
103.2  -166.4  1527.2  43.3  -47.4  19.4
97.6  -176.4  1508.8  56.9  -78.6  20.3
88.4  -174.0  1515.6  48.9  -73.7  -2.3
93.6  -179.2  1538.4  54.2  -60.1  3.3
92.8  -176.0  1518.0  39.5  -57.6  -8.2
114.0  -154.4  1533.2  29.5  -56.3  -1.2
98.4  -169.6  1533.2  29.2  -69.0  7.6
91.2  -173.6  1518.0  24.1  -73.6  -3.2
98.0  -181.2  1537.6  35.2  -76.3  -1.3
96.0  -163.6  1519.2  27.6  -68.8  -0.1
97.2  -171.6  1502.0  29.2  -69.7  0.8
85.6  -172.4  1522.0  29.1  -65.6  -6.0
100.8  -168.0  1518.8  44.5  -59.6  2.1
99.6  -174.4  1537.2  37.8  -69.0  -12.6
103.6  -166.4  1516.8  31.5  -68.6  -1.1
92.4  -173.6  1514.8  22.3  -66.2  6.6
94.8  -186.4  1514.0  41.6  -78.0  -2.3
87.6  -180.0  1500.4  34.1  -54.8  -7.4
92.0  -162.8  1524.8  55.1  -63.2  -11.9
88.8  -164.0  1534.8  34.3  -72.2  -5.5
93.2  -157.2  1522.8  22.2  -76.6  0.6
93.2  -169.6  1502.8  29.7  -73.4  -3.6
88.8  -168.8  1516.0  37.3  -73.4  -6.4
110.4  -168.0  1530.8  43.2  -69.5  -4.0
123.2  -160.4  1514.0  23.2  -71.5  -8.3
94.8  -171.2  1513.6  18.3  -68.6  -1.8
94.0  -159.2  1498.8  41.5  -68.6  -2.9
77.6  -171.6  1521.6  76.0  -60.5  -4.5
90.0  -171.2  1530.0  41.5  -69.3  -8.9
104.8  -152.4  1523.6  33.5  -75.2  -2.7
88.8  -170.0  1524.8  35.6  -76.1  -1.0
92.0  -156.4  1521.6  43.0  -70.4  -12.2
108.8  -158.0  1518.8  40.9  -67.8  -4.4
110.4  -159.6  1515.2  40.7  -80.1  -2.3
100.4  -168.0  1485.6  37.3  -64.6  2.4
91.2  -166.4  1529.6  43.5  -70.0  -8.8
96.8  -165.2  1521.6  42.8  -67.2  -1.2
88.0  -174.0  1542.4  33.9  -69.6  -13.4
100.8  -161.6  1499.2  19.3  -50.2  -20.5
175.2  -87.2  1496.8  131.9  -110.8  -2.7
19.2  726.0  1216.0  -154.5  -34.4  190.7
216.8  1040.4  1588.0  605.9  15.0  960.8
97.6  894.8  1544.0  516.9  -730.3  1013.5
62.4  -568.4  1554.0  1762.1  -1844.7  534.3
-312.4  -1610.8  1927.2  29.9  -602.4  315.3
205.2  -1332.8  1536.0  -1886.0  270.7  -507.2
366.4  -668.4  1172.4  353.3  -304.5  -739.7
264.4  -80.0  1342.8  254.7  589.9  -511.6
129.6  192.0  1409.6  -199.3  324.1  -876.2
260.4  518.4  1624.4  -225.0  133.1  -636.2
164.0  362.8  1516.0  -342.7  -239.4  -310.4
292.0  247.6  1408.8  -413.8  -108.6  -130.4
111.6  -16.8  1490.0  577.9  -72.7  -358.0
182.8  19.6  1636.0  2.5  18.8  117.2
71.2  -268.4  1550.0  112.9  160.5  145.6
98.8  -281.2  1588.8  51.9  73.3  22.5
111.6  -158.8  1603.2  -60.7  29.3  -51.0
112.8  -130.0  1466.4  -86.2  -42.1  -35.4
166.8  -166.4  1503.6  14.5  -62.0  0.2
127.6  -177.6  1462.8  40.6  -47.9  -2.1
111.6  -181.2  1532.4  101.7  -25.8  7.9
94.0  -166.8  1546.0  67.3  -40.1  -9.0
127.6  -142.8  1520.4  28.8  -63.9  -27.9
119.2  -153.6  1553.2  41.6  -73.9  -3.4
102.8  -150.4  1516.4  37.2  -75.5  0.0
106.4  -130.4  1523.2  31.7  -77.6  -12.2
106.4  -154.8  1536.8  26.1  -67.6  -2.1
120.8  -156.8  1526.0  9.6  -77.8  -11.1
115.2  -155.6  1528.0  36.4  -82.6  25.5
106.4  -168.8  1521.6  28.3  -79.3  -3.4
121.2  -162.8  1518.8  32.9  -72.9  -3.9
122.4  -171.2  1505.2  38.7  -67.5  -9.5
118.8  -163.2  1518.0  43.4  -54.3  -6.1
100.8  -175.2  1518.0  42.7  -63.8  -7.7
110.8  -160.4  1525.2  32.4  -63.1  -5.2
113.2  -131.2  1534.0  32.7  -66.7  -2.6
112.4  -157.6  1522.8  35.0  -67.9  -7.8
118.8  -158.8  1530.8  44.6  -60.5  -7.3
113.2  -154.0  1501.2  42.9  -62.7  -8.6
108.8  -154.8  1560.8  36.2  -67.9  7.6
114.4  -155.2  1511.6  28.7  -71.9  -3.3
130.8  -159.6  1530.8  23.0  -79.2  -4.6
112.4  -162.8  1508.4  35.5  -74.1  25.5
109.6  -158.4  1504.8  48.8  -65.4  -8.8
122.4  -160.4  1530.8  35.2  -64.9  -6.1
108.0  -152.0  1554.4  31.6  -72.7  -8.4
99.2  -157.2  1529.2  40.3  -81.0  -8.2
122.8  -156.4  1522.0  28.1  -74.8  -8.7
110.8  -151.6  1524.0  36.6  -72.0  -7.1
114.4  -162.0  1519.2  48.1  -70.2  -7.4
100.4  -150.8  1527.2  37.0  -72.6  -11.2
126.0  -150.8  1501.2  31.3  -59.6  -10.6
127.2  -142.0  1520.8  38.0  -66.0  5.2
123.6  -164.0  1492.8  20.3  -50.4  -23.4
116.8  -68.0  1496.4  113.5  -88.4  53.3
66.4  472.0  1299.6  -148.0  -1.8  105.4
179.2  956.4  1552.8  622.4  173.3  763.9
341.6  755.2  1870.0  241.5  -161.7  1202.9
-365.6  -1390.8  1549.6  1575.5  -939.6  920.6
-616.4  -2082.8  2772.8  -359.5  -438.2  -113.2
554.8  -1046.0  1168.8  -1372.5  -394.6  -748.6
352.8  -574.0  1160.4  464.3  273.0  -279.5
24.8  -187.2  1588.8  98.2  396.2  -577.7
96.4  178.4  1585.6  -240.6  117.7  -879.2
42.8  349.6  1553.6  -184.7  157.3  -542.0
196.8  487.6  1449.6  -57.8  -344.0  -450.0
196.4  338.8  1387.2  -194.6  -66.3  -104.4
181.2  298.8  1561.2  330.2  324.0  166.4
176.4  -102.8  1520.4  28.4  -20.4  206.9
164.8  -232.4  1568.0  38.4  49.8  111.3
101.2  -208.8  1644.4  25.0  -65.4  7.9
117.6  -80.0  1497.6  -85.7  -74.8  -100.5
179.6  -90.0  1470.4  29.6  -76.2  -16.5
159.6  -145.6  1522.8  36.9  -50.0  6.9
115.6  -140.4  1534.8  47.5  -71.2  17.8
118.8  -139.6  1508.8  41.4  -68.6  7.5
143.2  -131.6  1491.2  34.1  -53.1  0.1
138.4  -117.2  1518.0  74.7  -51.2  18.1
115.2  -121.6  1549.2  54.8  -56.9  10.0
128.0  -127.6  1544.4  14.3  -47.5  25.0
126.0  -116.4  1526.8  34.5  -83.3  -2.5
121.2  -124.0  1515.6  24.1  -77.3  -1.1
130.0  -132.0  1526.0  44.0  -82.6  1.6
127.6  -114.8  1520.8  25.7  -64.2  -2.9
134.8  -120.0  1523.6  37.5  -79.0  -5.1
133.2  -129.2  1528.4  41.4  -77.9  -4.8
139.6  -125.6  1525.6  13.8  -65.4  -9.6
134.0  -110.8  1524.4  38.2  -65.2  2.3
129.2  -120.8  1489.6  46.3  -62.5  1.6
124.8  -134.0  1534.0  33.1  -55.5  -8.5
132.8  -121.2  1533.2  31.5  -63.9  -25.2
126.0  -126.0  1504.8  39.3  -66.7  -8.3
147.2  -126.8  1515.2  49.7  -64.9  -5.6
131.2  -130.8  1512.8  26.1  -47.0  -13.2
134.4  -118.8  1502.8  40.5  -35.1  -8.3
120.8  -114.8  1545.2  74.3  -42.6  -6.2
116.0  -96.0  1564.8  83.9  -96.7  -21.2
105.6  -88.8  1555.6  34.1  -129.1  4.6
137.2  -145.6  1507.6  5.8  -94.9  1.9
149.2  -100.0  1502.0  83.5  -110.0  11.9
124.8  296.8  1391.6  -192.9  -26.2  8.6
276.4  1012.4  1309.2  174.2  -197.3  483.2
164.4  1038.8  1430.8  719.4  -230.9  1124.2
-871.2  -307.6  1664.4  1979.6  -844.7  1088.1
4.8  -1576.8  2271.6  465.1  -1028.0  293.3
400.8  -1383.6  1659.6  -2085.1  82.1  -324.1
388.8  -976.4  1307.6  8.3  -55.5  -312.8
230.0  -383.2  1278.0  303.5  467.0  -458.7
208.0  65.2  1461.6  -29.7  273.9  -835.3
226.8  396.0  1493.6  -57.9  557.8  -533.7
359.2  391.2  1514.0  -193.8  -64.9  -439.3
323.2  438.0  1538.0  -306.3  -133.3  -173.8
178.8  155.2  1449.6  -105.0  -122.8  131.4
77.6  133.6  1693.2  558.7  486.3  136.5
30.4  -120.4  1611.6  -73.5  -29.3  104.0
128.0  -136.8  1570.4  -139.6  -46.7  2.3
170.4  -142.0  1508.8  -33.9  -35.0  11.4
164.8  -108.4  1458.0  -33.2  -35.1  0.5
111.6  -133.2  1497.6  23.1  -25.0  18.2
115.6  -180.0  1558.4  26.8  -6.9  -1.0
120.0  -171.6  1511.6  55.5  -30.3  -38.7
98.0  -82.8  1529.6  60.3  -6.2  -5.6
88.8  -95.2  1540.8  45.3  -15.3  23.8
74.4  -137.2  1567.6  17.5  -67.1  2.5
102.0  -134.0  1520.8  0.9  -90.7  -16.1
106.8  -124.4  1511.2  47.3  -84.3  -17.6
104.0  -132.0  1515.6  49.5  -66.7  1.6
94.8  -144.0  1493.6  53.1  -68.1  -7.6
96.0  -131.6  1521.6  73.5  -58.9  -12.5
90.0  -106.0  1542.8  45.3  -65.8  -2.0
94.8  -122.8  1555.2  30.1  -77.9  -1.7
109.6  -117.6  1535.6  28.5  -66.9  -2.1
109.2  -116.8  1494.8  52.3  -82.4  5.4
91.2  -128.0  1529.2  26.2  -67.7  17.7
98.0  -129.6  1533.2  44.3  -66.8  4.4
96.4  -124.4  1500.0  29.6  -64.6  -24.5
108.8  -113.6  1524.8  50.4  -51.8  -9.7
93.2  -109.6  1549.6  46.3  -61.0  0.6
87.6  -124.0  1533.6  29.2  -69.8  -12.7
127.6  -125.6  1488.4  19.1  -56.7  -11.3
105.2  -113.6  1536.4  39.4  -60.3  -7.2
93.6  -118.0  1535.2  41.4  -61.9  2.1
94.0  -150.4  1514.0  24.6  -62.9  -5.2
97.2  -128.8  1494.4  28.1  -56.5  6.1
84.4  -144.4  1440.0  28.8  3.2  12.8
102.4  -113.6  1482.0  108.0  17.8  19.3
124.8  199.2  1505.6  -18.0  78.2  68.5
-28.4  1072.8  1343.6  57.1  -16.2  264.0
268.0  1282.8  1625.2  215.5  -241.6  1217.4
-47.6  475.2  1603.2  792.6  -525.2  1963.1
-1459.2  -3104.4  2186.8  967.8  -1438.6  726.4
146.0  -1523.2  1502.4  -2021.2  41.7  -415.3
516.8  -950.0  1203.2  -323.1  147.8  -697.7
232.4  -422.0  1306.0  571.2  343.1  -630.9
59.2  -113.2  1592.8  153.9  305.0  -918.9
153.2  272.4  1596.8  -98.5  193.6  -936.9
188.4  464.8  1514.8  -185.4  60.4  -583.7
212.0  417.6  1514.0  -135.4  -329.9  -290.0
125.6  -2.4  987.6  -191.7  -214.4  90.0
138.8  227.2  1688.8  196.1  228.6  340.2
15.2  -170.0  1543.6  22.0  14.7  130.6
123.2  -227.6  1528.0  23.8  -34.2  96.5
143.6  -162.8  1574.8  -54.9  -22.4  4.3
109.2  -91.6  1467.6  -42.4  -64.4  -5.4
137.6  -132.0  1491.6  54.5  -37.9  29.2
90.4  -142.4  1516.4  36.0  12.1  2.4
81.6  -129.2  1552.0  71.8  -21.5  12.0
81.2  -114.0  1528.4  32.3  -34.6  -4.2
90.4  -108.0  1524.0  45.6  -48.1  15.2
112.8  -109.6  1516.0  66.1  -51.5  15.2
86.8  -93.2  1538.4  70.1  -67.9  22.6
101.6  -101.2  1544.4  38.7  -71.2  22.1
72.8  -128.0  1541.2  47.5  -88.0  14.8
72.8  -115.6  1525.2  13.5  -75.4  -22.1
114.0  -98.8  1526.0  24.1  -52.6  -15.5
125.6  -94.4  1505.6  30.1  -52.6  0.8
87.2  -113.6  1514.8  71.5  -58.6  15.5
72.4  -113.6  1533.2  34.0  -63.3  -9.1
92.0  -100.8  1543.6  26.7  -63.6  -21.6
120.8  -82.8  1518.8  26.7  -69.2  -11.9
90.8  -104.8  1519.6  50.2  -59.6  9.1
63.6  -121.6  1536.4  66.1  -74.4  5.8
77.2  -97.6  1524.0  15.7  -64.9  -26.4
94.4  -98.8  1526.0  40.9  -77.6  -13.9
98.0  -90.8  1488.8  34.5  -67.3  -15.0
95.2  -95.6  1523.2  40.2  -60.7  -7.7
83.6  -98.4  1541.6  30.1  -52.8  -22.1
97.6  -94.4  1516.4  27.1  -57.5  -17.6
88.4  -87.2  1531.6  34.5  -71.4  -2.3
92.0  -102.4  1556.0  21.8  -85.3  6.5
96.8  -107.2  1516.0  15.5  -105.0  13.1
92.4  -133.2  1482.8  22.6  -70.0  -27.7
80.4  -8.4  1478.4  91.3  -61.8  -2.0
62.8  666.4  1284.0  -160.5  -23.5  136.2
344.4  1148.8  1528.0  353.9  16.1  733.8
239.6  756.0  1665.2  637.8  -528.0  1262.8
-513.6  -1128.4  2492.8  1789.0  -728.0  1351.4
-251.6  -1275.6  2208.0  -1065.0  -767.6  -193.8
360.0  -950.4  1095.6  -1540.3  -148.8  -563.2
252.8  -613.6  1145.6  166.5  68.6  -396.2
299.6  -254.8  1382.4  303.3  363.1  -468.4
153.6  -50.8  1535.2  -121.8  264.7  -826.7
215.6  240.8  1521.6  -151.0  114.7  -720.7
230.0  362.8  1382.8  -209.6  -108.3  -578.8
347.2  342.4  1482.4  -60.3  -69.9  -330.1
166.0  268.0  1703.2  584.4  393.6  -146.8
136.4  8.8  1522.4  -105.8  5.3  95.0
178.8  -63.2  1487.6  134.2  106.6  134.7
149.2  -161.6  1651.2  80.5  44.7  80.4
118.4  -167.6  1583.2  -30.0  -72.2  3.5
119.6  -116.0  1523.2  -45.1  -95.2  0.0
151.2  -133.6  1467.2  -0.5  -71.0  5.4
142.4  -128.0  1470.0  40.4  -36.3  0.7
133.2  -141.6  1550.0  74.1  -38.6  4.9
126.0  -110.0  1555.6  59.9  -52.8  12.4
118.4  -123.6  1543.6  37.0  -65.0  5.8
151.2  -107.6  1552.4  24.3  -74.6  -5.5
134.0  -113.6  1519.2  46.0  -82.0  0.1
127.6  -116.0  1520.4  27.6  -73.8  -1.5
142.0  -116.0  1532.8  23.2  -76.2  -6.3
141.2  -131.6  1527.6  23.4  -81.1  -5.7
148.8  -126.8  1520.0  28.3  -79.5  5.0
140.4  -135.6  1486.4  20.3  -64.9  -4.2
108.4  -146.8  1507.2  43.2  -60.9  -9.0
145.6  -120.8  1532.4  42.6  -59.0  2.9
130.0  -123.2  1530.0  37.3  -75.3  24.7
135.2  -131.2  1517.2  28.4  -67.5  -10.2
134.4  -113.6  1518.8  48.9  -56.3  24.9
138.4  -114.4  1523.6  50.1  -58.7  -7.9
104.8  -118.8  1540.8  40.0  -66.8  -3.0
134.0  -125.6  1535.2  12.8  -71.7  -6.8
134.8  -140.4  1510.0  29.4  -74.8  -0.8
136.8  -136.8  1512.0  38.9  -66.5  -10.8
128.8  -130.0  1524.8  48.6  -73.2  -20.5
142.0  -118.4  1526.0  27.6  -61.1  -29.8
138.8  -127.6  1524.8  38.9  -59.5  -19.2
104.8  -130.8  1534.4  59.1  -64.4  -5.9
116.8  -113.6  1574.4  18.5  -75.1  -18.6
142.0  -151.2  1540.0  -23.7  -103.3  -27.6
164.0  -110.0  1454.4  7.9  -92.4  -22.3
114.8  139.6  1300.4  37.8  -42.1  -59.9
121.2  898.8  1220.0  17.4  141.2  211.6
399.2  1144.4  1642.0  382.7  -183.7  963.0
417.2  -564.8  1757.2  1071.6  -296.8  2068.4
-669.2  -1000.0  2018.8  1052.9  -680.1  1208.6
22.4  -1562.0  1969.2  -2009.3  -129.5  -380.6
370.8  -1176.4  1167.6  -932.1  -259.9  -640.1
219.2  -628.4  1181.6  448.6  29.1  -736.3
230.4  -80.4  1241.6  63.0  421.6  -840.2
258.4  253.2  1601.6  36.5  309.4  -892.3
158.4  344.0  1689.2  -92.1  253.5  -590.9
197.2  366.0  1516.0  -134.1  -194.4  -369.5
134.0  60.4  1128.0  -210.3  -140.9  -28.9
93.6  140.8  1510.0  76.4  100.6  135.4
21.6  -252.4  1452.4  101.8  98.7  129.6
118.8  -255.2  1590.4  42.9  92.9  47.1
113.6  -197.2  1591.2  -63.5  -11.0  -35.1
58.0  -118.4  1501.2  -48.8  -75.3  -9.3
99.6  -178.8  1514.8  28.1  -62.0  48.4
74.4  -208.4  1461.6  49.5  -77.6  16.9
84.4  -164.8  1522.8  80.5  -48.6  3.2
61.6  -175.6  1523.6  101.7  -78.4  28.0
76.8  -140.4  1554.8  60.2  -89.4  -16.1
111.6  -133.6  1552.4  29.4  -100.9  -2.0
101.6  -154.0  1510.8  13.0  -99.3  11.1
130.0  -164.8  1487.2  13.0  -74.4  -21.1
133.6  -163.2  1510.0  58.9  -64.2  11.0
101.6  -148.0  1488.0  17.6  -9.5  18.0
67.6  -164.0  1552.0  31.6  -17.0  26.4
76.8  -155.2  1550.0  25.2  -81.5  4.1
92.8  -162.4  1510.8  3.8  -88.6  -7.2
111.2  -160.8  1480.0  0.2  -72.9  25.4
81.2  -167.2  1494.8  60.1  -63.0  4.3
78.4  -174.4  1548.8  46.9  -52.5  -15.9
96.4  -146.4  1536.8  29.9  -53.9  -15.3
110.8  -143.2  1522.8  39.0  -77.2  1.9
102.4  -166.4  1518.8  43.3  -70.2  22.7
75.6  -179.6  1528.4  28.9  -74.3  3.1
94.0  -167.6  1506.0  33.9  -68.6  -18.0
124.0  -142.8  1506.0  37.9  -48.1  0.4
112.0  -130.0  1510.8  63.0  -40.5  27.5
60.0  -197.6  1560.8  40.6  -37.4  10.5
60.4  -199.2  1512.4  13.7  -25.6  -17.7
72.4  -88.0  1539.6  59.2  -46.0  -40.5
-29.2  729.2  1288.4  -375.0  48.3  121.4
226.0  1010.0  1416.4  358.7  -64.9  730.8
143.6  773.6  1576.8  530.7  -911.6  1271.6
-644.8  -895.2  1967.6  1676.6  -1172.2  1363.3
-170.8  -1243.6  2016.0  -743.2  -1225.4  -96.5
642.4  -1059.6  1058.0  -1454.4  -88.0  -210.7
403.2  -785.2  1145.6  -118.2  446.1  -90.5
33.6  -772.8  1431.2  483.6  430.2  -506.9
3.6  -230.8  1390.4  70.0  368.3  -846.0
167.6  227.6  1593.2  256.1  291.0  -827.8
312.8  416.0  1671.6  43.1  -86.9  -680.2
311.6  359.2  1462.0  -101.8  -231.5  -268.7
279.2  186.0  1424.8  -85.1  -115.7  9.6
126.0  132.0  1548.0  386.5  373.4  160.3
46.8  -140.4  1562.0  -21.6  8.7  119.5
127.2  -184.4  1540.0  -30.1  66.5  23.1
162.0  -172.0  1552.0  -9.4  29.1  5.9
148.0  -146.8  1524.8  -4.0  -59.6  -2.3
107.6  -151.6  1498.8  31.9  -67.7  8.6
124.8  -160.8  1502.8  57.0  -41.9  -29.2
102.4  -149.2  1506.8  52.4  -26.9  -31.5
106.8  -120.8  1557.2  61.0  -49.1  -10.7
91.2  -130.0  1547.6  26.2  -61.8  -7.2
100.0  -143.6  1524.8  -7.0  -71.3  3.2
125.2  -145.6  1530.0  11.6  -90.5  -8.4
115.2  -160.8  1504.8  31.7  -73.2  -3.9
122.4  -143.6  1526.0  32.3  -76.1  1.8
112.8  -143.2  1506.8  32.4  -51.5  -4.6
104.4  -149.2  1526.4  39.3  -58.4  2.3
102.0  -141.2  1516.0  35.8  -64.0  -18.3
121.6  -132.4  1522.0  40.4  -65.8  -9.8
106.0  -148.0  1533.6  33.9  -66.1  8.5
105.2  -141.6  1520.4  21.7  -72.1  -21.5
122.0  -135.2  1542.4  32.1  -73.1  -2.4
118.0  -141.6  1524.8  39.4  -72.9  1.4
109.6  -150.8  1530.8  34.2  -73.3  -3.5
102.4  -151.2  1526.4  24.9  -81.3  -10.6
122.4  -153.2  1527.2  28.2  -66.7  -4.7
119.2  -149.2  1518.8  35.7  -60.0  3.3
137.6  -144.4  1516.4  25.2  -50.4  2.9
117.6  -191.6  1494.4  32.2  -41.6  1.8
119.6  -150.4  1501.2  -3.7  25.0  -1.8
94.8  -153.2  1543.2  19.4  -22.3  51.8
87.6  -173.2  1512.8  -15.9  -5.1  34.4
-16.8  -67.6  1485.6  -5.0  -27.0  -10.1
-78.8  690.0  1242.4  79.6  -293.0  -130.7
461.2  1375.6  1748.8  435.2  -168.4  668.2
243.6  664.0  1691.6  100.9  -886.0  1043.8
-378.0  -1330.8  2316.8  222.6  -572.0  1324.4
-116.4  -1776.8  1947.6  -790.0  -541.1  2.8
386.8  -1046.8  1022.8  -673.6  -310.7  -474.8
220.4  -678.8  1180.8  43.7  316.3  -538.4
160.8  -283.6  1456.4  465.8  415.4  -552.4
120.0  44.0  1569.6  -95.3  379.4  -706.5
251.6  253.6  1436.4  -110.6  174.8  -566.7
404.8  325.2  1707.2  -113.3  181.8  -296.3
220.0  208.8  1582.4  -131.6  -54.8  -167.5
-243.2  309.6  960.8  -37.8  -406.5  -297.8
169.2  -22.0  1628.8  96.4  84.4  162.6
63.6  -208.0  1404.4  -148.7  8.0  -1.4
105.2  -222.8  1523.2  201.7  -48.8  19.8
83.2  -222.8  1567.6  55.4  -8.3  -47.7
74.0  -154.4  1580.8  31.6  -75.6  -53.3
111.6  -158.4  1542.4  -10.9  -53.7  -40.5
115.6  -168.8  1478.0  10.7  -66.8  -32.4
121.6  -165.2  1484.0  48.7  -33.5  -14.8
102.0  -184.4  1504.8  71.2  -13.2  -10.4
60.0  -171.2  1565.2  124.7  -2.7  -8.7
19.2  -86.0  1669.2  -31.3  -46.3  10.3
16.8  -226.4  1471.6  -40.6  -62.3  -82.1
106.4  -211.2  1423.2  -5.9  -13.8  -191.5
104.8  -147.6  1523.6  55.3  17.0  -133.8
60.4  -126.0  1560.0  65.2  -1.4  -69.7
46.0  -200.8  1593.6  86.3  -59.1  -58.7
94.0  -145.2  1546.0  -133.2  -158.0  -80.0
110.0  -170.0  1467.6  -41.0  -94.9  -2.6
70.0  -198.4  1498.8  92.7  23.2  -6.5
104.4  -165.2  1503.6  8.0  -19.6  -68.8
90.4  -172.8  1526.4  -45.6  -47.1  -4.8
31.2  -217.2  1486.4  16.3  -60.5  6.7
50.8  -203.2  1502.8  46.8  -49.8  -0.5
45.6  -194.8  1509.6  55.1  -56.3  17.9
68.0  -210.4  1531.2  15.2  -71.3  5.0
74.8  -203.2  1498.8  46.3  -64.6  13.8
32.8  -196.4  1494.0  81.1  -52.6  15.9
20.0  -184.8  1550.4  61.3  -49.9  2.6
41.6  -202.4  1562.4  37.8  -81.9  -14.8
59.2  -190.0  1500.4  17.8  -103.0  -16.7
66.0  -178.4  1501.6  40.4  -61.8  -2.6
41.6  -181.2  1509.2  58.9  -47.0  12.7
42.0  -190.8  1486.4  48.7  -27.5  -22.9
65.6  -171.6  1510.4  48.2  -17.3  -28.1
40.0  -141.6  1603.6  58.0  -63.8  20.2
18.8  -196.4  1544.8  3.2  -77.8  6.5
31.6  -183.6  1490.4  -2.5  -86.5  6.2
76.4  -191.2  1501.6  1.1  -63.7  -11.8
34.0  -193.2  1498.8  45.4  -67.6  32.7
37.6  -214.0  1479.6  30.4  -55.4  2.1
74.0  -186.4  1490.8  53.6  -29.4  1.9
30.4  -212.0  1515.2  80.2  -0.2  6.4
-31.6  -180.4  1540.4  93.6  -25.9  11.1
-79.2  -160.8  1530.0  42.7  -57.9  -63.2
-9.2  -127.6  1519.2  81.9  -60.0  -73.7
138.0  -141.2  1502.8  76.7  -48.1  -54.7
71.2  -176.0  1604.8  82.2  -63.4  3.9
16.4  -140.0  1614.4  -22.8  -99.7  -28.5
38.0  -155.6  1519.2  -25.9  -101.8  -61.3
52.0  -138.0  1466.4  -35.9  -77.8  -34.6
-13.2  -168.8  1474.8  54.0  -77.8  -19.6
16.4  -214.8  1549.6  95.3  -75.7  1.1
56.0  -154.4  1534.0  -32.8  -92.2  -55.1
50.8  -121.2  1529.6  17.0  -110.3  -7.0
31.2  -157.6  1488.4  8.4  -105.2  -5.9
64.0  -196.0  1538.0  14.8  -82.0  -12.6
56.0  -180.0  1507.6  4.0  -82.8  -20.8
66.4  -182.8  1503.6  29.6  -85.7  -9.5
67.2  -205.6  1472.0  -1.3  -61.9  -13.0
75.6  -202.0  1497.2  60.2  -40.4  -21.9
54.4  -197.6  1502.8  87.6  -10.5  -26.4
30.8  -184.4  1520.0  73.4  0.1  -30.3
10.4  -160.4  1590.0  66.1  -32.8  -11.2
50.8  -170.4  1548.8  24.5  -61.7  -20.6
35.2  -166.4  1517.6  37.6  -81.0  9.1
39.6  -180.4  1506.8  36.3  -72.7  -19.0
64.4  -175.2  1535.2  34.1  -60.4  -9.3
21.6  -175.6  1522.4  23.0  -69.0  -4.7
