-141.2  -112.8  1488.8  -181.7  -97.2  58.6
-181.6  -184.8  1436.4  -8.2  -344.4  170.9
-122.4  -119.6  1486.8  95.9  -880.2  -227.2
-95.2  -65.6  1629.6  276.7  -341.3  -109.1
-69.2  -23.2  1531.2  47.1  181.0  172.1
-116.8  -67.6  1468.0  314.5  147.7  185.4
-28.0  -71.2  1533.2  -173.5  -78.5  203.8
-60.8  -194.8  1470.8  -402.4  -333.8  183.3
-2.4  -192.8  1485.6  -363.3  27.1  325.3
58.0  -487.2  1594.8  -58.3  -256.6  192.4
92.0  -791.6  1500.4  155.9  -163.6  -137.6
16.8  -790.8  1587.2  648.8  -220.2  -331.6
-272.8  -1004.4  1580.8  242.2  44.2  -612.4
71.6  -190.8  1014.4  358.3  115.1  -483.3
158.0  544.8  1308.0  798.9  -237.4  -130.3
-298.4  925.2  1924.0  350.4  -485.2  26.2
-614.0  1081.2  2094.8  -303.0  -193.9  26.9
-340.4  834.8  1544.8  -1019.6  3.0  57.5
-100.8  433.6  1494.0  -229.2  -344.5  -15.1
130.4  -6.4  1362.0  -281.1  -623.5  157.6
332.8  -309.6  1395.2  -159.7  -174.6  224.1
269.2  -531.2  1315.2  29.0  -347.3  149.6
232.4  -626.4  1369.6  2.0  -166.4  250.9
193.2  -604.0  1448.4  12.5  125.7  -9.9
129.6  17.2  1137.2  124.6  -119.9  -393.0
274.0  -79.2  1683.6  282.8  85.6  -110.7
151.6  -15.2  1704.8  31.5  -142.9  -48.5
146.8  -83.2  1599.6  28.4  -23.0  7.4
150.4  -145.2  1566.8  -31.0  -131.5  -11.0
180.0  -107.2  1512.4  61.7  -78.6  25.4
209.6  -130.8  1483.6  61.6  -56.4  -14.0
174.0  -169.2  1472.8  166.6  -85.1  -45.1
153.6  -77.2  1527.2  234.1  -86.2  -79.5
178.0  -84.0  1537.2  54.0  -71.0  -31.6
175.2  -55.2  1604.8  -229.2  59.4  67.1
210.4  -111.6  1474.0  -316.3  86.6  12.2
148.8  -177.2  1472.8  185.8  -332.4  -176.4
253.6  -195.6  1484.4  112.7  -141.5  -10.3
260.8  -78.0  1534.8  135.2  95.9  -187.5
152.4  -73.2  1484.0  380.5  17.0  -156.3
150.4  -244.8  1764.8  106.7  180.8  176.7
64.8  -53.6  1569.6  -208.8  109.0  167.8
125.2  -83.6  1604.8  -132.7  114.0  239.0
92.8  -86.0  1401.2  -7.5  -375.6  178.2
219.6  -78.0  1461.6  -2.4  256.9  -231.9
132.0  -125.6  1463.6  293.2  27.4  -141.2
103.6  -76.8  1622.4  42.5  -21.2  -0.2
93.2  -113.6  1606.4  -67.1  -56.4  32.5
94.4  -97.2  1488.8  58.5  -109.9  68.4
15.6  -285.2  1344.4  231.1  -44.0  -35.7
118.0  -119.6  1579.6  63.5  -632.9  -32.6
120.4  -42.4  1554.0  39.0  -78.6  -19.4
143.6  -74.4  1560.4  114.4  7.9  48.7
108.8  -83.2  1538.4  107.7  0.5  44.8
114.8  -48.8  1554.0  103.1  -15.0  3.2
104.0  -50.8  1539.2  121.4  -5.8  58.9
71.6  9.2  1495.6  152.7  31.1  111.5
139.2  -212.0  1562.8  120.0  393.7  203.6
331.6  -795.6  1664.0  105.8  162.0  107.1
272.4  -790.8  1608.0  107.3  400.4  -199.8
61.2  -414.0  1299.2  209.8  452.6  -169.7
44.0  196.0  1044.4  405.2  -318.1  -82.6
-87.2  718.0  1553.2  80.7  -374.3  -192.9
-482.0  881.6  1888.8  -375.0  -366.5  122.3
-778.8  869.2  2009.6  -346.2  -331.3  -114.1
-518.8  626.0  1690.8  -200.1  -693.2  -333.3
30.0  436.4  1545.2  -4.8  -262.0  -232.3
379.6  48.8  1526.0  -180.5  -68.8  -64.4
508.0  -549.6  1302.0  -485.5  -17.5  367.1
459.6  -867.2  1349.2  -93.1  -221.0  254.7
389.2  -606.8  1569.2  138.9  -102.8  136.6
225.2  -461.6  1446.8  -133.7  130.4  125.9
115.2  -262.0  1391.2  38.4  308.5  -76.6
55.6  -156.0  1513.6  141.3  130.5  -16.4
94.0  -182.4  1631.6  142.1  152.4  44.2
26.8  -183.2  1588.0  25.9  -4.5  -32.3
27.2  -155.6  1660.4  -104.5  -35.1  41.6
29.6  -197.2  1487.6  -55.0  -197.4  -16.4
101.6  -257.6  1433.6  -46.3  -83.2  -32.3
59.6  -204.8  1460.4  140.7  -91.7  -28.4
63.6  -199.6  1495.2  167.2  74.2  -3.7
34.0  -168.8  1523.2  259.1  53.8  16.4
57.6  -197.2  1637.2  66.5  23.6  -80.8
54.4  -113.6  1510.4  -79.8  -51.1  -1.3
0.8  -128.0  1516.4  135.8  -24.4  24.1
20.8  -176.8  1507.6  87.1  37.4  61.6
18.4  -158.0  1586.4  19.4  -126.0  44.9
-4.4  -136.4  1565.2  -105.1  -125.2  29.7
16.8  -161.6  1526.0  -16.3  -222.8  36.7
47.6  -164.8  1536.0  61.5  -258.1  64.7
53.6  -180.0  1499.6  60.9  -217.7  64.8
57.2  -202.0  1485.2  47.4  -84.5  15.2
72.8  -173.6  1509.2  54.0  -52.1  -15.6
99.6  -168.8  1495.6  77.2  -47.5  -3.2
63.6  -152.8  1522.8  75.1  -79.6  -0.7
66.8  -124.8  1586.4  87.1  -38.2  -21.4
74.4  -104.4  1559.2  24.3  -102.1  -15.9
84.8  -142.8  1514.4  11.5  -76.0  -17.1
71.2  -170.0  1488.8  46.3  -107.6  -35.4
97.6  -154.4  1506.0  12.5  -2.9  9.2
60.4  -143.2  1520.0  29.6  -17.9  12.9
66.0  -130.4  1546.0  7.6  38.7  27.5
62.4  -158.8  1554.8  109.7  -31.1  -39.5
61.6  -141.6  1522.0  26.3  -141.6  -64.3
66.4  -120.8  1535.6  18.0  -194.8  -41.6
57.2  -145.2  1539.6  57.5  -95.4  11.8
52.0  -157.6  1501.6  3.8  -59.1  5.0
66.0  -153.6  1527.6  54.0  -60.5  -28.8
76.4  -131.6  1544.0  43.0  -122.0  -31.5
66.0  -141.2  1524.0  -11.8  -97.9  -3.6
81.6  -136.8  1522.8  -8.5  -58.1  -10.5
77.2  -90.8  1529.2  47.5  -106.9  -25.8
32.4  -24.8  1527.2  -15.1  -140.5  81.4
-42.8  12.0  1431.2  -72.1  -269.9  -19.4
200.4  -146.8  1595.6  -254.4  151.6  139.7
358.8  -594.8  1640.4  -103.1  83.7  316.6
349.6  -1068.4  1230.4  -78.0  -142.9  85.5
193.6  -858.4  1186.0  308.1  -64.0  -224.2
190.8  -631.2  1116.4  139.6  166.4  -293.4
160.0  117.2  1538.0  883.2  -672.1  -347.6
145.6  357.6  1844.0  223.4  -398.6  121.9
-107.2  747.6  2033.2  -237.7  78.0  320.9
-474.4  783.2  1817.2  -309.1  -245.1  2.9
-278.4  667.6  1449.2  -18.4  -310.9  -369.1
107.6  299.6  1510.0  321.1  264.1  -419.9
388.0  -113.2  1597.2  -351.2  367.3  174.3
543.2  -509.2  1474.0  -429.6  -162.5  382.7
672.4  -925.6  1370.4  56.9  -197.0  361.9
379.2  -454.0  1523.6  -210.2  -186.7  143.8
80.8  -390.8  1255.2  -464.3  37.2  178.5
32.4  -382.4  1293.2  -20.1  181.6  -58.0
196.4  -249.6  1450.8  349.5  95.2  -109.2
159.6  -204.0  1542.8  69.9  60.1  -35.6
40.4  -187.2  1630.0  109.0  -73.2  6.2
71.2  -214.0  1565.2  -8.3  -64.1  -11.2
90.4  -192.4  1489.2  14.0  -121.3  -14.0
120.4  -226.0  1489.2  32.7  -127.6  -2.9
125.2  -205.6  1502.4  98.8  -76.9  -18.4
117.2  -201.2  1504.4  63.9  -95.8  -12.4
122.0  -200.8  1579.6  84.8  -113.9  2.8
120.4  -174.0  1572.8  64.3  -99.4  -26.8
112.0  -185.6  1517.2  -35.2  -95.7  -12.8
166.8  -223.6  1494.8  -10.0  -98.7  -35.4
147.2  -194.4  1478.0  65.9  -83.3  -41.7
129.6  -186.4  1508.0  95.4  -75.2  -29.1
177.2  -181.2  1532.8  48.1  -53.9  -16.2
129.2  -178.0  1539.6  66.5  -68.0  -5.3
142.4  -191.2  1480.8  36.2  -43.0  -3.3
142.4  -176.0  1524.0  88.2  -50.0  -18.3
141.2  -166.4  1578.4  69.3  -54.4  3.3
126.0  -170.4  1512.0  34.4  -68.7  -12.0
144.0  -203.2  1544.4  -49.9  -10.2  35.6
116.4  -195.6  1538.8  -7.8  -58.0  -3.6
142.4  -194.0  1530.8  65.0  -84.6  -18.0
134.0  -175.6  1532.4  59.1  -74.1  -7.1
125.2  -194.8  1527.2  64.0  -87.4  13.4
135.6  -170.0  1493.2  40.8  -65.9  -4.5
140.0  -158.0  1510.0  71.5  -68.2  -4.3
139.6  -162.0  1534.8  32.9  -67.7  8.2
54.4  -200.0  1607.6  72.7  -43.8  -16.2
122.4  -279.2  1561.6  -100.5  123.0  -140.9
211.2  -477.2  1300.0  -183.5  -63.0  -73.7
318.0  -568.8  1360.8  248.5  16.1  57.8
176.4  -460.4  1442.4  501.9  -151.3  -94.1
276.0  -141.2  1458.4  432.8  318.2  -198.5
117.6  -111.6  1448.0  375.8  -139.9  -92.7
146.0  110.0  1526.8  299.9  -285.1  234.6
-197.2  411.6  1762.8  8.9  -181.8  55.9
-291.2  660.8  1878.0  83.3  -432.4  -59.6
-134.4  579.6  1780.4  -504.8  46.3  -213.1
115.6  312.8  1678.0  -247.8  -104.0  -156.9
136.8  91.6  1484.4  -387.8  -137.7  -15.4
131.2  -219.2  1346.4  -467.1  -169.3  134.0
248.0  -396.8  1406.0  31.3  -89.1  132.7
415.6  -676.8  1303.6  -196.2  -118.1  291.9
272.8  -812.0  1504.4  57.8  9.8  282.7
207.6  -706.4  1140.8  -188.2  73.2  -74.6
55.2  -279.2  1413.2  -9.2  116.2  -198.4
184.4  -170.4  1501.2  294.1  42.2  -101.7
220.0  -236.0  1620.4  144.7  126.5  -10.3
121.6  -250.8  1500.0  92.6  -117.1  36.3
70.0  -262.8  1562.0  203.6  -133.6  31.6
56.4  -212.4  1626.8  191.7  -210.5  15.7
169.2  -208.4  1488.8  94.8  -251.3  -21.5
166.4  -193.2  1408.0  64.3  -141.6  34.5
160.8  -177.2  1441.6  153.1  -84.2  9.4
192.0  -220.4  1550.4  169.8  -25.7  2.4
175.6  -185.2  1640.0  116.8  -160.6  -42.4
208.0  -115.6  1535.6  -41.1  -209.3  -35.3
213.2  -156.8  1452.8  20.9  -187.9  -47.1
262.4  -150.4  1508.4  -22.7  -83.8  -19.4
190.0  -188.4  1479.6  -66.2  -29.6  -65.0
232.0  -162.8  1523.2  11.5  -6.3  -109.7
226.0  -147.2  1603.2  21.7  -57.3  10.7
180.0  -186.4  1540.0  4.3  -140.7  5.1
214.8  -158.8  1492.0  1.5  -107.5  5.7
240.0  -220.8  1506.8  -43.8  -35.6  -22.5
211.6  -179.2  1494.0  -8.5  -16.0  -1.0
182.0  -248.8  1428.8  8.1  -39.1  0.4
185.2  -231.6  1475.2  78.9  34.1  -48.0
232.0  -179.6  1500.8  133.1  11.2  -34.0
188.4  -168.0  1516.8  91.2  -1.8  37.3
136.0  -197.2  1593.2  88.4  -56.7  34.4
175.6  -177.6  1577.2  -33.4  -31.0  -16.5
207.2  -162.0  1480.4  -3.5  -42.2  -16.2
175.2  -190.0  1500.8  -78.4  185.5  -21.5
126.8  -233.2  1553.2  81.9  -141.6  35.6
103.2  -214.4  1526.8  69.8  -103.9  -10.6
191.6  -179.6  1478.8  18.1  -99.9  -21.1
189.2  -181.6  1500.8  92.4  -129.9  26.7
169.6  -185.6  1487.6  28.0  -48.1  1.9
162.0  -197.2  1531.6  81.0  -87.6  26.5
146.0  -190.0  1546.4  56.2  -55.4  0.3
160.8  -185.6  1516.4  35.2  -44.2  -10.1
173.2  -196.8  1528.8  55.8  -59.3  -1.2
175.2  -170.4  1526.0  58.0  -56.0  -17.9
148.4  -170.4  1530.8  37.5  -46.3  -1.0
193.6  -158.4  1532.8  13.2  -44.8  1.8
137.2  -183.6  1546.4  27.1  -101.7  12.4
132.0  -183.2  1488.0  17.5  -98.8  -6.2
190.8  -181.2  1503.6  34.5  -62.3  -30.5
190.8  -165.2  1552.0  33.1  -61.1  -2.7
174.0  -139.6  1548.8  17.9  -74.8  20.3
160.4  -191.2  1528.8  -46.7  -81.2  50.8
156.4  -220.8  1476.0  12.6  -78.1  3.8
165.2  -204.8  1496.0  100.4  9.4  22.5
166.8  -161.6  1532.8  73.8  -41.9  3.9
169.2  -188.4  1525.6  14.2  -62.5  13.6
139.6  -204.4  1531.6  30.3  -49.7  -14.1
141.2  -170.4  1536.0  61.2  -66.9  3.4
136.8  -174.8  1565.2  48.5  -52.3  -1.4
88.0  -97.6  1450.0  93.9  48.1  104.7
116.4  -152.0  1504.4  -6.1  180.1  91.7
177.6  -360.8  1568.4  -52.8  334.8  26.9
318.0  -810.0  1440.4  -63.4  440.7  -63.2
130.4  -1020.0  1312.8  345.8  -31.2  -239.5
-25.6  -674.8  1059.6  419.8  328.3  -253.3
-69.2  87.6  978.8  567.3  -209.8  -391.0
-110.8  614.8  1582.4  956.4  -458.6  -39.1
-490.4  1280.4  1972.0  294.3  -103.7  -269.7
-294.4  986.8  2136.0  -469.3  -261.0  49.4
-121.6  684.8  1591.6  -494.5  -187.1  -66.6
87.2  352.0  1468.4  -120.1  -652.3  100.1
115.2  92.0  1338.0  -611.7  -503.4  502.1
195.6  -482.8  1210.4  -734.6  -265.9  599.0
209.2  -732.4  1037.6  215.9  -562.9  160.3
159.2  -805.2  1571.6  159.0  122.2  48.7
420.4  -407.6  1609.2  303.3  231.1  -139.6
222.8  -103.6  1573.2  207.5  -139.8  -176.7
333.2  -136.4  1638.8  -118.8  90.9  62.8
168.8  -109.6  1532.4  43.7  -266.5  -16.2
214.0  -160.8  1528.0  -18.5  -282.3  44.6
133.2  -194.8  1536.4  -55.1  -317.6  19.0
317.6  -259.6  1346.4  -146.7  -216.7  29.8
284.8  -141.6  1612.0  79.6  -51.4  -27.6
350.0  -72.0  1486.8  196.3  -59.2  -102.0
323.6  -41.6  1354.8  -166.6  -211.5  -46.1
218.8  -158.0  1549.2  192.6  -125.8  -56.1
418.8  -80.8  1514.8  -265.8  -142.5  26.3
331.2  -369.6  1562.8  65.7  -619.1  154.6
524.0  -484.0  1104.4  -64.8  -315.6  694.3
733.6  -228.0  1945.6  400.0  -288.3  265.4
262.0  -1.6  1732.0  -155.5  -115.1  412.2
398.0  -95.6  1568.0  -591.4  492.2  406.0
121.6  -305.6  1804.8  -110.4  -28.3  -272.4
347.2  -473.6  1575.6  -140.1  -93.5  -365.6
563.6  -340.0  1348.8  -131.9  -41.7  -179.0
288.0  -222.8  1064.8  -207.9  -40.6  -239.4
160.4  -250.8  1482.0  142.7  274.3  -86.7
346.0  -289.2  1378.0  122.1  157.5  -120.0
588.0  -362.8  1478.4  295.1  -126.3  -25.5
428.8  -261.6  1470.4  355.6  -400.3  171.5
410.0  -374.8  1789.2  -23.0  332.7  254.1
232.8  -264.0  1349.6  150.2  277.4  -129.0
299.2  -244.8  1497.6  334.5  140.1  -415.4
231.6  -145.2  1580.4  12.2  -44.0  -152.4
57.6  -114.8  1630.8  -261.2  -172.9  316.5
204.0  -189.2  1450.4  -116.6  -25.3  126.7
247.2  -388.8  1606.8  -111.1  -241.4  78.0
237.6  -353.2  1407.2  -112.3  -172.7  -1.1
271.6  -250.4  1384.0  132.4  54.9  -145.2
233.2  -316.8  1458.0  221.6  41.8  -89.2
275.6  -357.2  1497.6  202.2  -88.6  -54.0
320.0  -306.8  1516.4  192.4  -87.2  28.7
328.8  -257.6  1550.0  158.1  -51.7  224.0
279.2  -309.6  1640.4  105.2  84.4  275.0
226.0  -315.2  1454.8  34.8  -71.2  38.2
250.4  -424.0  1407.6  95.6  79.9  -157.1
228.4  -662.8  1331.6  137.2  33.6  -84.4
141.2  -797.6  1357.2  41.9  319.9  -196.4
22.4  -621.2  1518.4  58.6  256.2  -646.2
69.6  -215.2  1204.0  310.4  485.6  -191.8
-100.8  224.8  1202.4  414.1  -195.3  -469.8
-374.0  910.4  1840.8  998.4  483.2  -336.8
-322.4  1200.0  2562.4  580.8  -709.0  -687.3
350.4  1050.0  1515.2  -440.4  -720.6  173.8
446.0  553.6  1282.8  -561.1  80.0  577.6
76.4  152.8  1485.2  -284.1  -218.8  471.7
-85.2  -288.4  1640.4  -318.1  -413.9  1051.3
-61.6  -267.2  1482.4  -290.3  -121.7  730.4
14.8  -510.0  1336.0  -87.5  -201.9  623.4
64.4  -842.4  1254.8  -64.7  -309.4  -13.8
140.4  -780.8  1391.6  -247.5  285.8  -203.5
171.2  -562.4  1622.4  59.6  170.6  -529.1
186.8  -207.6  1598.0  -140.3  39.5  -228.4
80.0  -83.6  1468.8  94.2  -203.5  -275.7
96.4  -94.0  1407.2  279.2  -145.8  -184.3
235.6  -117.2  1397.2  282.2  28.2  -29.0
-42.8  -126.0  1567.2  312.0  -137.9  88.3
114.8  -128.8  1827.2  47.2  34.9  -61.8
180.8  -166.4  1682.4  -69.9  27.7  -193.6
188.8  -249.2  1288.8  -1.0  -212.0  -373.3
153.2  -242.0  1139.2  336.4  -304.1  -328.9
127.2  -305.6  1530.8  526.3  177.7  -147.0
233.2  -322.8  1575.6  -189.0  46.9  271.5
238.8  -247.6  1602.4  -207.1  -442.6  273.3
181.6  -208.4  1703.6  -189.1  -302.4  226.4
139.2  -132.8  1519.2  -67.4  -53.3  259.2
170.8  -158.8  1536.8  -29.6  37.7  132.1
195.6  -259.6  1489.6  -1.8  33.5  -17.5
194.0  -174.4  1347.2  139.7  -10.5  -172.7
272.8  -225.2  1734.8  144.7  41.9  -2.1
125.2  -217.6  1675.6  -68.1  -151.7  200.7
147.6  -205.6  1480.8  -57.2  -133.0  97.8
134.8  -180.4  1472.4  120.2  -180.8  -78.3
162.4  -204.8  1521.6  134.2  -308.9  -78.1
202.8  -216.8  1518.8  46.3  -260.6  39.3
293.2  -210.8  1464.4  -60.8  -59.7  177.8
184.8  -204.8  1579.6  138.1  -121.1  131.8
225.2  -213.2  1484.8  -48.4  -140.5  0.8
254.8  -186.4  1382.8  94.9  -156.9  -172.1
224.4  -198.4  1594.8  126.8  -65.7  -151.5
226.0  -198.4  1558.0  -130.9  85.4  -11.2
288.8  -186.8  1398.4  -132.4  69.6  -1.6
256.8  -199.6  1526.0  92.5  -12.5  6.6
224.8  -226.8  1668.0  148.6  133.4  20.1
230.0  -232.4  1532.4  49.7  -11.7  7.3
181.6  -218.4  1428.4  9.1  -53.2  18.3
157.6  -239.2  1525.2  47.0  -31.6  48.4
152.8  -223.2  1542.0  8.5  -18.7  45.8
228.8  -210.8  1525.6  -0.1  -37.1  47.8
210.0  -208.8  1560.8  93.9  20.1  127.7
114.8  -307.6  1558.8  -97.8  20.0  163.2
150.0  -393.2  1295.6  -33.9  24.9  -84.2
214.8  -748.0  1400.4  264.4  87.2  -141.8
362.8  -1263.2  1256.4  68.9  14.4  -97.9
-134.8  -906.0  1230.0  153.5  145.0  -588.3
-187.2  5.6  1611.6  781.1  18.7  -819.1
-91.2  880.0  1861.2  1195.9  440.0  -318.7
-265.2  1242.8  1872.8  686.2  -214.1  -240.0
-35.6  1098.0  1872.4  -487.8  -128.3  -41.8
94.0  710.8  1562.4  -499.1  -429.1  -435.5
-299.2  338.8  1544.0  -486.1  85.3  -116.7
45.2  -116.4  1386.0  -535.1  -88.6  504.9
137.2  -625.2  1251.6  -429.2  -538.2  1078.9
174.4  -734.0  1366.8  -215.7  -951.2  556.9
205.6  -584.8  1236.4  -656.6  11.8  793.1
210.0  -701.2  1560.8  221.3  24.9  131.3
299.6  -657.6  1772.4  103.2  157.0  -94.7
132.0  -541.2  1629.2  36.1  -208.7  -330.2
162.0  -376.4  1511.2  -29.2  -210.8  -320.3
145.2  -227.6  1303.6  -16.8  -156.2  -64.3
258.4  -282.4  1447.6  77.4  62.0  -66.9
160.0  -259.6  1404.8  -8.3  9.3  -23.9
57.6  -267.6  1490.8  68.9  100.6  -45.6
220.4  -283.6  1444.0  -40.6  52.9  53.5
128.8  -319.2  1672.0  126.2  71.1  73.2
51.6  -319.2  1404.4  -102.3  -86.1  13.3
61.6  -314.4  1288.0  186.6  38.3  -204.3
54.0  -318.0  1588.4  213.8  180.4  -210.8
160.4  -288.0  1640.4  90.8  104.0  -198.0
161.2  -247.6  1493.2  79.9  15.0  -74.9
17.2  -265.6  1569.6  135.9  -70.0  -43.0
-34.0  -261.6  1543.6  81.5  -50.2  35.9
20.0  -251.2  1446.8  110.5  63.7  48.3
27.6  -230.0  1414.0  89.7  -56.5  38.6
61.6  -220.0  1500.8  -101.7  -68.7  175.7
137.6  -267.2  1652.0  -305.4  -160.0  252.1
83.2  -252.0  1609.2  31.0  -116.8  188.9
-33.6  -341.6  1538.0  133.6  -96.7  73.5
39.2  -281.2  1337.6  30.0  -105.0  51.9
-24.8  -240.4  1431.6  104.1  -72.8  -21.1
62.4  -254.4  1584.8  225.0  -61.4  -114.4
99.6  -232.0  1543.2  191.9  12.3  -11.8
41.2  -275.6  1601.6  189.4  -23.9  26.8
32.0  -248.4  1573.6  117.1  89.8  136.6
43.2  -143.2  1386.8  -21.6  72.5  117.5
-26.4  -165.6  1493.2  20.3  -22.8  27.6
-17.2  -148.4  1556.4  -39.1  -44.7  66.0
48.4  -107.2  1598.8  621.3  112.3  -121.3
2.4  -118.4  1510.8  96.5  -73.9  61.5
19.2  -201.6  1496.4  -268.2  -176.6  172.8
-76.0  -154.0  1661.2  -211.0  -97.7  152.1
-88.0  -330.4  1547.6  796.7  -212.8  -119.0
-268.8  -366.8  1304.4  817.1  771.8  -595.7
-71.2  -713.2  1460.8  308.5  304.7  -302.0
22.0  -683.6  1573.6  -537.6  -115.6  -159.4
-334.0  -449.2  1731.6  36.6  174.1  -544.3
-218.4  21.2  1288.4  968.9  -448.2  -573.8
-366.0  640.4  1121.6  962.0  -134.7  -253.4
-182.8  1106.4  2150.8  557.4  15.2  190.4
-381.6  1532.0  1433.2  -1236.4  341.1  668.1
-221.2  927.6  1610.8  -856.4  424.1  -290.8
-423.6  560.4  1221.6  -502.2  54.7  -697.0
-260.8  -60.4  1289.6  -514.6  -460.8  374.5
-65.6  -575.6  1461.2  156.7  -990.6  708.3
-172.4  -712.0  1490.8  -452.2  -534.2  878.3
-34.4  -663.6  1330.0  -140.9  -194.7  694.2
76.4  -658.8  1583.6  -33.6  -15.0  263.2
-27.2  -435.2  1754.4  96.7  128.5  -16.7
-73.2  -300.8  1641.6  0.3  -76.0  -335.1
7.6  -238.0  1400.0  -49.9  -123.8  -176.0
-62.8  -139.6  1377.2  74.8  -125.0  -132.6
2.4  -95.6  1514.0  67.6  39.7  -105.1
-4.0  -208.4  1461.6  156.7  -0.8  -97.3
-67.6  -266.0  1518.8  42.1  -169.7  -26.6
-100.4  -175.6  1548.0  -53.2  70.4  161.0
-142.8  -162.8  1659.2  48.1  16.8  93.9
-53.6  -176.8  1398.4  -18.8  -137.5  28.4
-27.2  -251.6  1420.8  49.8  -176.7  8.7
-116.0  -221.2  1571.6  145.8  -174.1  -108.7
-28.0  -230.4  1552.0  80.2  -27.0  -98.4
-17.6  -192.8  1484.4  35.6  -52.7  -50.7
-19.6  -172.8  1477.2  -59.7  -13.7  36.2
-67.2  -178.8  1532.0  38.3  -36.5  70.6
-85.2  -270.0  1576.8  77.1  -94.9  20.8
-69.6  -276.0  1508.8  -4.7  -68.2  -1.0
-76.4  -206.4  1500.0  36.0  -54.0  -45.1
-51.2  -148.8  1501.6  49.7  -52.8  -49.2
-7.6  -202.4  1482.0  24.6  -41.2  -1.1
25.6  -229.2  1493.6  -38.7  -50.1  10.1
-98.8  -221.6  1632.0  33.4  15.1  5.3
-151.2  -253.6  1428.8  -49.8  26.8  -89.1
-52.8  -237.2  1422.4  49.1  24.9  -169.3
-104.4  -214.4  1486.4  87.9  120.3  -126.3
-104.4  -182.8  1539.6  188.5  100.9  -149.9
-49.6  -176.4  1614.8  235.1  15.5  -173.0
-87.6  -200.4  1543.6  21.0  -56.6  -11.8
-119.6  -194.8  1461.2  -60.8  -61.0  59.5
-182.4  -197.2  1481.6  -19.6  -103.0  56.9
-237.6  -170.8  1512.0  -71.0  -115.8  91.3
-166.0  -132.8  1533.6  3.2  -172.2  50.0
-90.4  -143.6  1494.4  -16.5  -185.2  131.2
-43.6  -189.6  1489.2  84.3  -199.8  134.9
-67.2  -215.6  1660.0  84.0  -175.1  32.2
-59.6  -226.4  1510.8  -35.5  -72.8  35.6
-44.4  -182.8  1400.0  169.0  36.9  -112.1
-86.8  -415.2  1662.0  235.4  373.8  -379.5
130.8  -884.8  1716.8  485.7  447.6  -256.9
-111.6  -1046.8  1673.2  306.9  109.7  -256.6
-251.6  -778.8  1313.2  357.1  216.2  -136.0
-206.0  93.6  895.6  191.3  64.1  -155.9
-338.8  923.6  944.0  692.6  -380.9  80.4
-416.8  1258.8  2299.6  1078.2  -467.6  -78.8
-826.4  1106.8  2032.8  -1118.6  63.2  286.1
-403.2  896.8  1519.2  -838.0  -515.9  -564.9
-233.6  423.2  1225.6  -692.9  -406.2  -380.5
99.6  -134.8  1160.8  -320.4  -651.9  160.9
139.2  -701.2  1222.0  124.5  -993.9  536.2
-8.0  -803.2  1597.6  -127.2  -372.8  809.9
95.6  -726.8  1582.4  -218.5  -110.8  400.3
240.8  -683.2  1600.8  -325.8  211.7  290.7
290.8  -606.4  1530.4  -58.4  -221.0  -174.9
252.0  -637.2  1725.2  -160.3  227.0  -107.2
92.8  -282.4  1542.4  -148.6  439.9  66.2
-74.0  -264.8  1543.6  183.1  -33.3  -71.5
-138.0  -161.6  1288.4  -44.5  -101.1  25.8
-66.4  -280.8  1344.0  159.4  -152.2  -25.7
9.2  -330.8  1508.8  251.6  -29.6  84.6
-3.2  -377.2  1672.8  88.9  201.4  -10.0
-2.4  -283.6  1539.2  -106.8  -159.1  78.5
-52.8  -303.2  1440.0  -62.4  -94.0  84.5
20.8  -282.4  1403.2  201.5  -361.0  -186.3
111.6  -321.2  1655.2  157.7  -233.9  -14.6
160.4  -300.8  1600.0  -120.6  -46.2  256.5
76.8  -282.0  1311.6  -118.3  -146.6  312.9
-45.2  -387.2  1456.0  -18.3  -147.2  116.0
-33.6  -437.2  1382.0  13.9  -81.8  -32.6
-46.0  -445.2  1470.8  124.0  67.7  -203.7
-11.6  -363.6  1546.4  56.2  268.7  -208.4
17.2  -226.4  1607.6  1.9  221.2  -136.4
142.4  -186.0  1617.2  -213.8  98.6  97.6
62.8  -339.2  1495.2  -113.8  -180.3  186.7
-57.2  -428.0  1405.2  -27.9  -161.1  140.9
-122.8  -414.0  1451.6  -72.9  -180.9  85.3
-140.4  -441.6  1576.8  71.3  -93.7  -5.7
-5.2  -379.2  1506.4  65.0  0.2  -30.9
30.8  -322.8  1530.0  133.4  -116.9  35.4
38.0  -366.0  1492.4  23.0  -75.0  53.7
75.6  -367.6  1388.8  -43.4  -135.1  124.8
-114.8  -420.0  1442.0  -59.3  -158.2  140.3
-107.2  -414.0  1458.4  80.3  -51.6  -24.7
-27.2  -459.6  1518.0  161.0  -39.0  -127.2
-5.6  -418.0  1550.4  135.3  -39.2  -123.4
-34.4  -382.8  1472.4  123.6  -0.3  -81.9
-58.4  -332.8  1437.2  147.6  75.1  -5.0
-103.6  -307.2  1369.6  113.4  -19.5  -4.5
-95.2  -317.6  1479.6  127.6  -59.9  8.6
-59.6  -328.0  1510.0  75.2  -84.5  33.1
-8.8  -340.0  1532.0  73.8  -67.0  44.4
15.6  -315.2  1552.8  62.9  -61.1  63.1
-50.4  -318.0  1525.6  105.4  -160.4  53.2
-113.2  -313.2  1586.8  37.3  -44.1  -40.5
-3.6  -224.0  1404.8  137.3  59.9  -195.8
-226.4  -178.8  1783.2  688.1  27.6  -487.8
88.0  -319.2  1688.0  334.1  203.1  -536.8
321.2  -845.2  1266.0  336.9  99.1  -192.2
-55.6  -1186.4  1170.8  552.2  -1.7  -475.8
108.0  -984.0  1199.2  -247.8  912.2  -376.8
-563.6  -311.6  1624.8  1757.2  -720.6  -760.0
-336.8  591.6  1268.8  197.2  817.7  -158.4
-574.8  1469.6  1927.2  1004.4  -559.9  -280.7
-684.4  1434.4  2093.6  -641.7  -438.0  217.6
-178.0  962.8  1531.6  -1347.6  -726.7  245.1
199.2  378.8  1215.2  -441.6  -511.9  456.0
28.0  -208.4  1166.0  -384.4  -220.6  381.7
-242.0  -535.2  1530.0  -37.8  281.1  118.7
-202.0  -617.2  1414.8  -482.7  113.0  721.1
-96.0  -677.6  1392.8  -377.7  149.8  508.8
14.8  -633.2  1606.8  -80.5  -132.5  13.9
32.0  -523.2  1456.4  77.5  83.6  35.8
-129.6  -372.4  1490.0  -62.5  249.2  270.5
-232.4  -306.0  1565.6  -0.5  31.4  -35.1
-185.6  -379.2  1446.4  -319.0  161.5  -76.4
-110.0  -366.0  1467.2  -27.8  -119.9  -102.9
-193.6  -331.2  1329.6  70.4  -10.4  17.5
-252.4  -354.8  1456.4  110.7  75.7  28.8
-348.8  -339.2  1591.6  -41.0  -25.3  -15.3
-299.2  -342.4  1510.0  46.0  -91.8  -117.5
-234.0  -338.0  1461.6  71.7  -145.9  -77.2
-223.2  -316.0  1416.4  -17.0  -73.9  -60.1
-156.4  -332.0  1548.0  125.4  -172.0  74.0
-144.8  -262.4  1529.6  165.6  -146.6  72.5
-124.4  -288.0  1519.6  109.4  -322.3  57.8
-132.8  -275.6  1383.6  -88.4  -435.6  112.1
-133.2  -330.0  1392.8  63.2  -243.2  74.9
-66.8  -371.2  1501.2  137.7  -89.9  5.8
-119.2  -316.4  1600.8  -4.6  75.5  81.2
-122.4  -302.4  1496.4  -80.4  -9.4  29.5
-101.6  -319.2  1447.6  -17.7  -87.0  -28.3
-158.8  -320.8  1471.2  45.9  -82.4  -16.9
-122.4  -340.0  1487.6  29.7  -10.4  -73.4
-66.8  -330.0  1501.6  101.9  -41.1  -112.7
-146.8  -329.2  1505.6  -16.7  -5.5  -8.0
-102.8  -346.8  1418.8  -76.1  40.1  -1.9
-136.0  -330.4  1482.8  65.8  -43.7  -89.1
-158.8  -335.6  1454.4  123.2  -240.7  -104.1
-55.2  -375.6  1480.4  274.7  -196.0  -235.8
-88.0  -253.2  1524.4  201.8  -154.9  -194.2
-81.6  -124.4  1681.2  293.5  -96.6  -145.7
-106.4  -174.8  1436.4  69.7  -254.6  79.8
-178.8  -315.6  1255.6  270.6  -56.0  55.3
-39.2  -347.2  1561.6  338.0  154.9  -152.1
-91.6  -178.4  1743.6  103.0  -12.7  -58.4
-102.4  -94.8  1590.0  -82.9  -82.3  -11.0
-78.0  -88.0  1384.0  -148.3  -248.2  72.9
-78.0  -134.4  1434.8  53.1  -162.1  4.6
6.0  -195.6  1555.6  93.4  -80.6  -7.7
2.4  -252.8  1592.0  -31.6  -108.0  44.8
-9.2  -280.0  1535.2  -23.7  12.3  81.4
-40.0  -310.8  1496.0  -3.0  -119.1  7.7
-103.6  -234.0  1462.4  39.3  -66.9  -53.5
-112.4  -163.6  1504.4  65.0  -61.0  -80.5
-67.6  -140.4  1493.2  12.6  -36.1  -5.9
-56.8  -132.0  1466.8  34.4  -26.3  31.8
-39.2  -174.0  1495.6  22.7  -23.3  87.5
-86.0  -234.8  1458.4  48.7  95.6  115.8
-81.6  -305.6  1461.2  91.3  176.0  49.8
105.6  -758.8  1336.0  380.3  167.1  -56.2
90.0  -1192.0  1691.6  572.9  35.1  -603.4
-92.0  -729.6  1638.4  81.6  -395.0  -781.2
-182.4  -267.2  1355.2  285.0  -464.0  -634.2
-182.8  378.0  1113.2  195.1  -755.6  -210.3
-236.4  961.6  1760.8  816.9  -235.8  -290.7
-397.6  1109.2  1690.8  -10.5  -68.7  188.7
-335.2  907.6  1595.2  -769.2  -7.7  90.5
-99.6  736.4  1257.2  -346.9  123.7  -341.4
-77.6  159.2  1374.0  -63.6  873.9  -159.7
21.6  -406.8  1448.0  160.4  314.4  391.0
-104.8  -566.8  1694.4  -37.3  -22.4  720.8
-50.0  -632.0  1530.8  -344.6  -339.6  654.0
38.4  -580.8  1638.4  -204.7  -29.3  240.7
36.0  -385.2  1568.0  -383.7  -493.5  218.9
-102.0  -367.2  1402.4  15.2  -206.0  176.4
-254.4  -260.8  1418.0  -45.8  -84.3  34.1
-191.2  -201.2  1357.6  179.3  -26.7  -191.2
-46.8  -269.2  1517.6  183.6  53.1  -125.4
-4.0  -272.0  1606.0  85.4  43.8  16.2
-31.2  -277.6  1630.8  -47.9  -84.4  67.5
-116.8  -252.8  1465.2  -181.5  46.7  226.6
-242.8  -200.0  1394.4  -29.6  -2.6  85.9
-299.2  -207.2  1483.6  7.5  -103.6  -45.6
-130.0  -223.6  1423.6  -3.2  5.3  -30.1
-146.4  -220.8  1506.4  70.2  112.8  36.2
-70.4  -233.2  1546.4  82.8  4.5  22.5
-118.4  -274.0  1538.4  26.6  -160.9  23.8
-184.8  -268.0  1472.8  -36.2  -102.6  54.8
-185.6  -251.6  1473.6  0.0  -88.7  -7.1
-153.2  -238.4  1472.4  64.9  -124.4  -25.8
-130.0  -231.6  1568.4  74.9  -26.1  61.3
-110.0  -247.2  1551.6  4.6  -113.7  89.6
-149.2  -226.4  1441.2  24.9  -159.7  110.4
-130.8  -208.0  1493.2  17.6  -188.3  17.5
-101.2  -238.0  1512.0  -23.2  -121.6  53.9
-94.4  -238.8  1518.8  20.6  -106.9  109.0
-182.0  -289.2  1551.2  -22.6  -93.7  74.9
-176.4  -256.4  1353.2  -19.9  -101.5  -34.0
-159.6  -250.0  1412.4  104.6  35.7  -69.3
-152.4  -236.0  1574.0  111.3  145.6  -70.7
-83.6  -250.8  1586.4  123.0  61.9  -75.9
-138.8  -213.2  1513.6  74.2  -58.9  -38.9
-158.8  -229.6  1522.0  96.2  19.1  -5.0
-153.6  -212.0  1541.6  105.2  -49.4  15.2
-164.0  -220.8  1502.4  14.3  -133.4  12.9
-194.8  -193.2  1447.2  -4.7  -132.6  8.6
-151.2  -189.6  1483.2  23.8  -75.9  50.4
-96.0  -211.6  1535.2  5.4  -107.4  82.7
-164.8  -241.2  1607.2  79.5  -120.8  65.0
-154.0  -225.6  1563.2  -125.8  -137.0  21.6
-108.0  -197.6  1400.0  -125.3  -55.5  82.1
-204.4  -278.4  1465.2  42.0  72.5  33.5
-32.4  -795.6  1425.6  201.7  305.3  -53.7
-218.0  -1470.8  1846.0  661.9  -166.5  -649.3
-154.4  -889.6  1546.0  -792.4  -69.5  -703.5
-480.4  -370.8  1224.8  531.9  -862.7  -706.8
-239.6  108.4  1128.8  437.3  -193.6  -925.8
-196.0  734.8  1441.2  616.1  -199.7  -507.2
-288.8  875.6  2129.2  423.7  92.8  -82.2
-490.8  921.6  1736.4  -708.3  -126.7  133.4
-179.6  721.2  1227.2  -426.1  -44.6  -197.6
-4.4  124.4  1117.2  267.5  747.2  74.9
-200.0  -422.8  1400.4  740.2  217.6  545.9
-280.0  -554.8  1606.8  216.1  88.4  662.9
-251.6  -557.2  1679.6  -49.5  236.0  487.2
-135.6  -491.6  1784.4  -251.1  -100.1  554.2
-26.0  -364.4  1617.6  -326.9  -80.4  201.7
72.0  -311.2  1420.0  -222.4  -69.7  123.5
-255.2  -232.0  1436.8  53.9  -234.7  92.7
-352.4  -186.8  1545.2  52.3  -178.7  15.1
-217.6  -133.2  1466.4  -63.7  -80.8  -42.8
-124.0  -167.6  1493.6  25.2  -45.6  12.5
-187.2  -226.4  1476.8  0.6  -26.8  122.8
-303.2  -219.2  1386.4  -1.9  -63.3  -12.9
-275.6  -206.8  1512.0  65.8  -17.2  -31.7
-170.8  -181.2  1534.0  24.1  -113.5  -58.7
-266.4  -145.2  1542.0  77.9  -50.4  63.1
-290.0  -172.0  1467.2  29.3  -78.4  10.3
-260.0  -196.8  1382.0  67.8  -134.9  -65.0
-267.2  -170.4  1430.4  260.1  -374.6  -288.1
-137.2  -136.0  1574.8  92.3  -12.0  -171.6
-154.8  -120.4  1582.0  41.2  29.5  -40.0
-206.8  -123.6  1536.0  51.9  -102.3  -46.2
-219.6  -136.4  1512.8  34.9  -45.6  -39.6
-172.8  -153.6  1560.4  67.3  -0.6  -46.0
-172.4  -177.2  1499.2  -25.6  -43.4  -21.9
-255.6  -154.4  1431.6  101.0  101.5  -10.2
-196.4  -131.2  1540.4  74.0  49.3  -41.9
-125.6  -107.6  1564.0  -16.0  68.8  48.9
-182.0  -129.2  1604.4  49.5  -81.0  150.7
-308.0  -180.8  1482.0  -23.0  -161.1  41.8
-279.6  -229.2  1327.2  -57.5  -177.7  -36.7
-320.4  -156.8  1427.2  2.2  -110.3  -64.2
-278.8  -131.6  1505.2  3.2  -29.0  -100.8
-137.6  -129.2  1544.4  86.6  -48.6  -94.3
-153.2  -188.4  1555.6  71.3  -91.3  -25.3
-210.8  -182.4  1561.2  47.6  -131.7  22.4
-236.0  -184.0  1508.0  1.1  -57.9  27.8
-230.0  -142.4  1483.2  -45.0  -28.7  49.7
-145.6  -140.8  1518.8  -5.5  -208.3  13.7
-80.8  -148.0  1578.4  -59.2  -330.7  80.7
-232.4  -197.6  1605.6  -132.3  -60.6  239.1
-216.0  -238.0  1396.0  -179.8  -22.4  114.5
-201.6  -172.4  1399.2  28.8  -85.9  -24.4
-219.2  -125.2  1632.8  143.1  -27.7  -59.5
-154.4  -251.2  1599.2  -7.5  -69.8  -110.1
-200.0  -496.0  1725.2  -112.3  613.6  -181.5
-0.4  -742.0  1559.2  76.3  129.3  -533.8
-39.6  -951.2  1312.8  358.2  -170.5  -559.7
-154.0  -735.6  1103.6  361.4  -577.0  -620.3
-255.6  -498.4  1036.4  253.3  -541.7  -449.2
-297.2  -123.6  1319.6  506.2  -288.3  -355.0
-72.4  236.8  1469.2  419.1  -215.4  -180.4
-297.6  912.8  1726.0  357.8  -491.5  52.2
-469.6  982.8  2247.2  -67.4  205.5  292.5
-336.8  855.2  1608.4  -804.6  50.3  28.1
-110.4  386.0  1416.4  -251.6  345.7  -289.0
76.4  -168.0  1278.8  24.6  -120.5  464.7
-89.2  -626.4  1426.0  -89.6  63.2  590.0
-211.6  -732.0  1588.4  42.7  -46.2  394.7
-70.0  -573.6  1583.2  -217.0  -22.7  304.2
2.4  -494.4  1509.6  -141.6  -190.8  186.8
-8.4  -353.2  1499.6  -96.7  -206.0  41.1
-42.8  -298.8  1561.2  -7.8  -52.0  32.5
-74.4  -269.6  1474.4  -29.6  -114.6  88.6
-101.6  -280.4  1420.4  67.4  -135.0  3.0
-89.6  -230.8  1502.4  54.6  30.0  101.8
-188.8  -314.8  1529.6  55.5  -43.7  -49.5
-96.4  -306.4  1438.4  30.6  -2.4  -139.4
-158.0  -269.2  1460.4  9.6  88.6  -123.6
-131.6  -250.0  1548.0  144.9  27.8  -157.1
-80.4  -236.4  1574.4  80.3  -0.9  -132.5
-147.2  -232.0  1468.0  52.2  -74.9  -94.6
-168.4  -197.2  1373.2  56.1  -85.2  -76.6
-156.4  -215.6  1488.4  160.9  -44.6  -39.1
-178.0  -235.6  1634.0  76.0  -13.3  15.7
-110.0  -255.2  1593.2  -48.2  -100.9  20.0
-79.2  -236.0  1484.0  -86.1  -136.5  81.2
-134.4  -254.4  1457.2  -13.0  -105.2  109.3
-125.2  -261.2  1470.0  15.1  -126.4  77.5
-144.8  -248.8  1542.8  25.7  -78.7  117.6
-212.8  -313.6  1586.0  -80.6  -109.9  -4.7
-93.2  -260.8  1382.4  -17.8  -117.9  -12.7
-152.4  -239.2  1470.4  64.2  -85.9  6.3
-112.0  -246.0  1538.4  55.8  -62.2  -23.0
-76.4  -285.6  1548.0  65.7  -112.2  -13.7
-78.4  -274.8  1510.8  29.8  -78.8  13.3
-58.8  -269.2  1548.4  57.9  -66.8  14.7
-107.2  -265.6  1487.2  39.0  -68.3  11.6
-118.0  -257.6  1486.8  47.3  -100.1  -18.3
-152.4  -226.8  1473.2  50.6  -95.1  -8.6
-92.0  -226.4  1490.8  13.9  -81.9  -34.7
-90.4  -222.8  1466.0  68.2  67.7  -38.5
-116.8  -280.8  1510.8  2.2  -120.8  -6.0
-138.4  -331.2  1571.2  27.7  -23.1  58.9
-84.4  -342.8  1500.4  -42.1  -337.3  31.6
-48.8  -588.4  1321.6  -93.4  -339.2  106.5
39.6  -1049.2  1436.0  208.7  -122.3  -250.8
139.2  -994.8  1553.2  17.9  -123.2  -488.2
-66.8  -407.6  1282.0  -276.2  -199.8  -246.0
-178.0  102.4  1425.6  721.5  -262.7  -618.1
-70.8  690.0  1786.0  524.1  -79.3  -436.4
-224.8  863.2  1935.2  -43.5  49.8  -6.3
-314.4  742.8  1363.6  -515.5  -145.2  -35.4
-122.8  404.4  1536.0  -107.6  197.6  119.2
-92.0  -104.8  1388.4  -193.3  215.1  -38.9
-52.0  -562.8  1366.4  142.8  -21.4  432.1
150.0  -880.0  1582.0  74.2  -135.8  468.5
44.0  -916.4  1491.6  -303.7  -259.5  548.6
23.2  -643.2  1485.2  -149.2  -77.2  194.8
-41.2  -338.0  1509.2  -33.5  -51.6  -46.0
62.4  -296.0  1627.2  111.2  192.2  -87.8
10.0  -351.2  1504.8  228.8  -23.9  -67.4
-100.0  -290.8  1386.8  115.6  -190.7  -109.9
-63.2  -242.4  1516.8  249.8  -188.2  -170.0
48.4  -197.2  1538.4  168.9  -100.7  -115.6
60.4  -213.6  1624.4  38.1  -24.4  82.5
-35.6  -267.6  1526.8  -10.8  -55.4  70.1
-96.0  -216.4  1492.8  111.8  -15.6  86.5
-101.2  -246.4  1587.2  23.2  -66.5  -4.2
-2.8  -240.0  1440.8  -38.6  -69.7  33.9
-77.2  -222.0  1438.0  74.7  -51.1  -17.7
-52.4  -217.2  1540.0  130.1  -73.5  -67.7
19.2  -226.8  1521.2  137.7  -69.6  -56.3
-15.6  -242.8  1517.2  128.6  -55.2  -10.8
-68.8  -235.6  1496.8  91.7  -33.1  -18.2
-92.0  -191.2  1566.4  34.9  3.4  -13.9
-14.4  -145.2  1534.8  25.4  11.5  19.6
-14.8  -160.4  1483.2  38.5  -43.0  73.9
-48.0  -185.6  1558.0  87.3  -38.3  103.9
-170.8  -230.0  1582.0  129.6  -14.8  34.4
-46.8  -200.8  1444.4  -67.1  -19.1  -25.1
-87.6  -114.4  1472.4  50.5  -7.5  11.4
-108.8  -146.4  1546.4  44.2  -15.6  -12.7
-63.2  -172.0  1567.6  43.5  78.9  38.0
-108.4  -177.2  1499.2  21.2  76.7  70.5
-135.6  -179.6  1541.2  68.8  -93.4  -50.9
-108.4  -172.8  1560.4  56.0  -69.6  -31.3
-81.2  -154.4  1513.6  -15.7  -105.3  -28.9
-94.8  -102.8  1479.2  35.5  -147.0  1.0
-170.0  -125.6  1470.8  98.8  -123.1  27.5
-156.0  -218.4  1542.4  106.1  -120.3  6.1
-254.4  -178.0  1686.4  49.3  24.0  -82.4
-54.0  -352.4  1538.0  53.9  -43.3  -88.7
66.0  -670.4  1307.2  331.9  -52.4  -317.7
254.8  -911.6  1343.6  465.6  -28.2  -433.2
31.2  -678.4  1384.4  44.8  -145.2  -438.4
-292.8  0.0  1417.6  177.3  -178.5  -194.1
-279.2  232.0  1289.6  459.0  90.5  -60.2
-288.4  924.0  1420.4  288.5  -142.5  8.9
-521.2  990.4  1817.2  41.6  -183.4  1.9
-220.8  896.8  1576.0  -556.6  -153.3  -190.2
-34.0  463.6  1442.4  -365.5  84.7  54.8
-108.0  -15.6  1476.8  -289.0  58.8  199.5
-104.0  -421.2  1648.0  -208.8  -130.9  409.1
-117.6  -550.4  1332.0  -534.8  -115.0  376.8
24.4  -910.0  1425.2  96.8  -311.3  318.4
12.8  -842.8  1491.6  -89.5  -59.2  -73.0
-50.0  -510.4  1505.6  160.4  -69.2  -349.8
-42.4  -256.8  1561.2  94.8  117.8  -360.9
-212.0  98.4  1680.8  159.2  139.5  -323.8
-140.8  246.8  1499.6  -277.5  -30.0  -108.8
-175.2  164.0  1320.4  83.0  -194.0  78.4
-100.0  -216.0  1397.2  150.3  -45.9  159.2
-96.4  -477.6  1559.2  134.4  -181.0  176.0
-119.2  -464.4  1525.2  -152.9  -87.2  204.2
-129.2  -292.0  1456.8  -100.3  41.7  -25.3
-78.8  -246.0  1430.0  99.6  -80.4  -116.8
-92.4  -171.2  1432.4  126.0  16.4  -23.7
-116.0  -226.8  1601.6  173.8  -53.4  23.0
-116.8  -208.8  1536.4  -13.9  -16.1  72.6
-110.4  -194.0  1490.4  41.7  -16.4  50.6
-99.2  -264.8  1562.0  57.0  -24.8  33.2
-115.6  -234.4  1463.2  -81.6  -67.9  40.4
-124.4  -164.4  1498.4  40.4  -88.9  47.3
-118.4  -210.8  1542.4  21.4  -147.2  48.6
-129.2  -229.2  1489.2  0.7  -55.8  35.7
-129.6  -258.8  1468.0  52.2  -117.3  -32.0
-168.4  -257.6  1485.2  -25.0  -69.5  -31.9
-146.0  -225.2  1509.6  -41.9  -84.1  -42.2
-101.6  -234.4  1488.8  -82.1  -44.3  -34.2
-101.2  -277.6  1470.4  -40.8  4.0  -50.2
-113.2  -293.6  1503.6  -6.1  50.0  -45.4
-98.0  -273.2  1522.0  -14.7  36.4  -41.4
-179.2  -273.6  1549.2  54.7  6.4  -17.0
-227.6  -258.8  1484.8  35.7  -41.1  -87.0
-197.6  -232.8  1422.8  109.2  -36.4  -78.3
-163.2  -244.4  1511.6  140.5  -54.2  -26.0
-84.8  -270.8  1501.2  6.6  -92.4  50.4
-139.2  -286.0  1510.0  -46.8  -98.2  69.9
-203.6  -275.2  1508.0  -54.4  -102.5  49.6
-186.8  -262.4  1494.0  99.6  -133.9  -94.6
-112.4  -256.4  1543.6  28.4  -68.8  22.0
-132.0  -258.8  1529.2  50.1  -141.6  42.2
-116.8  -252.0  1510.4  60.9  -98.8  75.3
-120.4  -275.6  1586.0  102.3  -126.9  103.3
-249.6  -221.2  1513.6  152.6  -213.9  47.3
-209.6  -262.0  1502.0  21.1  -196.5  28.9
-76.0  -217.2  1458.4  20.2  -180.3  83.0
-47.6  -226.0  1460.4  158.6  -33.7  -53.3
1.6  -301.6  1401.6  233.6  -96.4  -151.2
32.8  -720.8  1574.8  473.9  112.1  -268.0
76.8  -1010.4  1505.6  41.9  279.9  -262.8
111.2  -638.0  1127.6  375.2  390.7  -101.1
-287.6  -340.4  1304.0  438.7  -268.1  -360.4
-445.2  409.6  1220.8  536.8  -638.7  -398.0
-448.8  842.0  1833.6  600.9  -486.9  -358.9
-368.8  912.8  2054.8  -332.3  -235.3  65.5
-91.6  876.4  1743.6  -786.2  -162.6  -222.8
-100.4  646.0  1572.8  -505.7  153.6  -54.3
-56.0  166.4  1517.2  -420.3  -50.4  -110.5
82.8  -314.4  1421.2  -171.1  -331.3  728.3
72.0  -642.8  1320.8  -435.3  -247.7  961.7
22.4  -783.2  1314.8  34.3  -381.0  741.1
-68.0  -773.2  1366.0  39.6  -368.6  347.3
29.6  -608.0  1500.0  230.2  192.7  34.5
-12.4  -328.8  1397.6  -95.0  24.4  27.8
-77.2  -268.4  1496.8  195.6  199.4  176.9
-74.0  -225.2  1452.4  79.9  8.3  -182.4
-6.4  -254.4  1436.8  108.5  -71.2  -164.6
-33.2  -271.6  1495.2  53.5  -51.3  -239.0
-12.4  -242.8  1498.4  -37.2  62.8  -101.7
-158.8  -272.4  1618.4  115.2  37.4  -24.5
-111.2  -282.4  1512.4  71.3  -127.7  -85.2
-53.6  -258.8  1425.6  107.2  -100.3  -82.5
-99.2  -213.2  1558.8  48.0  29.2  -29.0
-28.0  -186.8  1507.2  126.2  -31.2  -101.0
-59.6  -224.4  1526.0  75.2  -161.9  -52.1
-78.8  -229.6  1560.0  -24.2  -150.5  -18.4
-55.2  -244.0  1526.8  -34.7  -104.3  8.6
-32.4  -266.0  1513.2  24.7  -84.7  1.0
-58.4  -283.6  1462.8  15.4  -126.7  -23.1
-79.2  -224.4  1472.8  17.1  -101.8  -74.3
-38.0  -201.2  1521.2  23.9  -49.0  -37.6
2.0  -242.0  1514.0  4.3  -73.7  21.2
-14.8  -234.4  1486.8  -33.1  -86.8  74.9
-117.2  -300.8  1601.6  36.4  -12.9  87.8
-80.4  -329.6  1494.4  -79.1  -64.8  -9.8
-45.2  -286.8  1364.0  -26.5  -60.8  -22.1
-92.8  -298.8  1538.8  -50.1  18.4  -50.0
-15.2  -270.0  1488.8  -44.2  20.0  -33.6
-22.4  -280.0  1505.6  50.5  -47.6  -19.9
-75.2  -283.6  1506.8  75.4  -82.1  12.1
-50.4  -319.2  1555.2  70.5  -117.0  23.4
-16.8  -319.2  1512.4  33.1  -129.5  59.6
-60.0  -306.8  1445.2  16.6  -132.3  46.6
-124.0  -282.4  1458.8  58.7  -90.1  53.6
-54.8  -306.8  1528.8  51.5  -53.4  47.8
-37.6  -286.4  1568.4  59.0  -60.0  83.4
-92.8  -323.6  1548.4  -7.6  -82.8  39.9
-102.8  -309.6  1450.8  4.8  -91.0  -53.9
-108.0  -330.4  1487.2  94.2  -117.3  -121.6
32.8  -493.6  1516.4  210.7  -284.8  -54.4
142.4  -808.0  1456.8  99.1  -119.2  -129.4
87.6  -986.0  1529.6  434.9  -259.8  -489.5
107.2  -751.2  1422.0  -11.4  223.7  -671.4
94.8  -214.4  1136.8  90.9  143.1  -353.7
-52.0  -19.6  1476.0  473.2  -120.9  -248.0
-327.2  741.6  1281.2  269.8  286.4  264.6
-472.4  862.0  1925.2  324.6  -130.4  -46.8
-399.6  817.6  1873.2  -716.9  -84.2  14.3
-69.6  567.2  1456.8  -487.7  179.0  -334.3
-103.2  130.0  1368.0  -231.4  -325.4  186.0
38.8  -292.8  1368.8  175.3  -552.8  187.4
108.8  -761.6  1378.4  152.7  -425.8  725.8
85.2  -950.4  1635.6  108.9  -759.7  580.8
178.0  -731.2  1578.4  -144.0  -25.3  273.8
143.2  -527.2  1462.0  -5.5  -45.5  -54.4
107.6  -363.6  1438.4  -143.8  0.7  -54.0
14.0  -271.2  1375.6  106.4  -8.6  -169.3
60.8  -279.6  1448.8  -36.1  30.5  -104.1
38.0  -258.0  1496.0  118.3  68.0  -148.9
66.8  -226.8  1565.6  -11.3  247.0  42.0
16.8  -238.8  1517.6  -55.4  99.6  101.3
-10.0  -294.4  1478.0  75.0  -8.9  25.8
-92.8  -322.4  1565.2  173.6  -150.6  -25.8
-58.8  -276.4  1468.4  7.9  -117.6  -51.8
-15.2  -227.2  1467.6  106.3  -138.2  -105.4
25.2  -223.6  1533.6  201.8  -200.2  -139.7
51.6  -224.8  1511.2  87.3  -18.9  -27.8
-2.8  -235.2  1513.6  93.6  -65.3  -45.4
-5.2  -226.0  1540.8  55.2  -88.0  -53.3
12.0  -198.4  1542.4  23.1  -86.7  -23.9
62.8  -200.8  1554.8  -26.3  -76.1  56.1
41.6  -245.2  1501.6  -51.8  -92.0  116.6
20.0  -284.4  1464.4  -65.4  -47.9  125.2
-21.6  -250.8  1503.6  28.9  -16.1  90.0
15.2  -234.8  1482.8  -57.3  -108.0  49.4
44.8  -248.4  1430.0  15.4  -71.5  30.0
8.0  -250.4  1525.6  28.3  -41.2  68.8
6.4  -301.6  1574.0  42.0  -31.4  42.3
2.8  -274.0  1496.4  25.1  -56.2  -10.7
18.4  -266.4  1485.2  63.2  -56.5  -36.9
-0.8  -236.0  1482.4  22.4  -19.9  -12.8
7.2  -260.0  1579.2  74.0  -51.2  -21.9
-6.0  -244.4  1551.2  28.1  -34.0  21.5
1.2  -262.0  1495.6  10.3  -83.9  26.6
-70.8  -268.8  1505.2  47.1  -71.9  -3.6
7.2  -239.2  1482.0  23.8  -51.1  -3.7
32.4  -240.8  1557.6  43.3  -49.7  60.9
6.4  -320.4  1520.0  37.7  -93.8  63.2
-67.2  -310.8  1542.0  90.3  -62.5  -33.3
-83.6  -250.4  1470.8  3.4  -70.4  -89.5
-22.8  -173.2  1465.6  41.1  -16.0  -76.0
-182.8  -472.4  1786.4  170.4  -6.8  -28.4
-19.6  -641.6  1546.0  -76.4  49.3  -313.3
238.4  -1021.2  1491.6  246.5  39.9  -612.4
136.8  -929.2  1483.6  545.9  -123.4  -775.1
122.4  -540.0  1131.2  97.5  -92.2  -548.0
42.0  69.2  1120.8  -223.4  -283.8  -204.9
-233.2  1178.0  1593.2  464.0  298.2  -141.1
-613.6  1463.2  2286.8  377.3  188.8  -282.1
-293.6  1106.8  1508.8  -245.8  91.4  -466.5
-125.6  213.2  1147.6  -110.3  310.2  60.8
3.6  -787.2  1567.6  230.3  -556.5  941.1
-67.2  -1017.6  1621.6  72.9  -234.6  708.2
15.6  -884.8  1586.4  -237.2  -184.7  474.0
0.4  -418.4  1560.8  -74.2  -203.3  -86.1
9.6  -168.0  1530.4  -141.1  -100.1  -46.0
3.6  -90.0  1499.2  -168.8  -70.1  13.7
60.8  -128.0  1514.0  -29.5  0.9  23.5
40.8  -214.8  1558.0  -17.8  -114.1  71.4
15.2  -251.2  1507.6  -89.5  -149.3  134.5
9.2  -278.0  1493.6  -81.4  -78.5  135.7
5.6  -237.6  1507.2  -65.3  -21.8  123.3
-26.0  -248.8  1465.2  96.0  -69.8  33.6
-24.0  -258.0  1494.0  43.3  -6.6  82.9
-64.0  -248.4  1565.2  48.6  -55.7  117.4
-41.6  -299.2  1573.2  -74.5  -24.5  79.9
-1.6  -294.8  1420.4  -12.8  -84.7  10.4
-25.6  -257.2  1516.4  38.5  -15.1  11.6
-36.4  -232.8  1554.0  11.4  -56.1  22.4
-17.6  -266.0  1506.8  27.1  -75.3  8.3
-38.4  -296.8  1507.2  31.7  -30.2  33.9
-72.4  -279.2  1499.2  -22.6  -55.3  11.1
-58.8  -264.4  1481.6  0.8  -14.3  -9.6
-33.6  -266.4  1495.2  -23.3  16.6  9.7
-48.0  -279.2  1520.8  -6.7  -30.0  30.9
-27.2  -310.8  1548.4  6.1  -37.3  63.3
-70.4  -319.6  1500.8  -17.4  -46.1  73.6
-65.6  -297.6  1464.4  -28.8  -50.7  58.7
-92.4  -309.2  1575.6  72.1  -77.6  46.5
-63.2  -315.6  1453.2  -14.1  -71.4  12.7
-64.0  -285.6  1409.6  31.8  -66.9  -2.6
-111.2  -269.2  1489.6  92.1  29.1  -11.0
-72.8  -284.4  1610.4  82.1  -24.0  -23.2
-91.2  -283.6  1517.6  24.3  -35.0  23.2
-88.8  -284.8  1462.4  15.5  -93.6  13.0
-92.4  -283.6  1508.0  -10.2  -80.6  17.6
-84.8  -335.6  1484.8  -3.2  -96.3  16.1
-76.4  -301.2  1552.0  4.0  -23.4  23.4
-95.6  -279.2  1457.2  13.8  -29.1  37.4
-93.2  -261.6  1488.0  77.9  -85.2  43.9
-53.2  -263.6  1524.8  64.6  -105.6  79.1
-115.2  -283.2  1570.4  156.8  -117.6  36.9
-318.0  -322.0  1564.8  452.3  -333.3  -322.6
151.2  -660.4  1266.8  487.3  203.8  -475.6
337.6  -1419.6  1533.2  881.2  -209.2  -539.9
-66.0  -1056.0  1619.6  865.0  198.0  -789.8
0.4  -288.4  988.8  -321.9  695.4  -513.4
-426.0  1148.0  942.0  587.2  -713.4  -378.0
-441.2  1560.4  2300.8  161.3  20.6  506.9
-820.4  1448.8  1892.0  -603.7  -861.5  -25.3
-59.2  980.4  1440.4  -707.5  -540.9  236.5
113.2  33.6  1363.2  -417.2  -507.9  7.4
375.6  -975.6  1123.2  -185.9  -210.1  930.1
59.2  -1193.2  1684.4  -22.5  26.6  715.6
-47.2  -862.4  1404.4  -307.3  -65.5  365.2
78.0  -484.4  1443.6  85.3  227.6  -249.6
95.6  -292.4  1510.4  -40.9  -82.3  -248.4
77.2  -160.4  1378.4  78.2  23.6  -160.8
146.4  -184.4  1519.6  154.2  -11.7  -14.3
100.0  -213.2  1532.0  212.5  -179.1  63.3
154.8  -240.4  1564.4  -27.9  -101.1  131.4
24.4  -290.8  1511.6  22.5  6.4  149.1
20.4  -268.4  1504.0  38.6  -20.2  91.5
-10.0  -228.8  1434.0  118.1  -98.5  9.1
2.0  -252.0  1532.8  152.9  -0.1  -28.7
17.2  -198.0  1517.2  18.2  -9.4  -49.5
38.4  -199.6  1554.0  31.8  -89.2  23.4
20.8  -222.4  1597.2  40.7  -65.7  21.0
-4.4  -215.6  1542.0  90.2  -55.5  -4.9
-21.2  -227.2  1494.4  74.2  -93.4  -43.1
14.0  -202.4  1459.2  60.2  -75.9  -50.1
24.4  -196.8  1542.0  28.2  -52.9  -36.6
32.4  -201.2  1567.6  -24.1  -34.8  -3.7
68.8  -196.8  1496.0  0.4  -39.7  22.3
39.6  -184.8  1489.6  129.5  89.5  41.3
9.6  -221.6  1484.0  95.8  39.2  113.7
-0.8  -253.2  1550.8  -54.7  -77.8  86.9
-88.4  -238.0  1565.6  -25.2  -21.3  87.6
-70.0  -198.8  1425.6  -71.1  -91.5  -5.0
-1.6  -204.0  1454.8  40.4  -87.2  -27.0
-8.8  -208.4  1554.0  26.7  -69.8  -5.5
-5.2  -245.6  1562.0  -31.9  -105.6  13.3
-45.2  -261.2  1510.4  -44.7  -103.2  27.1
-38.4  -245.6  1476.4  -32.2  -106.0  -37.9
-16.4  -277.6  1499.6  44.1  -23.1  -25.7
7.2  -270.8  1534.0  28.2  -26.3  -57.6
0.0  -248.4  1535.6  25.3  -63.3  -12.4
-28.0  -256.8  1513.2  14.5  -56.4  8.3
-11.2  -253.6  1471.2  1.4  -78.2  11.2
-6.4  -239.2  1515.6  -9.4  -48.2  51.7
41.6  -262.8  1534.4  2.4  -60.2  64.0
-54.8  -284.8  1634.8  117.3  -22.1  48.2
-67.6  -224.4  1476.0  64.3  -90.7  -80.1
-77.6  -174.8  1444.0  -23.8  109.1  -166.9
92.4  -284.4  1354.4  177.4  190.4  -187.2
235.6  -1363.2  1314.8  677.8  -73.9  -8.0
-79.6  -1640.8  1761.6  358.2  -176.6  -757.4
-114.0  -575.6  1146.8  -330.6  -449.6  -488.6
-239.2  762.4  1148.0  373.2  130.7  -342.0
-287.2  1435.2  1944.4  840.0  145.7  -86.3
-543.6  1436.8  2134.0  -400.2  273.3  275.7
-330.4  1062.0  1333.6  -550.8  -562.3  -299.8
-207.6  3.2  1282.8  -374.3  -296.7  211.3
69.2  -882.0  1431.2  -63.6  -306.4  672.0
64.0  -1269.2  1389.6  -59.1  -371.8  506.9
48.8  -942.0  1517.2  73.5  -23.7  -5.0
119.6  -369.6  1473.2  -17.5  -10.7  -207.0
130.4  -156.0  1486.0  -149.0  -183.4  74.1
60.0  -143.2  1416.4  42.7  -15.9  -18.6
165.6  -208.8  1576.0  151.4  45.6  -37.8
44.4  -308.4  1531.6  32.1  -138.4  97.0
8.0  -382.8  1429.6  -139.6  12.6  130.7
-23.2  -310.0  1524.4  -10.4  40.1  66.8
0.0  -256.4  1539.6  4.3  61.9  34.5
21.2  -239.2  1518.4  60.6  -7.2  14.6
-52.4  -288.0  1550.4  43.4  -69.2  2.9
-83.6  -293.6  1423.2  -13.8  -63.6  -1.3
-30.0  -280.4  1467.2  54.6  8.9  -47.0
-40.0  -247.2  1506.4  106.1  27.4  -80.9
-15.2  -267.6  1516.4  59.5  43.6  -16.6
-52.4  -284.8  1545.6  58.8  -62.3  -51.0
-71.2  -312.0  1555.2  29.0  -33.4  -37.1
-30.4  -258.4  1534.4  14.7  -90.8  -50.6
-18.4  -261.6  1532.0  -21.9  -75.4  15.3
-29.6  -280.4  1491.2  14.9  -110.0  50.7
-31.2  -303.2  1495.6  21.2  -96.7  31.3
-66.4  -283.6  1499.6  19.1  -120.8  31.3
-23.6  -281.6  1492.0  -13.8  -124.9  66.8
-62.4  -318.4  1586.8  48.8  -113.4  75.6
-80.4  -308.8  1419.2  -67.4  -111.8  54.0
-57.6  -298.8  1368.8  10.8  -73.0  6.6
-54.0  -262.0  1505.6  97.7  -7.4  -34.0
11.6  -277.2  1592.8  42.5  -21.6  37.3
-31.6  -285.2  1535.6  5.1  -92.4  63.5
-71.6  -323.6  1469.6  35.2  -112.9  29.0
-50.4  -310.0  1439.6  54.0  -59.8  -30.9
-18.4  -269.6  1484.4  78.7  -18.2  -21.3
8.8  -256.0  1490.4  31.3  -13.7  40.7
-48.0  -319.6  1555.2  93.6  -71.5  61.8
-57.6  -354.8  1567.6  58.7  -79.1  69.9
-67.6  -310.8  1512.8  22.4  -157.5  88.8
-90.8  -285.2  1551.6  95.9  -107.1  26.8
-66.4  -265.2  1440.4  14.8  -111.2  -71.9
-60.4  -207.2  1416.0  55.5  -48.8  -86.0
18.0  -355.6  1472.8  75.2  56.4  -60.5
363.6  -1015.6  1306.8  488.0  -243.4  9.9
123.6  -1350.4  1584.4  41.6  162.6  -265.4
-188.0  -645.2  1334.8  145.0  -225.9  -442.4
-452.8  374.8  1256.4  193.1  55.0  -452.6
-397.6  961.6  1828.8  792.9  -267.7  -554.0
-261.2  1166.0  1942.4  -183.5  -274.8  -380.4
-80.4  957.2  1272.0  -647.9  -287.5  -124.8
-96.0  518.8  1364.0  -124.2  -108.2  -63.8
90.0  -138.4  1340.0  -17.6  -233.3  270.7
202.4  -683.2  1286.8  20.4  -421.8  873.3
142.4  -951.6  1404.8  202.5  -635.0  811.4
178.8  -820.4  1412.8  -153.4  -326.7  923.5
67.6  -646.0  1587.2  -183.3  -218.4  505.0
-22.4  -403.2  1630.0  -202.4  -37.2  -3.5
18.8  -365.6  1496.4  -105.0  166.6  -310.4
159.6  -330.4  1386.0  -0.5  127.6  -302.4
127.6  -333.2  1530.0  12.9  176.0  -249.6
152.4  -353.6  1564.8  4.3  78.3  -274.5
144.4  -316.0  1468.0  -23.1  11.6  -227.2
119.6  -294.8  1454.4  39.4  90.4  -174.2
111.6  -279.2  1450.4  88.7  54.7  -128.0
81.2  -270.8  1460.8  160.0  81.6  -40.4
58.8  -337.6  1520.0  91.2  -46.4  8.6
72.0  -336.4  1524.0  -4.0  42.8  68.5
-32.4  -340.4  1565.6  80.3  35.5  -28.6
-10.0  -318.8  1494.0  82.7  -50.0  -108.5
21.2  -261.6  1456.4  90.5  -49.7  -59.2
-49.6  -273.2  1548.4  10.2  -62.7  30.8
2.0  -295.6  1550.8  -89.2  -112.6  133.7
0.8  -347.2  1523.2  -22.9  -144.2  62.1
6.0  -342.4  1468.4  -25.5  -77.8  -7.1
22.4  -323.2  1418.8  48.7  -95.5  4.3
10.0  -315.2  1475.2  57.5  -80.9  43.2
6.4  -312.4  1542.8  80.3  -65.2  56.7
42.0  -346.4  1508.0  -8.0  -41.8  75.1
-16.8  -330.0  1503.2  47.1  9.4  60.8
41.6  -338.0  1480.0  48.7  31.6  -22.1
37.6  -288.8  1458.8  90.7  -37.3  -77.5
-16.8  -288.4  1514.8  69.3  -66.8  31.1
-40.4  -328.4  1568.0  -17.2  -93.4  103.5
-30.8  -347.6  1489.6  39.3  -76.9  -30.0
-2.0  -312.4  1483.2  98.9  -18.9  -83.0
22.0  -279.2  1497.2  67.4  -68.0  -82.3
-10.4  -300.0  1514.8  35.8  -64.7  -56.4
-8.4  -283.2  1500.0  17.2  -87.4  -15.1
9.2  -270.8  1507.6  -20.0  -48.4  58.5
10.8  -286.8  1494.4  9.2  -63.3  72.8
-50.0  -276.0  1553.6  104.2  -3.7  64.9
9.6  -287.2  1534.0  62.4  -26.0  -11.1
104.0  -373.2  1431.6  77.1  34.5  -35.8
140.8  -926.0  1556.8  256.9  151.8  -52.3
-70.8  -1119.6  1673.2  1013.4  430.6  -390.2
-198.4  -900.4  1398.0  342.3  -478.6  -860.4
-228.4  -136.8  982.0  -282.4  133.5  -343.4
-258.4  466.0  1209.6  526.2  -124.3  -642.0
-114.0  1171.6  1597.6  393.5  -204.3  -177.0
-559.2  1032.4  2076.0  -223.6  42.2  134.5
-255.6  864.4  1516.8  -567.6  -56.3  -173.8
-142.8  406.4  1328.8  -130.7  -3.4  20.6
217.6  -258.0  1323.6  587.0  -463.3  356.7
37.2  -694.4  1596.8  759.0  -641.8  781.9
-7.2  -699.2  1666.4  58.8  -11.2  713.2
1.6  -453.2  1702.4  -97.6  216.7  262.1
28.8  -288.8  1604.4  -391.0  17.8  134.8
-90.0  -114.8  1417.6  -476.6  -49.4  24.3
-2.8  -97.6  1453.2  -166.6  198.5  -158.7
59.6  -178.0  1594.0  42.4  178.8  -113.7
2.4  -242.8  1588.4  16.0  -55.3  -46.4
-23.6  -251.6  1544.8  -158.9  -112.4  26.6
-111.6  -180.0  1473.2  -127.4  -90.4  17.3
-50.0  -224.0  1478.0  68.2  -64.5  -29.1
-46.8  -252.0  1556.8  32.7  -91.9  42.2
-148.4  -229.6  1524.8  -12.0  -153.6  54.2
-96.8  -223.6  1577.6  -30.9  -155.3  1.5
-76.0  -144.8  1424.0  -54.6  -105.4  80.7
-95.2  -219.6  1438.4  -46.7  -7.8  48.4
-31.2  -265.2  1445.2  51.0  8.4  -53.6
-92.8  -226.0  1504.4  95.7  -44.7  -65.1
-154.8  -210.0  1604.4  89.8  16.3  -45.5
-2.0  -204.8  1546.4  74.0  -12.9  -53.0
-22.0  -217.2  1554.4  101.4  -154.2  -30.3
-65.2  -243.2  1543.2  27.8  -165.2  8.1
-114.8  -249.2  1480.0  -29.5  -138.8  37.4
-112.0  -239.2  1452.0  53.8  -65.5  -7.7
-108.8  -192.8  1482.0  121.8  -58.3  -54.9
-16.0  -208.4  1577.6  35.1  -7.2  -9.4
-70.0  -196.0  1592.0  19.1  -38.2  60.9
-58.8  -222.4  1476.0  -67.8  -68.0  11.5
-43.6  -220.8  1397.6  -52.8  -94.8  -6.0
-110.4  -201.2  1455.2  15.0  -47.6  11.0
-110.4  -228.8  1576.0  86.0  -11.9  -12.9
-49.6  -202.0  1577.6  122.8  -28.5  -100.2
-35.2  -218.0  1491.2  51.5  -44.1  -0.9
-116.8  -227.6  1509.2  118.1  -19.4  53.5
-115.2  -241.6  1561.2  130.0  12.8  20.4
-92.0  -217.2  1508.4  213.2  -3.5  -95.8
-25.6  -195.2  1523.6  97.9  -33.9  -1.7
-124.8  -138.4  1524.0  -38.7  -97.7  119.3
-169.2  -200.0  1534.8  -30.8  -113.6  69.9
-53.2  -246.8  1419.6  27.3  -181.6  -82.0
10.8  -547.2  1287.2  279.2  27.8  -69.9
-19.6  -1251.2  1861.6  951.7  -176.1  -464.7
123.6  -886.4  1763.2  -445.5  170.7  -783.2
-347.6  -356.0  1595.6  49.2  -329.1  -909.0
-380.4  172.8  1286.0  114.7  511.0  -393.2
-433.2  1096.0  1370.0  490.7  213.4  -418.9
-446.4  1111.6  2107.6  228.9  -12.7  -140.9
-338.4  971.6  1400.4  -897.4  -214.3  213.4
-189.2  598.0  1312.0  -196.3  -264.2  408.6
-146.4  129.6  1213.2  121.9  -539.6  439.5
106.4  -389.2  1414.8  171.7  -663.7  191.0
3.2  -791.2  1491.6  -63.7  -226.4  785.0
-36.8  -902.0  1720.0  -354.0  -451.9  752.8
116.0  -628.0  1534.4  -298.0  -161.4  365.4
176.4  -509.2  1573.6  162.6  -154.9  -191.3
264.4  -364.0  1705.6  211.2  139.3  52.1
18.4  -340.0  1559.2  112.6  34.7  -20.7
50.0  -236.8  1435.6  -107.9  -79.0  115.6
48.4  -248.8  1467.6  -101.5  -47.5  78.8
99.6  -272.8  1509.6  -49.4  140.2  135.8
55.6  -288.4  1510.0  -67.8  258.4  233.1
-76.4  -354.8  1488.0  -35.6  115.7  169.4
-128.8  -343.2  1482.8  119.5  9.4  13.1
-134.4  -299.2  1452.4  290.5  -11.3  -114.7
-163.6  -147.6  1466.4  121.2  7.8  -80.1
-178.8  -189.2  1566.8  116.1  5.3  -82.4
-6.4  -210.4  1454.8  5.2  -71.3  -89.7
-43.6  -254.8  1433.6  41.8  -98.6  -72.4
-141.2  -242.0  1524.0  86.1  21.7  -85.1
-101.2  -192.4  1481.2  211.0  160.2  -103.4
-126.4  -164.0  1493.2  66.4  31.6  -69.5
-120.4  -175.2  1560.8  90.5  -67.0  -88.5
-33.6  -162.4  1602.0  90.5  -121.9  -37.7
-67.6  -209.6  1550.0  -34.1  -186.1  38.7
-107.2  -181.6  1488.8  -46.5  -219.1  27.8
-127.2  -179.6  1478.0  -10.0  -198.0  2.1
-145.6  -213.2  1555.2  57.5  -97.0  -20.7
-40.0  -255.6  1446.4  -63.3  -43.3  -25.8
-62.0  -258.8  1370.8  -47.1  -71.4  -5.8
-172.0  -289.2  1488.4  -161.9  -93.3  -102.9
-76.0  -270.4  1440.0  -331.9  -177.5  -72.9
-18.0  -319.6  1536.4  -383.7  -229.1  92.2
13.6  -346.8  1544.4  155.0  60.7  -11.7
-117.6  -334.8  1578.0  359.3  109.4  -112.9
-46.4  -280.0  1536.8  424.3  94.8  -176.7
-0.8  -258.4  1546.4  140.7  89.1  -29.1
-42.8  -196.0  1514.0  -24.5  -125.1  145.1
-225.6  -172.4  1542.0  34.5  -276.2  123.3
-187.6  -217.2  1553.6  5.0  -272.5  129.2
-156.8  -208.4  1411.2  -40.5  -229.1  -3.7
-6.4  -270.4  1450.0  -165.0  -65.7  32.6
127.6  -605.2  1437.2  20.4  145.6  129.3
154.0  -1167.2  1605.2  217.9  39.8  -145.7
-41.2  -1272.0  1685.6  35.9  -2.2  -578.1
-129.2  -651.6  1192.0  -282.5  63.0  -547.0
-102.4  110.0  919.2  452.7  141.4  -489.9
-351.6  769.6  1186.4  998.3  -18.6  -238.8
-412.8  1008.8  2210.0  960.3  -323.3  -242.1
-625.2  944.0  1730.8  -738.7  -220.4  384.2
-320.4  756.8  1506.4  -433.0  -249.5  -37.4
-50.0  17.6  1559.2  188.9  -41.1  -441.3
217.6  -287.2  1236.8  309.5  -263.4  124.6
19.6  -781.2  1648.8  331.3  -662.6  624.5
32.8  -680.0  1568.4  -561.0  -382.7  973.3
260.0  -598.4  1466.4  -433.4  -445.0  263.0
328.4  -536.8  1643.6  137.4  -212.4  -371.4
189.6  -322.8  1545.6  65.5  -119.3  -84.1
18.4  -194.8  1466.0  -36.9  -7.0  -54.0
79.6  -93.6  1374.4  -88.8  24.4  -12.1
155.6  -81.6  1538.4  141.1  107.1  25.8
99.2  -215.6  1623.6  -19.8  3.7  68.1
110.8  -250.0  1401.2  -136.4  -111.4  115.3
8.4  -256.4  1454.0  -66.6  -31.6  61.4
48.4  -249.2  1556.0  -24.3  92.0  -10.4
81.6  -216.4  1560.0  -6.3  196.7  -4.8
48.4  -212.4  1516.0  -21.8  44.0  40.9
12.8  -222.0  1518.8  91.1  27.7  48.4
-30.4  -208.4  1509.2  64.0  -75.0  27.1
-4.4  -245.2  1516.8  30.6  -91.6  8.8
4.8  -222.4  1527.2  0.4  -97.5  38.4
76.4  -212.0  1498.4  -6.4  -77.8  86.5
-0.8  -232.0  1589.2  101.7  -101.7  153.3
-2.4  -286.4  1583.2  -76.8  -122.0  93.3
16.8  -280.8  1342.8  -115.0  -155.9  86.0
-72.8  -258.4  1407.6  -26.2  -46.8  59.4
-2.4  -306.4  1521.6  23.6  63.6  -48.3
95.6  -317.2  1537.2  97.6  51.9  -73.2
24.4  -282.0  1599.6  136.5  -34.5  -68.0
30.4  -272.0  1674.8  57.1  -92.5  -32.4
23.2  -219.2  1521.6  -22.8  -152.9  26.1
-32.8  -188.0  1458.0  31.2  -147.3  77.7
52.4  -114.8  1535.2  43.0  136.9  241.0
-33.2  -142.4  1480.0  -3.8  60.6  408.9
-185.6  -368.0  1549.6  -10.4  -0.1  222.8
-146.4  -607.6  1455.2  110.8  -91.3  -7.9
-35.6  -856.4  1342.8  342.8  -335.1  -260.3
57.6  -944.0  1552.4  604.2  -133.3  -944.6
112.0  -792.0  1490.4  170.7  71.6  -1078.7
179.6  -179.6  1256.8  -35.9  357.7  -244.4
-159.6  157.2  1290.4  407.8  120.7  -241.3
-326.0  788.4  1524.8  328.9  236.5  289.9
-766.4  936.8  1890.0  -25.5  -95.0  67.7
-594.8  863.6  1660.8  -451.3  -349.1  -197.1
-122.0  560.0  1399.2  -31.6  -288.0  -399.6
68.4  148.8  1192.8  95.7  17.4  -588.4
133.2  -385.2  1462.0  350.3  -407.9  269.8
107.6  -648.4  1730.8  -179.4  -358.8  1061.0
84.0  -887.2  1494.0  -580.0  -483.1  1052.0
121.2  -744.8  1673.2  -439.8  438.8  363.5
41.2  -440.0  1512.8  -179.0  -106.7  -0.5
-35.6  -334.0  1354.8  -18.8  -184.9  -97.8
-74.0  -302.8  1318.0  78.8  -11.4  -154.0
-43.6  -231.2  1505.2  106.4  149.2  -104.7
-3.6  -265.6  1544.4  33.8  229.5  14.3
-10.0  -312.4  1558.8  55.7  -12.5  3.1
-36.0  -340.0  1637.6  111.8  -166.0  -27.8
-80.8  -297.6  1520.8  33.4  -113.8  9.4
-67.6  -302.0  1438.8  -38.7  -86.0  31.1
-56.0  -266.8  1434.4  -81.8  -53.4  91.2
-161.6  -231.6  1528.0  -62.8  76.8  137.8
-146.0  -290.4  1484.0  14.0  21.1  38.5
-100.8  -360.4  1463.2  65.3  -3.4  -11.3
-89.6  -376.0  1517.6  156.3  -71.7  -62.9
-127.6  -356.0  1545.2  59.2  -95.8  -33.4
-156.8  -326.8  1465.2  11.8  -80.5  -52.2
-133.2  -264.4  1408.0  88.0  -27.3  -87.1
-62.4  -304.4  1529.2  138.4  -40.8  -76.9
-55.2  -282.4  1545.2  90.1  -57.7  -15.4
-32.8  -293.2  1564.8  109.6  -191.0  -15.8
-86.4  -270.8  1526.8  74.3  -245.7  26.6
-74.4  -251.6  1455.2  58.2  -282.6  39.7
-158.8  -221.6  1472.0  186.6  -146.5  23.3
-37.2  -341.2  1532.0  37.2  -132.3  -1.7
8.0  -280.8  1462.4  56.3  -81.7  -20.9
-78.0  -220.4  1560.4  11.7  -75.4  -23.5
-48.8  -195.6  1539.2  62.8  -41.8  -56.7
42.8  -202.0  1480.8  46.4  -69.3  -15.0
22.8  -251.2  1484.8  69.8  -91.8  4.4
15.2  -287.6  1508.4  10.6  -75.7  -4.0
8.4  -256.4  1575.2  60.0  -100.2  -24.0
63.2  -249.2  1574.8  74.8  -90.1  -10.8
50.8  -235.6  1476.4  42.2  -125.8  35.6
-42.8  -196.0  1503.6  67.0  -98.1  57.1
-64.4  -230.8  1572.0  50.5  -39.0  3.3
-11.6  -246.4  1463.2  -20.2  -41.0  -28.0
-39.6  -177.2  1532.0  4.1  24.9  7.4
-5.6  -304.0  1562.8  21.3  55.9  -80.1
74.4  -870.0  1449.6  358.7  -119.9  -100.3
152.0  -838.4  1857.2  559.8  -103.1  -642.6
114.8  -780.0  1536.8  188.3  -273.5  -631.3
83.6  -433.6  1024.8  -350.4  107.1  -195.7
18.4  114.4  868.8  -49.9  145.5  -241.8
-567.2  809.6  1632.0  861.7  -243.3  -194.4
-507.6  791.6  2262.4  -87.1  303.6  -172.0
-264.8  1066.4  1657.6  -867.5  -83.6  -350.3
-78.0  859.6  1326.4  -132.2  -195.0  -356.3
222.4  294.0  1154.4  132.4  -280.4  5.1
241.2  -526.4  1372.4  570.0  -593.3  662.9
13.6  -1032.8  1786.8  58.3  -482.5  1231.0
24.4  -902.8  1691.6  -346.7  -279.4  1036.0
136.4  -727.2  1540.0  -273.0  141.9  341.3
198.8  -424.0  1430.0  69.3  -35.4  -310.4
126.0  -207.2  1422.0  187.9  96.8  -276.3
-48.0  -195.2  1513.6  80.6  17.6  -179.8
57.2  -82.0  1423.6  100.2  121.8  -278.2
112.8  -140.8  1506.0  194.4  85.5  -94.8
119.6  -182.0  1603.2  131.8  97.0  31.4
66.0  -226.8  1669.2  45.0  33.0  90.9
62.0  -186.4  1621.2  -25.8  -55.9  83.9
32.4  -140.8  1509.6  -62.0  -96.7  143.0
-107.2  -103.2  1458.4  42.9  -74.4  138.8
-151.6  -182.4  1500.0  10.8  9.4  84.4
-44.8  -201.6  1390.0  8.6  16.6  45.4
-36.8  -193.2  1466.4  37.9  8.1  16.5
-84.0  -209.6  1544.0  138.0  62.3  -91.9
-5.6  -234.4  1545.6  105.1  18.4  -118.8
-41.6  -199.2  1554.4  25.1  -50.7  -91.7
-26.4  -112.8  1563.6  38.3  -34.4  -46.0
33.2  -146.0  1565.6  32.0  -56.3  24.5
-24.0  -154.8  1512.4  48.7  -122.6  95.3
-82.4  -192.8  1541.6  19.0  -103.8  80.5
-87.2  -148.8  1448.0  -30.1  -72.5  113.2
-149.6  -188.8  1605.6  16.8  -61.5  53.7
-83.2  -165.2  1422.4  -56.4  -11.5  6.5
-90.0  -157.2  1445.2  10.7  -45.3  -2.2
-96.8  -174.8  1502.0  53.8  2.5  -40.4
3.2  -222.0  1544.4  24.9  8.9  -21.6
-75.2  -263.6  1590.4  83.7  38.1  5.2
-92.8  -249.6  1523.6  6.0  17.8  4.9
-99.2  -230.0  1530.0  10.0  -8.9  -1.5
-112.4  -164.0  1528.8  -63.8  -78.5  10.7
-129.6  -103.2  1479.2  -7.3  -169.2  -11.1
-92.4  -175.2  1514.8  39.8  -182.5  32.5
-97.6  -137.6  1490.8  -11.6  -172.4  146.5
-96.4  -232.8  1582.8  30.0  -108.2  119.0
-98.8  -246.4  1454.0  -25.6  -107.8  72.8
-112.4  -280.8  1563.2  153.0  -81.5  22.1
-49.2  -700.8  1489.6  143.7  -115.4  -41.5
141.2  -994.0  1744.0  496.1  -198.8  -852.5
123.2  -983.2  1766.8  300.0  -497.9  -894.7
115.2  -460.0  946.4  59.5  -106.3  -492.7
-274.8  400.4  886.4  905.7  -196.2  -780.1
-372.8  1222.0  1638.0  1053.2  -147.2  -567.1
-141.6  1051.6  2156.4  -120.3  167.8  -9.4
-320.0  1200.4  1457.2  -1268.8  -66.1  92.9
-138.0  1005.2  1284.4  -405.4  -96.9  -386.4
-81.2  384.0  1285.6  101.8  -40.8  -107.3
322.4  -282.8  1431.6  605.6  -318.1  509.1
296.8  -943.2  1544.4  105.5  -309.3  1572.2
62.0  -1000.0  1796.0  -483.9  88.7  887.8
192.4  -572.0  1694.8  -370.2  145.5  201.9
151.6  -250.4  1582.4  -56.1  -114.4  -213.8
60.4  -147.2  1502.0  67.4  -90.7  -281.4
11.6  -123.2  1402.0  -163.6  -67.9  -67.5
45.2  -96.0  1420.0  17.6  169.6  -100.7
106.4  -93.6  1539.6  190.8  220.1  -97.7
125.2  -203.6  1611.6  100.2  32.8  11.8
10.4  -177.6  1580.4  -111.9  -72.5  113.1
-139.2  -154.8  1550.4  18.9  7.7  54.6
-62.0  -162.0  1480.8  -31.0  -5.0  35.8
18.0  -130.4  1428.8  -101.1  16.3  36.3
-6.4  -122.0  1505.2  29.3  -25.4  16.3
5.6  -176.8  1564.4  47.8  -30.4  27.8
7.2  -224.8  1573.2  41.2  -25.2  77.7
-6.8  -180.8  1548.0  -91.1  -106.2  127.0
-56.8  -212.8  1526.8  -76.1  -125.7  120.8
-74.8  -238.0  1462.8  -23.2  -120.5  79.0
-92.4  -224.4  1504.4  -36.0  -23.1  78.2
-4.0  -199.6  1510.8  -122.4  20.7  136.3
-91.2  -184.0  1595.2  26.3  -68.3  92.8
-21.6  -258.8  1522.0  -65.0  -113.6  73.5
-34.0  -259.6  1406.4  -10.7  -148.4  34.8
-54.0  -236.0  1485.6  33.0  -48.1  1.8
3.2  -259.6  1551.2  84.6  -29.0  -29.2
-46.8  -251.6  1536.0  53.8  -75.7  -13.4
-34.8  -251.6  1506.8  39.0  -82.6  -23.7
-41.6  -236.0  1513.6  63.6  -80.7  -12.9
-3.6  -280.8  1526.4  45.9  -59.4  4.1
-47.2  -241.6  1499.6  18.0  -65.3  12.4
-32.4  -240.8  1524.4  35.9  -70.8  13.8
-16.8  -251.2  1525.6  20.3  -47.2  56.5
-101.2  -421.6  1558.4  88.2  -82.3  -14.2
98.0  -733.2  1401.6  84.1  62.2  -186.5
187.6  -977.2  1672.8  420.8  -159.5  -367.0
12.4  -986.4  1406.8  -110.9  -512.5  -521.1
-360.0  -242.8  1310.4  414.7  -631.7  -933.3
8.0  283.2  1348.0  639.0  -34.3  -822.4
96.4  968.0  1577.2  609.2  42.0  -321.9
-376.0  1034.8  1853.2  -223.9  253.3  55.7
-241.2  949.2  1532.0  -567.3  187.3  -327.4
54.0  723.2  1356.8  -74.4  59.3  -159.9
124.0  238.4  1241.6  15.2  105.6  198.2
-14.0  -547.2  1526.4  350.4  -785.2  491.5
-6.0  -693.6  1686.0  76.0  -258.4  797.6
143.6  -886.8  1715.2  -395.5  115.0  969.4
143.6  -596.4  1628.4  -246.5  -67.3  435.8
87.2  -294.8  1530.0  45.6  -4.1  -68.3
43.6  -216.8  1481.6  318.4  66.2  -170.8
-1.2  -134.0  1475.2  44.9  1.7  -73.6
50.4  -150.8  1532.0  62.8  62.0  -36.8
99.2  -149.6  1576.4  19.0  -59.5  -32.6
10.8  -134.8  1626.8  17.4  -42.4  1.5
-14.0  -202.4  1498.0  -142.0  -112.2  44.1
-24.4  -124.0  1394.4  -107.1  -8.5  46.3
-17.2  -134.0  1533.2  23.2  -0.9  8.9
15.2  -169.2  1571.2  42.1  -42.8  -14.8
8.4  -190.8  1546.4  24.7  -86.2  2.8
-16.0  -199.6  1513.6  -31.5  -102.2  13.1
32.0  -228.8  1526.8  29.2  -16.7  -2.8
48.8  -241.6  1554.8  1.8  -64.0  31.5
-4.0  -231.6  1489.6  -67.8  -74.9  27.4
-48.4  -209.2  1491.6  -34.2  -79.7  4.8
2.0  -177.2  1507.6  -10.8  -28.4  -12.0
6.8  -150.0  1560.8  49.4  -62.6  27.2
-8.8  -194.0  1594.0  53.0  -72.6  29.8
2.0  -189.2  1446.0  -47.2  -112.1  66.8
-74.8  -182.8  1474.0  31.7  -91.2  48.1
-42.4  -197.2  1532.0  45.2  -46.9  19.7
22.0  -203.2  1551.6  30.5  -76.1  33.2
10.8  -220.4  1517.2  5.5  -116.8  74.3
1.6  -260.4  1485.6  12.5  -74.6  53.4
18.4  -272.0  1472.8  74.0  -48.4  7.6
15.6  -274.0  1584.4  80.1  -29.4  -29.4
12.4  -260.8  1554.8  34.6  -53.8  -55.7
6.4  -216.8  1583.6  63.3  -86.1  -61.4
-101.2  -432.8  1929.2  17.2  -256.3  90.0
-10.0  -590.4  1462.0  -457.5  -22.9  101.5
266.0  -911.6  1077.6  210.9  -41.3  -408.0
125.6  -962.8  1333.2  709.6  -320.6  -992.4
274.0  -806.8  1202.8  -39.8  593.4  -480.5
-454.8  128.4  1650.4  1064.9  -755.2  -1070.8
-333.6  836.4  1869.6  48.6  489.4  -202.1
-530.0  1088.4  1649.2  -480.1  -28.8  -11.3
-201.6  896.4  1308.4  -408.7  -240.7  -330.6
105.6  661.6  1416.0  173.2  -136.9  -99.9
28.4  269.6  1366.8  144.5  -187.9  374.1
72.8  -309.6  1495.6  328.8  -551.0  331.9
77.6  -675.2  1564.4  119.0  -291.3  871.9
-23.6  -886.0  1594.8  -169.5  -336.1  1084.1
113.6  -818.4  1668.0  -254.8  120.0  510.9
212.0  -519.6  1514.4  -303.5  -4.5  108.0
68.0  -299.2  1413.6  -0.8  -165.9  -199.2
-1.6  -278.8  1456.8  38.4  157.2  -277.9
110.8  -188.8  1535.6  132.2  73.1  -184.4
206.4  -207.6  1544.8  158.2  53.8  -116.3
134.8  -201.2  1579.6  105.0  13.3  34.7
2.0  -202.8  1584.0  10.9  -73.6  93.5
-59.6  -214.0  1583.6  37.2  -46.5  85.6
-2.8  -215.6  1398.8  -48.6  -11.6  68.6
-6.4  -235.6  1479.2  -61.6  74.3  4.5
4.0  -210.8  1606.8  -101.3  92.9  7.2
76.4  -215.6  1586.4  10.9  -71.8  5.6
16.4  -243.6  1521.6  47.8  -165.3  24.8
-59.2  -244.8  1463.6  67.4  -136.3  3.0
-17.6  -240.4  1463.2  106.0  -82.2  -16.2
16.4  -216.8  1546.4  89.0  -49.5  24.7
24.0  -234.0  1545.6  22.6  -127.1  40.5
-8.8  -216.8  1492.0  24.2  -92.7  41.1
42.4  -238.8  1545.6  9.4  -77.5  76.7
32.4  -199.6  1541.2  18.0  -88.1  98.0
-12.8  -276.4  1570.8  -38.5  -95.6  54.7
20.0  -262.4  1332.0  -73.5  -81.0  27.0
-106.0  -277.6  1435.2  59.4  -31.6  -30.8
44.0  -192.4  1523.6  233.9  101.6  -35.4
70.8  -215.6  1592.4  100.4  -22.3  -69.1
37.2  -215.2  1579.2  29.2  -101.9  -29.1
-3.6  -232.8  1534.0  11.2  -104.1  -7.4
-8.0  -202.4  1482.8  4.8  -86.5  16.8
-20.0  -218.8  1464.0  21.4  -59.9  16.1
12.0  -195.2  1509.6  35.5  -33.0  34.6
52.0  -193.6  1465.6  31.3  23.8  95.5
-20.4  -244.8  1596.8  48.4  61.6  84.3
-28.0  -478.0  1467.2  52.7  113.5  -35.2
86.4  -1012.4  1435.2  459.1  -30.5  -348.2
122.4  -1143.6  1787.6  403.1  85.9  -844.6
38.0  -729.6  1300.0  -592.1  216.7  -823.4
-373.6  -166.8  1253.6  176.0  -36.7  -908.6
-630.0  155.2  1500.0  404.3  234.6  -526.3
-653.2  925.6  1539.6  627.4  -157.7  -566.4
-386.4  985.2  1850.0  117.2  140.7  -203.4
-115.6  977.6  1504.0  -411.6  -367.6  226.5
-94.8  626.0  1391.2  17.5  -361.9  689.0
-82.0  47.6  1356.8  161.1  -455.8  994.3
-148.4  -494.4  1531.6  370.9  -199.8  1068.3
-198.0  -933.6  1522.8  45.0  -274.0  765.2
-115.6  -928.4  1913.6  -196.8  78.9  17.3
131.2  -508.0  1520.8  -400.8  -203.5  -6.2
74.8  -225.6  1467.2  17.7  -311.2  -197.8
27.6  -132.4  1463.6  -66.9  -12.0  -176.6
136.4  -114.0  1503.2  51.4  -56.8  -86.8
55.6  -209.2  1574.4  11.4  -38.6  20.1
58.0  -237.6  1551.2  20.7  -111.4  8.6
12.8  -166.4  1528.4  -41.2  -31.8  51.1
-8.8  -211.6  1582.0  0.5  -98.4  -22.6
48.4  -181.6  1448.8  -83.5  -157.0  9.1
5.2  -171.2  1476.4  44.2  -122.0  -12.3
29.6  -162.8  1489.6  111.9  -35.8  -18.0
38.0  -191.2  1554.0  136.9  -61.1  -23.4
28.0  -180.8  1534.4  47.4  -0.2  30.9
50.8  -196.4  1506.4  1.9  -22.7  27.4
33.6  -160.8  1510.0  114.8  2.5  17.5
26.8  -190.0  1584.0  97.5  10.8  27.3
7.6  -182.0  1529.6  62.1  -55.7  32.3
-44.4  -132.0  1528.0  43.2  -26.3  12.3
14.8  -109.6  1485.2  7.3  -17.1  41.3
-46.0  -159.6  1579.6  41.1  -38.9  50.0
-23.2  -190.8  1460.0  -30.8  -44.5  44.2
-66.4  -148.0  1478.8  -11.2  -44.5  11.4
-57.6  -137.2  1551.6  63.8  -15.3  -29.0
13.2  -137.6  1530.8  36.7  -36.4  2.1
-6.4  -188.8  1554.4  47.7  -82.8  12.9
12.4  -189.6  1545.2  -10.6  -45.4  34.4
16.4  -197.6  1514.0  20.2  -70.8  57.5
-28.4  -207.2  1517.6  14.4  -60.6  33.2
-30.0  -161.6  1504.8  0.6  -52.5  33.6
15.6  -152.8  1526.8  -1.2  -9.4  65.2
14.4  -199.2  1532.0  18.4  -24.8  70.4
-39.2  -390.8  1498.4  42.6  36.0  -37.9
-4.8  -779.6  1418.4  198.7  -30.2  -60.3
150.8  -1184.0  1542.0  437.8  -136.6  -355.0
-170.8  -867.6  1482.8  -347.9  -303.4  -431.9
-368.0  -43.2  1483.2  969.1  -535.7  -1143.5
-245.2  236.4  1568.4  285.5  685.0  -844.0
-388.4  1119.2  1508.4  425.1  -71.7  -733.4
-152.8  1180.0  1334.0  -286.9  385.7  5.1
-240.0  1064.4  1483.2  -204.6  -265.8  -186.2
-333.2  683.6  1494.4  -7.0  -161.9  -171.5
-225.2  90.0  1429.6  -57.9  -561.7  108.8
69.6  -491.2  1561.2  73.2  -551.1  566.8
-21.2  -833.2  1572.0  -131.8  -637.8  1132.8
214.0  -744.4  1703.2  -197.7  86.5  741.3
163.2  -642.8  1678.8  -131.2  -160.9  193.5
145.6  -253.6  1504.4  147.3  -150.9  -144.8
93.6  -225.6  1458.0  118.1  -134.1  -58.8
122.8  -88.4  1356.4  106.3  -27.3  -63.7
113.2  -149.2  1583.2  197.7  -52.6  -19.4
79.6  -122.0  1648.8  71.6  -68.6  37.5
120.4  -198.8  1563.6  -106.5  -113.1  37.4
56.0  -167.6  1429.2  -111.8  -86.2  11.3
53.2  -132.0  1536.8  -9.9  -15.9  -56.7
104.4  -123.2  1604.8  1.2  -25.5  -82.0
110.8  -149.2  1518.8  -40.7  -55.3  -18.8
64.0  -135.6  1478.4  -15.7  -91.5  14.7
102.0  -124.8  1490.0  -46.9  82.1  123.4
49.6  -166.4  1563.6  110.4  -80.5  38.8
37.2  -173.2  1520.4  60.4  -116.2  43.1
51.2  -132.0  1492.0  43.4  -109.4  93.4
8.8  -195.2  1578.8  56.5  -87.0  31.1
74.0  -176.4  1452.4  -10.1  -80.6  18.6
30.4  -155.6  1459.2  10.0  -70.6  47.1
36.4  -162.8  1515.2  53.1  2.1  -5.0
105.2  -171.6  1544.8  76.9  -28.8  -24.3
64.0  -160.8  1574.8  37.8  -101.9  0.8
50.0  -166.8  1543.6  43.1  -70.5  27.9
73.2  -192.8  1532.4  65.9  -70.8  3.1
97.6  -186.0  1506.0  32.4  -69.6  8.7
57.6  -146.4  1511.2  43.6  -47.1  -3.5
42.8  -47.2  1560.4  56.2  15.6  -43.1
50.0  -40.0  1549.2  -37.7  28.9  5.7
21.6  -159.6  1529.2  9.7  46.9  71.9
38.4  -486.8  1523.6  -25.8  7.0  15.5
281.6  -899.6  1312.0  79.6  38.4  -88.9
199.2  -1145.2  1619.6  476.1  -312.5  -617.8
-49.6  -652.0  1437.6  -362.8  143.0  -452.1
-182.0  96.8  1760.8  719.2  -268.0  -806.0
-306.0  497.2  1276.8  -246.2  260.9  -108.2
-310.4  1007.2  1661.6  413.4  -163.2  -676.1
-4.0  898.0  1531.6  -217.9  28.1  82.9
-39.2  575.6  1429.6  -198.1  -246.0  39.1
-177.6  355.6  1551.6  147.6  -250.0  114.8
-121.2  -208.4  1815.6  179.3  -254.6  416.0
207.2  -452.8  1521.2  -117.4  132.5  639.3
224.0  -789.2  1337.2  -12.4  -338.5  692.9
94.4  -769.6  1448.8  103.1  -92.1  95.3
191.6  -501.6  1459.6  -105.7  57.0  -27.3
115.6  -336.0  1567.2  -23.7  -88.1  38.4
-18.4  -170.0  1516.4  -124.8  -35.7  -135.0
43.6  -96.0  1471.2  -11.8  15.2  -139.1
53.6  -135.6  1472.0  103.0  10.8  -137.4
105.2  -159.2  1496.8  -25.4  82.3  -79.7
53.2  -156.8  1584.8  124.1  36.5  -59.6
57.2  -161.2  1592.8  -6.0  26.9  -71.5
59.6  -117.2  1508.8  -21.0  -66.7  67.8
-32.0  -161.2  1522.4  -49.2  -32.9  147.7
-28.4  -237.2  1567.6  -146.8  -20.2  159.5
-23.2  -218.8  1504.8  -181.0  26.0  105.8
9.6  -206.0  1448.4  71.7  -92.1  11.4
-50.0  -247.6  1585.6  42.7  -112.7  101.9
-35.2  -231.6  1540.0  -39.0  -74.6  127.4
-25.6  -249.2  1469.6  -19.6  -89.9  94.0
-18.4  -231.2  1464.8  36.7  -104.4  60.8
25.6  -242.4  1534.0  -23.7  -66.9  130.0
-60.8  -247.6  1584.8  85.4  -106.0  109.1
-14.8  -274.4  1530.8  -23.5  -71.3  46.0
36.8  -251.2  1398.4  22.8  -146.7  20.7
-59.2  -281.2  1489.2  50.7  -64.4  50.2
-36.8  -267.2  1537.6  -10.8  -41.8  -27.3
35.6  -223.6  1540.8  2.0  -44.4  -49.7
16.0  -218.0  1552.0  39.2  -80.4  -7.0
26.8  -233.6  1545.6  27.1  -98.4  48.2
8.4  -303.2  1501.2  0.5  -87.3  40.7
-0.4  -311.6  1452.4  26.0  -83.1  36.6
-39.2  -267.6  1504.4  54.2  -20.9  -4.1
3.2  -160.8  1558.0  49.7  -25.2  55.6
28.8  -272.8  1558.4  12.6  -16.9  77.3
105.6  -721.6  1306.4  -24.3  134.9  150.4
-26.0  -1435.6  1522.4  335.9  403.7  -394.5
-44.8  -1155.6  1455.2  -344.3  586.2  -671.8
-194.0  -186.4  1256.0  590.5  -227.4  -709.9
-402.4  508.8  1459.2  771.0  -433.0  -655.2
-476.4  1240.0  1754.8  604.3  -459.6  -779.7
-272.4  1178.4  1796.4  -89.7  -305.8  -112.1
-81.6  950.0  1423.6  -76.9  -737.3  184.1
-24.8  190.0  1360.0  26.3  -340.4  454.3
42.8  -400.8  1567.6  77.4  -234.4  555.3
120.0  -958.8  1512.8  -45.0  -303.3  828.2
137.2  -810.8  1612.4  -172.1  -108.7  511.8
59.2  -419.2  1460.8  -132.1  -145.8  203.1
30.4  -224.0  1438.8  90.2  -158.8  -94.4
87.2  -170.0  1385.2  -61.4  192.3  25.5
143.6  -225.2  1461.6  114.7  134.0  -7.1
148.0  -220.0  1602.0  243.6  159.2  -82.1
200.4  -228.4  1686.4  144.6  69.3  -59.8
153.6  -222.4  1609.2  -68.2  -69.2  33.7
132.0  -196.0  1498.8  -36.2  -63.3  14.6
78.8  -146.8  1509.6  83.2  -123.1  -71.9
7.6  -122.0  1522.0  59.7  -86.6  -44.3
-16.0  -90.4  1515.6  14.6  -39.8  0.3
-19.6  -100.4  1459.2  16.7  -31.0  24.4
12.8  -100.0  1488.8  64.3  -33.6  7.3
35.6  -136.4  1523.6  64.8  -15.3  33.8
22.0  -164.0  1547.6  10.1  -53.3  60.7
24.0  -165.2  1514.8  -31.9  -65.9  60.8
24.0  -166.4  1505.6  -36.0  -40.0  34.4
25.6  -157.6  1525.6  8.1  -83.1  -15.5
20.0  -138.4  1565.6  4.4  -49.3  -9.9
11.6  -71.6  1517.2  8.9  -83.8  83.8
-148.8  -94.4  1424.0  133.8  -109.0  57.2
-50.8  -185.2  1391.6  134.2  5.3  -46.8
115.6  -202.8  1605.2  241.9  -119.3  -41.9
156.8  -215.6  1585.2  119.4  -183.0  10.9
84.8  -100.4  1338.0  178.5  -120.3  -89.9
23.6  -106.8  1588.4  423.8  -39.2  -379.5
90.4  2.8  1686.4  189.1  -5.3  -154.4
135.6  44.0  1602.0  26.5  29.7  210.1
35.6  39.6  1560.8  -25.5  -92.2  414.6
-50.8  -26.0  1478.0  65.4  75.0  363.1
-72.0  -104.0  1458.4  47.4  -86.0  -92.3
-56.4  -188.0  1502.0  -82.5  50.7  -149.0
54.0  -60.8  1547.6  -110.9  121.9  -45.4
-12.8  22.8  1552.8  -76.1  82.2  1.9
-100.8  -9.2  1497.6  12.9  -5.6  61.6
-174.4  -79.6  1507.6  38.2  -40.4  -13.9
-79.2  -116.8  1552.4  -16.5  -101.6  -10.1
-48.8  -96.8  1552.4  -26.8  -120.9  1.5
