-142.8  150.8  1485.2  52.9  -52.1  -32.0
-142.4  174.8  1499.6  29.9  -48.4  -33.2
-212.8  184.8  1502.8  59.2  -12.9  -35.7
-125.6  171.2  1440.0  59.6  -12.0  39.7
-163.2  164.0  1465.6  27.6  -44.2  38.7
-204.4  178.4  1498.8  0.5  -84.0  82.8
-216.4  177.6  1500.4  -65.0  -85.0  117.7
-139.2  149.2  1483.6  0.1  -52.4  118.5
-153.6  157.6  1447.2  -56.7  -61.6  140.2
-145.2  160.4  1463.2  -70.1  -120.6  141.1
-165.2  149.6  1473.6  -80.5  -123.3  113.8
-199.6  148.8  1504.0  -10.3  -91.6  85.1
-158.0  93.2  1492.0  -30.0  -87.4  97.7
-160.8  93.6  1464.8  -23.9  -87.4  69.2
-130.4  86.0  1480.8  -13.7  -42.5  74.9
-88.4  120.0  1531.2  -29.3  -66.9  11.0
-124.0  126.8  1492.0  59.3  -58.0  -0.6
-81.6  126.8  1451.2  -17.7  -27.3  -4.8
-127.2  108.4  1467.2  27.1  -47.6  -3.4
-108.0  70.4  1528.4  -46.8  -72.2  20.8
-122.0  122.8  1562.8  22.9  -84.7  37.0
-36.0  99.2  1489.2  41.8  -56.2  -5.0
-133.2  84.8  1553.2  41.3  -100.8  -6.4
-158.4  110.0  1488.4  67.0  -82.3  -14.8
-157.2  114.8  1482.0  56.1  -77.3  12.7
-120.8  74.0  1517.2  -29.1  -70.0  45.3
-173.2  812.4  2262.4  49.3  -40.2  -22.2
-170.0  141.6  1536.0  102.0  -37.1  0.2
-143.6  123.6  1477.6  83.5  -18.2  -20.0
-167.6  149.2  1496.4  69.8  -102.0  30.0
-87.2  205.6  1542.4  9.5  -42.1  28.3
-152.0  192.0  1483.2  56.2  -71.6  53.4
-115.6  142.0  1468.0  56.9  -35.8  73.7
269.6  560.8  1570.0  -1078.7  -385.2  200.2
-166.0  122.8  1490.4  -154.8  -178.5  140.1
-116.4  80.4  1503.2  -72.3  -94.6  3.9
-130.4  106.8  1566.8  -56.2  -131.8  -35.0
-56.4  34.4  1533.6  -52.9  -16.9  33.7
-52.8  71.2  1493.2  10.5  -115.9  10.3
-102.8  68.0  1471.2  47.8  -127.4  -22.4
-106.0  62.8  1485.6  36.6  -104.6  28.9
-100.0  21.2  1479.2  28.7  -127.1  30.9
-119.6  45.6  1518.8  73.0  -149.0  -1.3
-66.8  51.6  1457.2  47.5  -79.5  -25.2
-31.2  93.6  1538.0  18.8  -152.5  9.8
-2.0  86.4  1516.4  114.5  -113.7  -49.5
-56.4  101.6  1527.2  78.6  -116.9  -39.6
-17.2  72.4  1491.2  84.0  -111.4  -17.5
9.2  98.8  1546.0  211.2  -201.1  -101.2
47.2  76.8  1498.8  142.0  -191.0  -92.9
18.8  135.2  1524.8  78.9  -164.9  -70.2
-13.6  149.6  1548.8  145.0  -114.3  -74.6
1.6  125.6  1420.8  76.1  -73.4  -83.6
-22.4  110.8  1480.8  59.3  -58.3  -4.0
27.2  148.0  1470.4  90.5  -22.3  -54.2
-5.2  176.0  1491.2  67.9  -45.5  -16.9
21.2  192.8  1499.6  13.5  -16.4  -0.5
14.4  175.6  1504.8  16.8  -65.5  47.7
1.6  160.0  1495.2  -23.9  -51.1  45.0
35.2  140.0  1493.2  -9.7  -54.1  56.3
16.8  103.2  1532.8  -37.8  -73.1  45.9
40.0  137.6  1532.8  7.4  -72.5  30.0
36.0  126.8  1528.0  34.1  -76.4  -11.7
47.2  128.4  1498.0  57.2  -94.6  -24.4
16.0  153.2  1514.0  50.3  -51.6  -35.7
-2.0  134.8  1482.8  94.0  -100.3  -27.9
29.6  145.2  1498.0  80.1  -103.9  -62.9
29.2  131.6  1468.0  100.2  -108.9  -56.4
32.4  146.4  1491.6  82.1  -104.2  -51.4
6.4  175.2  1486.8  64.1  -85.2  -62.7
35.2  160.8  1492.8  70.6  -123.9  -62.6
51.6  168.4  1477.2  17.3  -115.0  -17.8
58.4  192.0  1488.8  -16.5  -100.6  -0.1
43.2  175.6  1532.0  -37.6  -115.9  33.3
86.4  145.2  1487.6  -4.3  -84.1  12.8
96.8  127.6  1496.4  74.2  -64.4  -47.7
76.4  109.2  1497.2  82.8  -83.9  -58.1
26.8  140.0  1512.4  65.6  -53.4  -73.5
78.0  140.4  1508.0  57.3  -70.1  -50.9
93.2  152.4  1502.4  59.9  -72.6  -41.2
76.0  162.0  1416.4  75.3  -76.5  -54.7
47.6  183.2  1490.0  40.5  -76.4  -21.5
70.4  187.6  1513.6  -8.0  -77.8  10.7
117.6  162.4  1525.6  -21.5  -88.9  13.7
115.2  161.6  1549.2  -3.9  -77.6  13.2
92.8  172.0  1512.4  16.6  -83.8  -16.9
53.6  168.4  1530.4  24.9  -61.7  -2.0
93.2  148.4  1484.4  11.7  -70.7  -0.3
87.6  145.2  1488.8  71.8  -76.3  -23.5
68.4  130.4  1506.4  80.9  -68.7  -26.2
64.8  156.8  1531.6  85.9  -61.5  -42.4
21.2  132.0  1450.0  99.6  -59.8  -34.3
105.2  143.2  1494.8  51.3  -63.3  15.4
100.0  160.4  1530.8  44.6  -60.6  -27.0
98.4  172.4  1503.2  57.3  -44.4  -34.4
115.2  164.8  1503.2  38.7  -62.7  -19.3
84.8  187.6  1483.2  49.0  -64.3  -30.1
66.4  191.6  1490.8  31.3  -71.5  -4.4
98.4  182.0  1513.2  28.2  -59.2  16.7
120.4  189.6  1521.6  45.9  -60.1  -5.2
103.6  181.6  1489.6  40.3  -66.0  -10.5
130.0  182.0  1509.2  30.8  -55.5  -5.3
101.2  189.6  1479.2  36.1  -60.4  -10.0
62.8  189.2  1468.8  30.3  -64.2  5.3
85.6  163.2  1516.8  31.8  -61.1  7.8
89.2  178.0  1498.0  76.5  -61.9  -31.5
72.8  178.8  1490.8  48.0  -64.6  -20.9
93.2  170.0  1505.6  46.0  -69.3  9.6
115.6  196.4  1487.2  0.2  -60.7  -30.7
59.2  210.4  1505.2  48.5  -61.0  -1.1
83.2  208.0  1483.2  18.8  -60.2  -7.4
79.6  201.2  1482.0  39.8  -69.1  -4.5
64.8  190.0  1521.2  19.9  -60.8  12.9
95.2  181.6  1486.0  30.7  -52.9  17.0
99.6  164.0  1504.0  17.2  -62.4  7.7
87.2  188.8  1533.6  12.4  -55.0  -1.4
94.0  188.8  1459.6  17.1  -52.8  -1.5
71.6  202.4  1497.6  6.4  -63.3  36.5
95.6  172.0  1471.2  23.1  -54.0  8.1
101.6  155.6  1508.4  11.0  -56.7  0.6
101.6  181.2  1488.8  3.6  -53.6  17.2
96.0  146.0  1507.2  -10.9  -64.3  40.8
126.4  114.4  1506.4  -22.6  -64.5  -11.6
56.0  105.2  1569.2  -12.9  -51.9  -16.5
55.2  132.0  1477.6  1.8  -56.4  -21.8
54.8  153.2  1455.2  43.2  -64.2  -44.5
62.8  156.8  1460.0  29.8  -63.3  -8.7
112.8  189.2  1492.8  36.3  -65.3  -5.4
73.6  192.8  1493.6  4.7  -76.3  31.6
96.0  162.0  1462.0  -12.9  -74.8  94.8
105.2  110.8  1485.6  -20.6  -109.0  95.5
138.4  38.0  1468.4  -30.7  -102.1  65.6
139.2  -78.8  1486.4  -0.6  -128.5  45.9
117.6  -266.0  1617.2  -72.5  -119.3  51.7
28.4  -392.8  1554.4  19.8  -75.7  18.1
48.8  -443.6  1443.2  85.8  -53.5  330.2
225.6  -88.8  1488.0  319.8  98.4  281.4
29.6  308.0  1350.0  160.5  -373.7  -128.4
194.0  610.8  1371.2  -105.6  -500.8  -238.8
332.8  763.6  1631.6  -221.9  -164.4  -322.5
379.2  732.4  1632.8  -76.6  -183.0  -385.7
163.2  608.4  1532.8  245.1  63.0  -244.6
135.2  465.2  1531.2  274.7  -136.7  84.1
145.6  338.0  1480.0  106.5  -176.8  278.7
171.6  209.6  1426.8  55.9  -115.9  330.5
319.6  52.0  1224.8  -286.6  190.9  208.5
65.2  63.6  1732.8  -23.7  375.2  249.4
124.4  85.2  1379.6  -147.2  -100.6  207.0
243.2  -142.8  1530.8  156.1  175.3  166.0
188.8  -178.0  1292.0  2.3  101.5  -12.6
119.6  -132.0  1602.0  84.0  -107.8  60.5
107.6  -84.8  1455.2  56.2  -98.8  -69.5
107.2  -34.0  1523.6  -8.6  -154.2  51.0
144.0  41.6  1499.6  65.6  -108.6  2.8
150.4  110.0  1560.4  56.6  -83.9  26.7
128.4  167.6  1522.0  56.7  -93.0  27.9
167.2  132.8  1453.6  13.2  -77.7  12.2
145.6  134.8  1501.2  3.0  -99.5  27.7
178.0  125.2  1495.2  45.2  -51.3  -5.8
158.0  106.8  1532.0  20.7  -69.5  22.8
159.2  112.4  1495.6  20.7  -60.5  21.6
196.4  88.4  1524.8  49.4  -89.4  -3.8
168.0  100.0  1522.0  35.6  -82.4  -12.5
168.8  101.6  1456.8  12.9  -69.4  6.0
163.6  120.4  1506.8  27.0  -62.3  -12.7
202.8  101.6  1517.2  30.5  -64.9  -1.8
151.2  102.8  1497.2  33.1  -61.2  -26.6
178.4  115.2  1504.4  -0.6  -48.1  -6.4
157.2  119.2  1522.8  -13.2  -38.7  -6.5
166.8  119.2  1472.8  28.1  -40.7  -23.9
191.2  86.4  1512.4  4.6  -48.2  6.5
143.6  78.8  1486.4  -2.5  -56.2  -6.7
170.8  71.2  1476.0  -3.3  -63.6  -1.1
163.2  72.0  1538.4  -27.1  -73.1  -1.3
181.6  76.0  1479.6  51.2  -54.5  -16.0
162.8  63.2  1512.4  -7.8  -64.7  29.6
173.2  87.2  1530.4  19.2  -67.7  0.3
159.2  76.4  1496.0  -0.4  -49.0  -25.0
156.4  67.2  1474.0  45.3  -34.9  -4.3
178.8  68.8  1510.8  14.0  -55.3  8.8
184.8  70.8  1514.8  56.2  -56.0  -9.7
162.4  64.4  1509.2  27.4  -51.9  6.3
134.8  64.4  1493.2  21.4  -64.3  -4.6
134.8  63.2  1479.6  53.8  -52.2  -1.1
175.6  59.2  1475.6  34.0  -75.4  -25.5
154.0  92.0  1542.8  30.3  -77.5  10.6
154.8  70.4  1490.4  22.9  -62.2  -9.2
164.4  59.2  1504.0  7.2  -58.5  9.6
177.2  61.6  1515.6  44.8  -56.6  -20.8
158.4  72.0  1474.4  15.5  -59.6  -1.8
170.8  74.4  1523.6  27.5  -69.5  -4.6
148.0  58.0  1483.6  36.6  -67.7  -11.7
149.2  99.2  1533.2  15.1  -65.8  18.1
147.6  76.0  1462.0  33.8  -52.7  -8.4
168.0  66.4  1496.0  49.8  -45.4  -6.4
145.6  71.2  1495.2  52.5  -57.7  11.1
163.2  67.6  1494.8  30.8  -65.2  20.9
166.8  58.8  1488.0  38.3  -56.3  19.2
154.0  54.4  1522.8  -22.2  -81.3  16.9
202.8  56.8  1529.6  10.0  -56.2  25.2
163.2  51.2  1517.2  26.6  -37.4  -18.2
164.4  49.6  1504.0  29.2  -29.1  -18.7
168.8  57.6  1478.0  20.6  -47.9  -14.0
118.4  88.4  1503.6  -48.2  -59.0  28.6
166.0  94.8  1478.0  5.4  -42.2  10.4
148.4  34.8  1438.8  -43.8  -82.2  42.7
300.0  -142.0  1324.0  93.7  -246.4  97.2
252.8  -831.2  1399.2  -236.8  -636.6  257.8
256.0  -918.0  1834.0  60.1  -136.9  -156.1
125.2  -574.4  1246.8  -74.0  -265.0  -299.3
43.2  67.2  1377.6  46.0  -49.4  -441.7
345.2  807.2  1791.2  -244.1  -483.5  -348.3
462.0  1090.4  1874.0  65.8  460.6  -439.9
383.2  877.2  1581.6  269.9  -132.4  -387.3
158.0  551.2  1590.4  337.0  -31.8  -140.6
166.4  502.4  1420.8  311.3  -380.0  164.0
60.0  231.2  1453.6  -172.4  150.7  242.3
245.2  29.2  1300.4  -22.0  197.7  445.8
310.4  -247.6  1497.6  -164.3  690.8  421.9
232.0  -254.0  1275.6  -7.7  417.5  252.5
-46.4  -324.8  1579.2  26.3  127.9  283.9
136.0  -294.8  1404.4  173.5  -17.0  63.0
113.2  -191.2  1522.8  142.2  -61.1  14.8
85.2  -116.0  1462.4  46.0  -100.9  -3.6
135.6  -20.4  1544.0  31.6  -169.6  -1.2
93.2  10.4  1574.0  45.1  -130.0  -12.8
128.8  95.2  1469.2  57.6  -94.0  -41.7
102.8  60.0  1524.8  12.8  -73.7  -4.9
106.0  88.8  1460.0  34.9  -88.8  -38.1
76.0  75.6  1473.2  34.6  -83.4  -28.3
79.6  95.6  1465.6  9.0  -74.4  24.8
125.6  40.8  1550.0  2.6  -53.6  34.9
110.4  50.0  1498.8  51.8  -69.2  -21.0
178.0  64.4  1492.4  5.0  -68.6  0.3
121.6  57.6  1561.2  53.8  -34.1  -28.6
110.0  43.6  1479.6  23.4  -59.8  -11.6
138.4  49.2  1564.4  10.7  -66.8  -11.3
111.6  58.8  1479.6  48.2  -41.8  -35.8
116.4  37.6  1500.0  5.2  -76.0  -17.4
96.8  66.8  1519.2  51.5  -76.5  -39.9
116.8  30.0  1487.2  27.7  -57.4  1.9
114.8  58.8  1513.6  37.1  -67.5  -18.2
76.8  72.4  1483.6  54.6  -55.7  -9.3
112.0  52.4  1512.0  33.3  -69.9  26.8
136.0  69.6  1537.6  48.3  -67.5  -10.7
148.8  29.6  1535.2  22.8  -61.1  10.1
142.8  39.6  1549.2  55.3  -40.7  -10.0
147.6  7.6  1486.0  12.9  -73.1  0.5
116.4  74.8  1528.0  49.5  -81.1  -31.0
88.0  74.8  1508.4  41.3  -63.6  -35.6
104.8  90.8  1520.0  31.9  -51.8  -2.1
88.0  97.6  1434.4  15.9  -50.7  -9.4
108.8  71.2  1508.8  1.5  -26.6  19.0
127.2  80.0  1472.0  -38.8  -51.1  21.1
143.6  47.2  1515.2  -56.5  -63.5  20.8
101.6  7.2  1517.6  -80.7  -99.6  -11.7
82.0  -24.8  1570.0  85.7  -0.1  -4.7
102.8  -38.4  1464.4  32.7  -52.7  -16.8
91.2  -14.8  1491.6  75.1  -68.1  -17.2
100.0  3.2  1502.0  45.0  -90.4  -11.1
97.2  27.2  1518.0  51.6  -49.6  -12.5
114.0  31.6  1476.0  61.5  -49.5  -26.0
83.6  38.0  1482.8  44.4  -68.9  -3.7
139.2  41.6  1502.4  53.8  -79.8  -16.4
109.6  48.4  1526.4  52.5  -82.9  -8.2
102.4  29.6  1498.0  63.0  -47.5  -5.5
122.4  36.4  1531.6  13.8  -82.3  -13.7
114.4  -7.2  1447.2  39.3  -85.7  -30.9
236.4  -249.2  1459.2  -2.7  -154.9  1.9
164.0  -602.0  1601.2  95.1  -190.8  -217.3
153.2  -622.8  1301.6  189.8  -107.8  -430.1
46.8  -300.8  1380.4  -228.5  -181.7  -426.1
56.4  120.4  1414.0  -111.4  -370.8  -421.0
104.0  520.0  1822.0  -373.7  -330.0  -672.3
117.2  824.0  1934.0  176.2  232.9  -306.3
201.2  672.0  1515.6  264.6  -174.1  -90.8
162.4  354.8  1526.8  115.1  -237.8  222.6
173.6  247.6  1509.6  327.0  -310.6  317.1
161.6  150.4  1476.0  155.4  -223.3  327.9
223.2  93.6  1450.8  184.9  80.1  422.3
123.2  -102.8  1446.4  -268.6  368.6  227.3
113.6  -38.4  1406.4  -46.2  387.8  196.3
55.2  -114.4  1547.2  -352.7  248.2  96.4
140.4  -41.6  1531.6  185.8  161.9  216.1
12.8  -19.6  1600.0  122.0  301.1  89.0
106.8  -10.4  1365.6  198.8  -39.1  67.8
133.2  -101.2  1335.2  156.5  -117.5  80.9
46.0  -108.4  1519.2  -108.2  -271.8  74.3
30.8  -69.6  1740.4  43.1  -82.6  -46.3
61.2  -76.8  1542.0  76.2  -38.7  -105.0
57.2  -484.8  1494.0  -16.5  -62.2  25.8
95.2  -1328.4  1131.2  -158.0  -238.5  49.8
456.4  -1029.2  1157.2  -502.7  11.1  -636.0
-342.0  100.4  1300.8  -311.9  -270.0  -744.5
-262.0  1190.8  2684.0  -346.3  -919.7  -674.3
383.6  808.4  1738.4  706.4  -28.7  1.5
497.6  431.2  1422.4  656.8  -116.4  -399.9
92.4  339.2  1499.6  371.7  -92.3  -133.1
185.6  251.6  1386.8  467.1  -5.7  -81.0
194.0  209.2  1455.2  204.9  -36.2  138.9
184.4  188.0  1416.4  -128.7  -90.8  260.2
132.0  212.0  1846.0  97.6  223.5  356.7
210.0  145.2  1333.6  104.0  153.3  296.3
67.6  122.0  1578.8  10.2  376.5  293.6
201.2  29.2  1310.4  -50.6  286.3  247.3
57.2  -3.2  1653.2  -123.0  362.8  84.1
81.2  -30.0  1401.2  186.2  106.4  3.2
8.4  -34.4  1395.2  -30.9  -72.0  56.1
-90.0  -53.2  1426.0  60.1  -42.3  30.2
-68.0  42.4  1536.8  -23.2  -99.2  -35.7
16.8  45.6  1489.6  -19.1  -87.0  -25.9
1.2  52.8  1571.2  4.9  -63.0  -46.5
44.4  72.8  1488.0  70.8  -93.8  -58.0
10.4  104.8  1524.4  0.4  -134.1  -37.9
3.2  113.6  1454.4  60.5  -82.4  -49.0
65.6  99.6  1506.4  -45.3  -76.3  31.7
46.8  88.0  1506.0  -80.3  -113.8  32.7
100.0  91.2  1565.6  -25.3  -44.0  5.9
58.8  74.0  1508.0  -36.1  -63.5  -28.9
88.0  52.4  1567.2  -70.3  -51.0  20.0
140.4  21.6  1481.6  -85.3  -41.6  -51.2
88.0  53.6  1598.4  18.8  -32.5  -110.7
30.4  61.2  1517.6  109.6  -22.5  -159.6
27.6  -24.4  1472.0  35.8  -15.1  -63.5
-10.8  38.8  1500.0  65.9  -13.6  16.5
14.4  74.4  1582.0  93.3  -58.5  -0.7
62.0  20.8  1460.0  25.1  -41.4  9.1
43.6  54.4  1504.4  -14.4  -43.0  -16.2
48.4  39.6  1522.0  12.3  -41.0  -46.1
7.6  41.2  1489.2  -20.2  -71.0  -68.0
-5.2  64.4  1477.2  96.1  -41.2  -68.8
-14.4  68.4  1491.6  2.1  -47.8  -30.1
-4.0  66.4  1496.0  -9.6  -82.0  68.0
101.2  63.2  1564.0  -110.4  -35.7  117.6
41.6  0.8  1559.6  35.0  27.5  86.1
60.8  38.4  1606.0  58.7  -8.3  46.9
-23.6  28.0  1486.4  144.2  11.1  -40.9
-36.0  19.6  1441.6  19.4  -50.0  6.4
-106.4  15.6  1644.8  117.6  83.9  -57.4
-57.6  2.4  1453.6  104.7  141.1  -166.1
-62.0  20.0  1579.2  12.7  151.5  -56.8
-38.8  73.2  1445.6  -130.4  123.9  40.9
-194.0  109.6  1503.6  -44.2  8.2  -100.7
-254.0  -127.2  1504.8  150.8  -145.3  72.4
-393.6  -97.6  1355.6  416.6  58.4  0.9
-113.6  103.2  1408.0  319.0  -278.3  66.8
-54.8  80.0  1552.8  7.8  -230.0  48.1
-1.2  164.0  1545.2  -6.3  -38.1  107.5
-117.6  67.6  1278.0  156.4  -33.7  43.2
-35.2  78.0  1560.0  -186.3  -58.9  107.9
-11.2  68.4  1572.8  -70.0  -12.0  88.7
-27.2  56.0  1510.0  110.4  0.6  35.8
-101.2  79.2  1401.2  58.9  -116.8  -66.9
-34.0  26.8  1516.0  -100.7  -214.9  14.3
-64.0  74.0  1542.4  88.0  -110.3  -29.5
-39.2  57.6  1512.0  -14.0  -45.0  -51.8
12.8  72.4  1427.6  32.4  -105.3  -53.0
-62.0  35.6  1525.2  -132.5  -45.7  -18.5
-85.6  -2.8  1495.2  70.6  -33.8  -45.0
-74.8  -5.2  1506.8  -37.3  -26.3  12.2
-30.8  -26.8  1470.4  32.4  -50.5  -14.8
-27.2  -3.2  1530.8  27.9  -88.6  96.7
-22.4  40.4  1487.2  0.9  -167.7  13.2
-0.8  28.0  1419.6  37.0  -180.6  12.4
-12.4  22.0  1577.2  -49.2  -181.8  51.6
84.0  4.8  1523.2  153.1  -157.9  16.4
73.6  44.4  1441.6  73.4  -208.9  31.8
34.4  22.0  1464.8  21.8  -228.4  135.7
60.4  43.6  1542.4  -79.2  -155.6  160.5
160.0  21.6  1480.8  71.4  -140.7  118.1
208.0  -8.0  1503.2  -86.3  -147.9  -30.0
78.4  79.6  1519.2  138.2  -124.6  -39.9
138.4  97.6  1543.6  -59.2  -66.1  1.9
118.4  40.8  1508.8  47.5  -34.0  -64.0
66.8  26.4  1478.4  -32.4  -43.7  -62.0
122.0  8.0  1510.0  100.5  22.0  -116.6
89.6  3.2  1480.8  -24.2  -57.8  -71.6
172.0  31.2  1513.6  30.2  -69.5  -1.9
78.4  12.4  1515.2  9.4  -106.0  -19.4
114.4  11.2  1482.4  140.6  -60.2  -65.9
144.4  17.6  1507.6  38.7  -66.9  -62.9
98.8  15.2  1550.4  32.6  -67.6  -80.2
90.0  -10.8  1507.6  -23.3  -39.6  -50.4
148.8  8.0  1550.8  -34.9  -12.0  -25.3
102.8  22.4  1509.6  -92.0  -31.2  -11.2
140.0  30.0  1586.0  -27.0  40.0  -72.1
89.2  35.2  1512.0  31.6  22.8  -70.9
86.0  30.4  1517.6  -16.9  30.1  -87.1
74.4  33.2  1513.2  -20.2  2.8  -42.2
63.6  -12.0  1510.4  -74.8  86.6  -69.1
14.0  -109.2  1474.8  -75.1  110.7  -53.6
91.2  -268.8  1385.6  -150.8  -23.4  -31.8
10.4  -497.2  1489.2  -193.0  -224.0  -101.4
68.0  -773.2  1528.0  21.4  -256.5  30.2
268.8  -858.8  1270.8  219.9  -285.6  -141.7
29.6  -584.4  1084.0  -232.1  -264.7  -259.3
14.0  128.0  1669.2  -93.7  -755.5  -90.7
106.0  569.6  2122.0  -99.5  -378.3  -258.0
208.4  601.2  1769.2  502.8  176.1  -303.7
44.4  776.4  1727.6  291.2  83.4  -184.0
2.0  613.2  1537.2  331.8  101.9  215.2
62.4  328.0  1502.0  117.8  -365.2  447.6
247.2  9.6  1306.0  -2.7  278.8  291.3
62.0  -203.2  1310.4  89.3  576.6  173.5
66.4  -289.6  1449.6  68.7  244.4  249.0
-54.0  -310.8  1414.4  304.5  55.4  273.7
69.6  -278.0  1469.6  94.1  -145.8  89.8
149.6  -247.2  1523.6  -70.0  -105.3  141.3
96.8  -186.8  1486.8  -76.0  -155.4  -48.1
89.2  -120.8  1573.6  -88.7  -160.2  -15.1
116.0  -66.4  1554.4  -6.7  -176.0  -13.4
102.8  -59.2  1622.4  64.2  -116.4  -21.5
100.8  -38.0  1430.8  60.2  -96.7  -25.9
64.0  -22.0  1557.2  -4.2  -60.7  83.7
28.4  -31.2  1476.0  -12.7  -37.7  113.8
106.4  -29.2  1474.8  11.2  -45.6  104.4
112.4  -15.6  1522.8  68.6  -30.1  61.4
143.6  -46.0  1482.4  56.6  -121.4  54.6
106.0  5.6  1523.2  -1.2  -136.4  72.5
114.8  17.2  1618.8  37.3  -8.6  83.7
78.4  -20.0  1482.8  97.8  82.2  -19.3
97.6  -66.8  1486.8  39.2  -31.5  56.0
142.4  -34.8  1439.6  48.6  -101.9  -18.2
49.6  -16.8  1565.2  -31.8  -49.8  -30.9
35.2  -50.8  1486.8  127.0  15.6  -41.9
75.6  -5.6  1428.8  36.9  -41.6  -13.1
108.0  -3.2  1528.4  50.2  -60.4  25.7
25.2  4.8  1534.0  43.2  -65.5  -50.8
38.4  -12.4  1509.6  53.5  -42.1  23.2
73.2  -50.0  1476.4  -17.6  -38.5  36.9
55.2  -23.2  1514.4  45.4  -48.6  28.1
84.0  -5.6  1522.8  50.7  -53.4  33.2
75.6  2.4  1500.4  67.4  -55.3  -1.5
30.4  -14.8  1492.8  46.0  -30.2  16.2
95.6  -50.8  1484.4  42.9  -53.4  54.5
83.2  -49.2  1520.4  36.3  -45.1  33.3
75.2  -39.2  1494.0  39.8  -93.8  11.6
59.2  -34.8  1544.8  17.0  -63.5  45.6
112.0  -36.4  1482.0  56.8  -106.4  -6.3
79.6  -19.6  1530.8  57.3  -92.6  -3.0
34.8  9.6  1521.2  48.5  -79.3  -16.5
100.4  6.0  1474.4  38.3  -60.1  34.7
75.6  -19.2  1525.6  16.6  -82.9  3.8
35.2  -9.2  1513.2  104.0  -34.6  -3.4
58.0  -22.0  1463.6  23.4  -65.9  -15.5
68.0  -3.2  1506.4  46.9  -48.0  28.8
78.4  4.8  1519.2  38.9  -38.6  11.1
130.8  2.4  1518.4  47.1  -45.3  18.9
68.4  30.4  1487.2  58.7  -53.9  -25.4
53.2  27.2  1471.6  34.7  -61.8  32.7
83.2  6.8  1493.6  41.5  -117.8  -0.1
91.2  26.4  1532.0  69.2  -91.3  -16.9
86.0  23.2  1525.2  66.7  -93.1  -96.9
108.4  48.0  1542.8  77.2  -8.5  -91.2
138.4  30.8  1461.6  41.8  -92.0  -83.0
98.8  0.0  1526.8  12.5  -98.8  -67.6
92.8  -10.8  1596.8  20.9  -52.7  -80.5
34.8  -16.4  1450.8  -3.8  -54.7  -100.5
41.6  5.2  1546.0  13.9  20.8  -47.2
98.0  -44.4  1430.8  45.9  -41.4  -83.2
28.0  -14.4  1527.6  -15.0  -74.3  -5.7
126.8  -2.0  1517.2  20.5  -73.0  -92.8
66.0  4.8  1496.8  69.3  -21.8  -99.2
80.0  23.2  1445.2  63.8  -93.5  -95.6
30.8  30.4  1508.4  37.4  -74.3  -33.9
40.0  54.4  1478.0  0.4  -116.2  -50.7
123.2  34.4  1541.2  -9.9  -41.7  -37.8
60.8  46.0  1526.4  -20.5  -55.4  -81.8
104.8  42.8  1494.4  -22.1  -71.3  -45.3
82.0  36.4  1494.8  -24.6  -56.2  -81.5
69.6  2.0  1398.8  -76.8  -162.0  -66.7
81.6  -223.6  1482.4  -173.8  -231.3  24.7
35.6  -599.2  1649.2  -186.6  -249.6  77.8
235.6  -903.2  1618.0  100.1  -0.6  95.6
61.2  -825.6  1206.0  -66.0  170.9  -98.4
112.4  -421.2  1149.6  -604.1  558.3  -98.5
-224.8  346.4  1494.0  -625.1  -262.4  -302.4
-16.4  757.6  2330.0  -142.8  -644.8  -287.4
206.8  607.6  1807.6  710.7  -170.5  -207.3
79.2  538.0  1347.2  517.2  -15.4  -142.8
-101.2  321.2  1611.2  556.5  -62.6  399.0
30.4  94.4  1277.2  455.2  9.4  473.0
79.2  -196.8  1336.8  23.3  308.1  328.0
185.6  -299.2  1278.0  -46.7  37.8  173.4
112.0  -319.6  1657.6  -15.4  -9.3  -26.6
142.4  -326.4  1562.4  148.3  63.7  -146.1
47.6  -282.4  1578.0  55.5  53.3  -112.1
-6.8  -178.0  1476.4  192.9  -47.3  -54.1
48.0  -83.6  1435.6  41.7  -70.5  40.4
-9.2  22.0  1485.2  14.2  -94.7  25.9
29.6  20.0  1466.4  14.5  -77.2  90.2
56.0  23.2  1572.4  -65.8  -104.9  43.8
57.6  9.6  1581.2  81.1  -49.0  14.5
51.2  -2.0  1485.6  17.0  -40.7  32.1
79.2  -17.6  1533.6  -29.3  -16.4  52.1
-2.8  16.8  1482.8  30.6  -11.2  -8.4
27.6  12.8  1484.4  83.5  -61.4  -8.5
52.4  -7.2  1468.8  60.1  -75.0  2.4
12.0  13.6  1536.4  33.1  -100.2  -0.6
59.2  10.0  1514.0  54.3  -80.1  24.1
37.2  6.8  1499.6  54.5  -59.3  12.3
64.8  2.8  1519.2  39.5  -73.3  18.0
35.6  7.2  1543.6  17.1  -63.3  12.7
66.0  0.8  1504.8  59.8  -40.7  -8.9
46.0  -20.0  1510.0  59.5  -52.2  -13.7
16.0  -15.6  1504.8  44.9  -60.7  -13.7
58.8  15.2  1509.2  53.6  -70.3  -14.8
4.4  -4.4  1529.2  46.3  -63.7  -50.4
48.8  2.8  1442.8  32.5  -63.1  -17.2
30.8  22.0  1502.4  43.8  -83.3  7.5
24.0  -7.2  1479.2  28.9  -99.1  -26.5
34.8  15.2  1504.4  5.3  -85.2  50.7
78.4  39.2  1533.2  20.1  -108.8  1.3
63.6  49.6  1536.4  44.8  -59.3  2.1
63.2  19.6  1494.4  58.4  -51.5  -29.0
40.8  -18.8  1492.0  58.3  -75.4  -25.3
36.4  -1.6  1446.8  34.9  -78.1  -4.1
56.0  8.4  1526.4  36.7  -89.9  14.6
62.4  41.6  1534.8  10.0  -80.4  -16.7
71.2  36.8  1539.2  48.7  -44.1  -14.2
79.2  3.6  1488.4  40.8  -49.8  -25.9
48.4  14.0  1534.4  32.2  -43.9  -27.1
49.6  22.8  1516.4  34.8  -38.0  -18.3
46.4  15.2  1466.4  30.2  -43.3  -29.4
60.4  20.4  1528.0  14.0  -57.5  24.6
64.4  11.2  1516.8  8.3  -43.8  -4.3
70.0  5.2  1513.6  22.7  -41.5  -29.3
50.4  -14.4  1476.8  10.4  -30.2  -23.1
21.6  -13.2  1461.6  18.0  -69.3  6.9
30.4  10.4  1528.4  6.0  -60.9  17.9
47.6  0.4  1502.8  20.9  -58.7  -8.9
75.6  -7.6  1524.0  29.8  -50.7  -14.0
56.4  -16.4  1520.8  23.2  -40.2  -0.5
44.8  -14.0  1514.8  27.9  -30.3  -35.2
2.4  -22.4  1482.4  -11.5  -49.4  -17.9
28.0  -13.6  1505.2  28.2  -49.0  -13.2
47.6  25.2  1504.0  24.3  -54.3  -17.6
44.0  -6.0  1509.6  14.0  -55.3  -15.8
38.0  4.0  1521.2  -1.9  -48.0  -14.1
32.0  -35.2  1486.8  33.6  -56.5  -18.6
58.0  -94.0  1390.0  -7.8  -127.7  3.1
28.4  -199.2  1379.2  -139.0  -246.1  -34.1
121.6  -404.4  1482.4  -285.0  -109.7  -135.2
106.0  -506.4  1524.4  -11.0  130.1  -172.1
12.4  -460.4  1499.2  -93.6  303.6  -331.1
-15.6  -392.4  1504.8  -214.5  401.6  -519.3
-269.2  -103.6  1361.6  -244.0  -59.0  -264.1
-79.6  -14.8  1444.8  -372.4  -163.7  -290.3
108.8  62.0  1560.8  -306.9  142.3  -540.3
-56.4  270.0  1775.6  -220.1  -82.0  -399.4
-170.4  357.2  1962.8  355.4  -148.8  -103.1
-186.0  258.0  1708.0  623.8  -278.1  67.5
-127.6  76.8  1516.0  521.8  -423.7  438.8
16.4  3.2  1338.4  371.0  -494.2  416.8
133.2  -84.8  1415.2  329.0  -114.3  568.8
-98.4  -2.4  1314.4  161.3  51.8  431.7
32.8  -123.2  1434.8  163.6  189.7  342.0
5.6  -289.6  1185.2  241.7  287.4  311.4
6.8  -299.6  1714.0  -120.1  -155.2  97.0
-5.2  -282.0  1496.0  69.5  60.7  -27.9
-29.2  -224.8  1603.6  -55.2  -48.5  -34.2
12.8  -404.8  1545.2  -53.5  -30.3  -23.2
-246.0  -1849.2  1122.4  -194.1  59.9  -56.0
267.2  -1440.8  794.0  -1037.2  160.8  -448.5
-514.8  71.6  1954.4  -1911.8  364.6  92.4
-316.0  1145.6  2596.4  -333.6  -1092.2  -353.2
327.2  765.2  2044.0  1185.7  -135.7  -247.4
154.8  379.2  1514.0  1070.3  -226.0  -314.3
-86.4  165.6  1647.6  774.9  -377.5  -52.1
-10.8  -10.0  1405.2  849.4  -125.5  208.5
70.8  -213.2  1311.2  604.6  331.5  149.6
81.2  -271.2  1230.0  -125.2  157.5  75.6
-136.0  -251.6  1480.0  89.5  71.8  12.5
50.8  -243.2  1702.0  32.0  36.6  -102.3
56.4  -169.2  1392.8  213.4  32.5  -116.0
2.0  -123.6  1558.0  -5.3  -121.5  37.1
-28.8  70.8  1534.0  -6.5  -123.8  7.6
-21.6  90.0  1460.4  3.5  -111.8  38.9
-29.6  64.8  1513.6  39.1  -33.1  42.6
4.0  65.2  1464.8  35.6  -84.4  19.8
-38.8  60.0  1517.2  4.8  -102.7  38.8
-8.8  72.8  1522.4  9.1  -68.3  35.0
52.8  54.8  1532.8  -5.6  -45.0  46.1
13.6  66.8  1514.4  59.9  -44.0  1.9
-15.2  87.6  1450.4  42.3  -65.7  13.7
-9.2  82.8  1474.8  21.4  -73.7  49.9
4.4  35.2  1561.6  19.9  -11.0  55.8
24.8  14.4  1511.6  109.2  4.7  -71.9
-4.8  34.0  1445.2  66.8  -51.2  -8.7
-2.4  56.4  1512.8  43.9  -90.7  -19.4
-10.0  84.8  1530.4  23.6  -59.7  23.3
21.2  54.8  1526.4  60.9  -16.2  -4.2
-3.6  71.6  1499.6  76.1  -47.0  -44.8
-25.6  57.6  1462.0  91.2  -70.4  -27.2
-15.6  82.4  1484.0  12.8  -73.6  29.6
19.6  80.8  1536.0  -1.2  -76.7  23.8
15.2  61.2  1500.0  55.1  -41.8  -40.7
-10.8  64.8  1490.0  50.1  -51.4  -26.9
-28.8  91.6  1519.6  24.5  -35.0  -23.1
27.2  66.0  1518.4  17.6  -26.1  -3.0
-8.0  52.8  1559.6  59.6  -29.2  -48.7
-25.6  55.6  1481.2  18.4  -16.9  25.0
-26.8  58.0  1492.0  -11.5  -49.0  -25.3
-60.4  91.2  1486.8  34.2  -48.7  -3.9
-14.8  67.6  1466.4  22.0  -62.5  -3.3
-10.8  76.0  1530.4  8.3  -79.5  -3.2
-20.4  74.4  1552.0  31.8  -39.7  -46.8
-39.2  61.2  1506.4  60.8  -31.3  -36.7
-50.4  45.2  1504.4  16.2  -17.2  -30.6
-54.4  40.4  1475.2  30.8  -27.5  -45.6
-82.4  38.0  1477.2  -4.2  -56.6  -12.2
-52.4  54.8  1494.4  -0.5  -51.7  -31.9
-50.8  49.2  1485.2  15.4  -74.9  -30.2
-61.2  58.8  1494.4  5.6  -60.1  -22.1
-52.4  50.4  1524.0  10.6  -51.8  -15.0
-19.2  31.2  1532.8  -3.4  -42.6  1.8
-37.6  7.6  1519.6  -0.8  -61.8  -17.2
-59.6  36.8  1474.4  27.9  -66.8  -19.1
-45.6  45.2  1512.8  -0.9  -58.4  1.4
-65.2  40.4  1531.2  15.6  -39.6  -0.8
-34.4  24.4  1510.8  2.8  -46.5  -5.2
-45.2  28.8  1516.8  21.8  -41.6  -10.7
-64.4  13.2  1472.8  22.6  -45.6  -8.4
-49.2  6.4  1505.6  -25.2  -59.8  -7.6
-59.6  6.4  1487.2  21.4  -59.8  -2.6
-78.4  8.8  1500.0  9.8  -72.8  1.8
-91.6  2.4  1480.0  27.6  -67.6  6.6
-50.4  -3.6  1494.4  7.7  -74.5  25.5
-60.0  10.0  1508.8  10.2  -90.1  4.0
-44.8  2.0  1534.0  12.3  -68.6  23.0
-37.6  -1.6  1492.0  33.0  -76.1  -10.5
-45.6  -6.0  1512.0  24.3  -75.9  4.9
-48.8  7.2  1498.4  31.7  -75.3  -17.9
-39.2  -13.6  1508.0  9.9  -74.9  5.8
-35.6  -6.0  1505.6  11.5  -86.9  1.8
-58.0  -5.6  1508.8  26.3  -81.3  -5.6
-43.2  10.0  1497.2  28.9  -70.6  -3.4
-26.8  -4.8  1510.4  41.0  -65.4  -12.0
-53.6  15.2  1534.0  28.0  -60.1  -9.5
-25.2  -8.4  1472.0  28.8  -56.8  2.0
-30.8  -5.6  1514.4  8.9  -65.1  -25.4
-33.6  -2.8  1524.4  36.7  -49.5  -6.7
-16.0  -7.6  1502.0  24.9  -44.8  -5.7
-46.4  -6.8  1510.0  17.7  -41.3  -11.9
-50.0  -4.8  1489.6  10.8  -33.5  -10.1
-50.0  -12.0  1489.6  11.8  -7.5  4.1
-50.8  -9.2  1497.2  10.1  -45.0  -15.4
-55.6  -16.4  1519.2  23.0  -40.3  -18.7
-51.6  -62.8  1479.6  30.8  -69.4  -11.5
-82.4  -130.0  1466.8  96.6  -77.1  15.1
-116.8  -582.8  1395.2  87.4  -188.9  95.1
501.2  -1074.0  1133.2  36.1  174.9  -323.3
89.2  -930.4  580.0  -866.6  623.6  -890.5
-876.4  282.4  1854.8  -2020.3  176.9  -756.5
-929.6  919.2  3276.7  -262.2  -362.3  -149.5
139.2  498.8  2082.0  1054.2  -463.2  498.7
-30.8  104.8  1334.8  1186.2  -589.8  280.0
-120.8  -65.6  1142.4  577.0  -33.9  414.3
-61.2  -120.8  1390.0  701.2  361.3  410.5
-74.8  -304.0  1461.6  122.5  -156.2  345.4
41.2  -360.0  1274.0  234.2  80.2  72.5
13.6  -304.4  1480.0  -142.4  31.5  -35.3
-89.2  -195.2  1481.2  14.1  -111.3  -39.0
-68.0  -119.2  1516.8  -41.9  -126.1  50.6
-80.4  -34.8  1494.8  -83.6  -155.6  61.6
6.0  13.2  1588.8  -9.4  -116.2  40.5
-121.2  18.8  1462.4  99.2  -46.6  -46.9
-53.6  -34.0  1484.8  -11.7  -79.4  20.2
-64.4  -38.0  1502.8  66.7  -101.6  -11.6
-73.2  -31.2  1529.6  3.4  -76.3  22.8
-38.4  -19.2  1514.4  4.9  -72.7  28.8
-50.8  -20.4  1551.6  39.6  -53.1  -38.1
-53.2  -15.6  1467.2  53.9  -38.1  1.2
-63.6  2.8  1516.8  23.3  -68.4  -15.1
-30.8  -6.8  1468.0  44.4  -70.9  -25.5
-58.4  -21.2  1517.6  47.4  -51.0  -5.7
-50.0  -22.4  1500.8  33.8  -35.4  -2.4
-53.2  -46.0  1504.8  32.4  -54.7  -4.4
-56.8  -18.0  1520.4  26.9  -59.1  -14.8
-81.2  -14.0  1492.8  42.7  -48.1  -21.2
-51.2  -34.4  1507.2  21.9  -61.3  -3.0
-73.2  -10.0  1504.8  34.7  -72.2  -20.0
-67.2  -8.0  1477.2  18.7  -67.0  6.2
-3.2  -4.8  1557.2  25.1  -80.2  3.2
-59.6  -12.0  1507.6  36.2  -64.3  -26.0
-57.6  -10.8  1529.6  38.0  -53.7  -19.7
-63.2  -30.4  1462.8  24.9  -54.6  -23.4
-73.6  -24.4  1505.2  32.9  -35.3  -9.2
-77.6  -28.4  1462.4  30.3  -68.4  -26.7
-73.6  -26.8  1504.8  27.1  -37.5  8.9
-58.4  -32.4  1512.8  27.9  -50.4  -10.6
-61.2  -30.0  1501.6  15.7  -63.2  -5.1
-63.6  -39.2  1494.8  28.5  -76.5  -14.2
-73.2  -36.8  1490.0  25.6  -69.9  -14.3
-67.2  -16.0  1483.6  23.0  -73.1  -21.1
-82.8  -27.2  1527.6  21.9  -56.6  -5.9
-60.4  -50.8  1496.4  41.9  -26.0  -7.1
-70.8  -34.4  1496.8  18.9  -54.2  -3.5
-67.6  -41.6  1494.4  27.9  -45.9  3.6
-46.0  -35.2  1525.2  23.6  -63.6  -7.6
-51.2  -49.2  1520.8  46.1  -66.8  -31.2
-74.4  -33.6  1535.2  34.0  -47.2  -11.0
-72.4  -30.4  1470.4  51.4  -53.0  -30.9
-117.2  -36.4  1466.8  28.2  -58.5  -8.7
-98.0  -32.4  1499.2  38.1  -62.7  -9.7
-82.4  -28.0  1482.4  39.3  -57.9  -20.7
-61.2  -48.4  1512.4  15.0  -33.1  29.1
-33.6  -56.8  1538.0  9.6  -68.0  5.1
-74.0  -36.0  1505.6  50.4  -51.4  -28.3
-83.6  -44.8  1492.4  53.4  -55.4  -29.8
-124.0  -25.6  1507.2  59.0  -36.3  -15.6
-63.2  -42.8  1519.6  25.4  -61.6  -2.2
-78.8  -41.6  1530.0  38.4  -60.2  -13.4
-53.2  -36.0  1495.2  31.2  -56.5  -9.9
-82.8  -37.2  1504.0  26.2  -62.5  -14.9
-111.6  -23.6  1471.2  56.2  -26.7  -24.2
-86.8  -32.4  1492.4  6.7  -80.0  10.6
-90.4  -21.2  1518.0  37.4  -62.5  1.6
-67.2  -40.8  1492.4  19.0  -68.7  -7.0
-63.6  -40.8  1536.4  15.6  -58.1  -25.4
-73.6  -40.4  1510.0  48.8  -25.9  -50.9
-81.2  -46.8  1498.4  44.0  -59.8  -23.7
-113.6  -47.2  1480.8  46.7  -52.8  -7.7
-85.2  -41.6  1469.6  51.1  -69.9  2.9
-58.4  -32.4  1530.4  20.4  -66.0  2.0
-65.2  -29.6  1521.6  36.5  -55.1  -18.8
-82.0  -45.2  1490.8  35.8  -50.3  -15.4
-81.2  -57.2  1484.8  19.2  -49.4  7.3
-79.6  -42.8  1486.8  30.2  -71.2  -4.0
-101.6  -10.8  1500.4  16.7  -83.7  1.9
-68.8  -47.2  1518.4  15.2  -71.8  18.2
-52.8  -29.6  1519.2  19.8  -64.8  -3.9
-96.0  -38.0  1555.2  48.1  -58.8  -15.5
-88.8  -38.8  1485.6  22.0  -65.5  -23.5
-82.0  -37.6  1481.6  29.7  -62.6  1.3
-65.2  -36.8  1524.8  17.1  -65.8  -6.6
-102.4  -51.2  1511.2  42.7  -51.9  -7.8
-70.4  -28.4  1517.2  23.7  -45.1  -16.7
-70.4  -31.2  1520.4  33.9  -31.4  -10.7
-46.0  -7.6  1536.4  46.5  -39.0  -21.1
-110.8  -51.2  1484.4  103.6  -15.7  -42.9
-196.4  -357.2  1419.6  98.9  -51.9  28.9
153.2  -1068.4  1197.2  169.0  -78.3  -173.5
231.2  -1154.0  488.0  -779.0  792.7  -770.3
-123.6  -318.4  1128.4  -1812.4  419.4  -1215.5
-1280.8  512.0  3276.7  -1528.0  -539.1  -820.3
-514.8  480.0  2234.8  1229.3  -501.4  353.3
62.0  73.6  1489.2  1579.3  -422.7  212.3
-114.8  -32.4  1257.6  817.6  -610.6  141.9
-108.4  -65.6  1341.6  535.8  -57.4  316.2
-96.8  -153.6  1416.4  411.1  35.3  390.6
-68.8  -164.4  1445.2  203.3  75.3  406.7
-50.8  -274.4  1455.2  155.3  192.8  294.9
17.2  -185.2  1502.4  97.1  -11.7  165.0
-20.4  -133.6  1499.2  90.7  -6.3  37.9
-81.2  -103.6  1482.0  108.8  -59.9  0.9
-59.6  -91.2  1482.0  -19.6  -67.2  40.8
-27.6  -60.0  1540.0  0.8  -72.7  34.0
-58.8  -44.4  1501.6  41.3  -59.1  -7.6
-62.4  12.4  1512.0  17.1  -84.8  4.2
-59.2  42.8  1496.8  39.1  -99.4  -15.9
-102.8  39.6  1490.8  21.5  -51.5  14.8
-60.4  18.0  1512.0  13.4  -26.3  36.8
-32.0  23.6  1508.4  33.7  -64.2  -14.2
-92.8  15.2  1524.4  65.1  -42.5  -12.0
-78.8  0.0  1500.8  46.7  -39.7  -25.2
-87.6  8.8  1468.0  44.3  -53.1  15.3
-62.4  9.2  1507.2  11.6  -83.5  23.7
-82.4  23.2  1516.8  30.4  -86.2  8.4
-79.2  47.6  1515.2  47.1  -49.1  -17.6
-91.2  37.2  1490.4  15.4  -41.6  2.9
-68.4  14.0  1514.8  24.1  -39.0  12.2
-56.0  -1.6  1528.8  41.6  -58.9  1.1
-68.0  -8.8  1485.6  36.2  -46.6  -8.0
-77.2  9.6  1481.6  30.5  -65.8  -4.2
-68.8  16.8  1487.2  26.7  -64.4  6.0
-88.0  18.4  1488.0  36.3  -102.3  -7.1
-88.4  24.4  1521.2  1.0  -40.8  4.2
-75.6  8.4  1464.0  42.0  -76.7  -30.1
-114.8  19.2  1504.8  23.8  -40.9  3.7
-50.4  7.6  1508.0  36.6  -25.7  -9.4
-121.2  13.2  1508.8  8.2  -58.9  -10.0
-66.8  4.4  1510.8  34.8  -46.6  -13.2
-85.6  6.0  1500.8  15.5  -47.9  -6.3
-62.4  24.4  1534.0  8.3  -59.0  4.4
-78.8  7.6  1526.8  25.2  -55.3  -28.9
-106.0  11.6  1501.6  25.7  -39.7  -5.5
-88.8  14.0  1466.0  14.3  -53.9  -19.8
-97.2  -6.0  1496.8  21.1  -44.6  0.6
-98.4  2.0  1468.0  8.4  -48.2  -13.4
-94.4  -5.6  1487.6  -23.0  -48.5  9.2
-96.0  -16.0  1505.2  24.7  -48.9  -13.2
-105.6  -25.6  1489.6  11.0  -41.4  -4.4
-120.8  -23.2  1474.8  17.3  -48.9  -2.0
-82.8  -18.8  1495.2  -7.1  -54.5  9.8
-90.8  -38.4  1482.0  7.7  -54.0  -12.2
-110.8  -7.2  1541.2  -39.0  -100.3  15.2
-84.0  -36.0  1502.4  24.4  -49.8  -17.0
-87.6  -46.4  1481.6  21.2  -38.2  -26.4
-114.4  -44.8  1483.2  36.4  -63.0  -51.2
-98.0  -40.4  1479.6  15.5  -55.4  -0.3
-122.0  -33.6  1489.2  18.1  -62.3  -5.3
-114.4  -49.2  1504.4  -23.9  -56.0  7.7
-116.0  -43.6  1510.8  -12.8  -41.0  25.5
-122.8  -63.2  1544.8  -20.8  -78.5  36.9
-88.4  -66.4  1463.6  26.7  -62.3  4.0
-119.2  -75.2  1498.0  -43.4  -51.7  21.1
-96.0  -74.0  1481.2  -32.9  -32.0  -8.9
-87.2  -96.8  1547.6  -69.0  -23.3  8.4
-101.2  -65.2  1536.8  -38.1  -51.0  -20.5
-101.2  -89.2  1501.2  13.9  -19.6  24.6
-151.2  -125.2  1440.8  17.0  -64.6  7.8
-156.0  -126.0  1478.8  40.2  -48.6  11.2
-164.4  -140.4  1452.4  36.0  -52.9  43.7
-138.0  -128.0  1461.2  12.5  -71.2  26.8
-136.4  -122.0  1494.0  15.2  -73.6  12.9
-124.0  -119.2  1517.2  14.4  -39.4  30.7
-152.4  -122.4  1498.4  30.2  -85.2  -0.2
-113.6  -120.0  1487.2  41.6  -77.8  -6.4
-125.2  -132.0  1489.6  10.8  -77.2  12.7
-132.8  -119.6  1508.8  2.2  -84.5  -12.3
-117.2  -222.4  1509.6  34.1  -45.1  -27.3
-245.6  -797.2  1404.8  41.2  -41.7  -49.4
27.6  -1145.6  988.4  -303.1  182.2  -354.6
69.2  -892.4  1053.2  -419.9  448.1  -677.3
-381.6  90.4  1245.2  -1061.3  83.6  -675.5
-539.6  562.0  2659.6  -713.2  -786.7  -160.6
159.2  425.6  2250.8  498.4  -658.2  -35.1
-120.8  334.8  1674.8  987.5  -230.7  -31.4
-118.4  95.2  1398.4  596.9  -376.2  361.6
-126.8  -93.6  1580.4  603.4  -272.5  478.3
-77.2  -198.8  1400.0  601.8  26.3  412.4
36.4  -349.2  1327.2  469.0  139.6  223.8
-13.2  -367.2  1450.8  150.7  -140.8  161.1
-98.8  -258.8  1387.6  236.2  309.0  53.8
-69.6  -216.0  1483.2  -117.4  -207.3  119.3
-62.4  -151.2  1446.0  -46.2  -81.2  16.7
-25.2  -99.2  1538.4  -66.5  -101.1  74.2
-91.6  -36.8  1542.4  -62.3  -141.4  18.9
-38.4  -12.4  1524.4  32.1  -91.0  -5.2
-74.4  -7.6  1477.6  23.4  -72.2  -13.6
-70.4  1.6  1489.2  27.4  -80.0  -7.0
-43.6  -2.8  1519.6  41.6  -21.0  -0.9
-60.4  -20.8  1498.0  66.4  -41.6  -40.8
-64.0  -22.0  1454.8  23.0  -67.4  44.7
-82.4  -5.6  1486.8  -8.6  -69.3  16.7
-26.0  -7.2  1506.4  -12.5  -74.9  31.0
-6.0  4.8  1559.2  27.9  -79.2  -21.8
-56.8  -25.2  1518.0  54.9  -30.9  -55.2
-62.0  -30.8  1496.8  70.3  -30.5  -21.4
-83.2  -41.6  1469.2  32.8  -67.7  -20.3
-57.2  -47.2  1488.8  15.2  -65.2  3.9
-24.4  -28.4  1511.2  51.0  -59.9  2.4
-58.4  -22.8  1496.4  34.7  -83.8  -43.7
-126.8  8.0  1528.4  34.1  -44.6  -24.9
-66.8  -21.6  1474.4  20.8  -41.2  -5.5
-86.4  -26.4  1498.8  28.0  -60.6  2.5
-62.0  -4.0  1498.8  25.3  -51.6  -9.1
-90.8  -22.4  1502.4  25.2  -51.3  13.1
-43.2  -36.4  1502.4  -4.7  -63.6  -3.9
-70.4  -19.2  1526.4  42.0  -37.1  -2.8
-63.2  -33.6  1466.0  14.7  -46.2  -14.2
-89.2  -25.2  1509.2  46.5  -36.3  -15.3
-101.2  -36.8  1465.2  15.3  -49.5  7.0
-88.0  -48.0  1502.4  6.4  -51.5  14.7
-101.6  -38.0  1474.4  33.1  -55.7  2.8
-48.8  -39.2  1509.2  27.8  -78.4  4.3
-56.8  -36.8  1532.4  37.9  -64.9  -4.7
-87.2  -30.8  1496.4  50.2  -76.4  -18.1
-83.6  -21.6  1472.8  32.8  -65.5  -5.7
-81.2  -21.6  1515.6  52.3  -52.5  -10.1
-50.0  -23.6  1502.8  49.4  -58.5  -11.7
-91.6  -33.6  1486.8  35.1  -68.0  -13.4
-66.0  -36.0  1484.4  37.6  -46.3  3.7
-94.4  -40.0  1558.0  29.5  -50.2  -3.6
-74.0  -40.0  1465.6  31.0  -64.1  -15.6
-110.4  -22.8  1505.6  9.9  -47.5  9.2
-88.4  -35.6  1510.8  25.9  -57.6  17.6
-89.6  -48.8  1510.0  7.8  -64.8  19.5
-58.8  -46.8  1535.2  20.7  -50.4  -8.2
-70.0  -36.0  1488.0  32.0  -50.3  -18.8
-86.0  -23.6  1511.2  13.8  -57.5  -5.7
-77.2  22.4  1544.8  -3.8  -43.3  18.8
-80.0  -39.6  1528.0  64.9  -19.6  -4.9
-76.4  -302.8  1470.0  63.3  -53.4  13.8
-58.8  -966.8  1256.0  123.2  -311.1  42.8
18.8  -1125.6  1036.0  -472.7  -132.4  -311.2
26.0  -551.6  1204.0  -1182.6  510.2  -912.4
-905.2  456.8  2130.0  -1663.7  11.1  -683.5
-154.0  531.2  2597.2  145.0  -252.1  70.6
208.8  246.4  1839.6  1150.3  -232.4  -59.9
-147.2  179.2  1382.4  988.2  -427.4  41.3
-233.6  129.2  1428.8  695.7  -306.3  154.6
-116.0  -17.6  1434.0  568.1  -85.9  406.0
-21.6  -134.0  1394.8  531.5  206.2  400.8
74.4  -214.4  1322.0  351.5  222.6  221.8
-66.8  -252.0  1503.2  49.3  -76.3  175.0
-15.2  -204.8  1526.8  68.2  23.5  42.1
-72.4  -119.6  1443.6  0.5  -73.4  -50.0
-23.6  -26.8  1529.2  -114.3  -79.1  83.0
-99.6  71.2  1547.6  -72.6  -120.3  7.0
-66.0  64.4  1536.8  49.2  -34.3  -18.0
-111.6  40.4  1446.0  37.5  -35.5  6.8
-68.8  19.2  1499.6  -36.0  -66.7  30.2
-71.6  37.2  1521.2  -7.9  -46.0  2.1
-96.8  47.2  1499.2  8.3  -36.9  2.1
-38.4  24.4  1496.0  0.6  -55.4  6.6
-103.6  32.0  1486.8  -17.0  -44.7  -1.7
-65.2  3.6  1499.2  -21.0  -57.8  30.5
-118.8  19.6  1535.6  1.8  -46.3  22.8
-52.0  23.2  1470.4  11.1  -36.4  -9.8
-134.4  17.2  1476.4  51.1  -26.2  -14.4
-108.4  14.4  1463.2  10.4  -56.4  -14.2
-120.8  16.0  1463.2  33.2  -52.7  8.2
-52.4  -17.2  1497.6  20.0  -70.2  2.4
-71.2  4.8  1519.2  53.9  -53.3  -15.5
-86.0  28.4  1516.4  53.0  -62.6  -36.1
-91.6  46.4  1518.0  44.2  -39.1  -6.6
-133.2  26.0  1462.8  50.3  -48.0  -42.2
-104.0  -1.6  1463.6  27.4  -61.1  11.3
-108.0  17.2  1513.2  4.6  -67.8  -24.7
-87.2  23.6  1542.4  5.5  -23.2  32.8
-56.0  2.0  1525.2  31.9  -63.2  -16.2
-82.4  -7.6  1521.6  25.1  -53.8  -19.1
-124.0  -5.2  1493.2  30.3  -59.6  -15.4
-163.6  7.2  1460.4  19.1  -34.3  -5.8
-79.6  -0.4  1462.8  24.8  -66.0  14.3
-100.4  18.4  1535.6  11.9  -62.6  -1.4
-113.6  23.2  1528.8  43.1  -38.9  -34.3
-110.0  -0.8  1514.0  21.5  -63.0  0.9
-96.4  -31.6  1467.2  -13.3  -55.6  20.6
-100.4  -8.4  1512.4  -8.6  -82.2  28.8
-60.8  8.4  1512.0  -45.4  -113.8  50.9
-90.4  -28.4  1525.6  9.7  -95.7  -45.9
-94.0  -77.6  1420.8  14.0  -98.0  -64.7
-15.2  -444.4  1336.8  -166.8  -220.6  -40.6
150.8  -936.4  1346.8  -136.2  -323.4  -189.9
-166.0  -783.2  1326.8  -397.5  419.4  -692.5
-400.8  -255.2  1386.4  -359.5  321.0  -385.1
-493.6  534.0  1574.8  -844.2  -351.4  -508.8
-98.8  642.4  2094.8  -211.9  55.1  -125.9
10.4  484.0  1928.0  450.9  -124.6  -127.1
-348.8  308.4  1658.8  729.6  -499.6  357.4
-169.6  67.6  1472.8  627.2  -572.6  533.0
-45.6  -198.8  1415.6  779.6  278.3  470.8
-3.2  -303.6  1327.6  369.6  186.2  231.4
70.8  -313.2  1498.4  106.3  -25.8  142.3
-30.4  -253.6  1392.8  165.3  36.0  -14.3
-97.2  -146.0  1502.4  38.5  85.5  110.2
-105.2  -74.0  1416.0  12.4  23.9  115.7
-50.8  -49.2  1485.2  -103.3  -63.2  124.8
-13.2  -42.0  1555.2  -76.3  -42.9  61.1
-54.0  -25.6  1548.4  -21.7  -70.0  -31.9
-63.2  -36.4  1467.2  -17.5  -32.8  -0.7
-93.6  -6.4  1526.4  -44.4  -74.2  18.8
-84.4  24.8  1507.2  38.1  -48.8  -49.7
-94.0  6.8  1514.4  39.0  -61.6  -13.5
-84.0  8.0  1500.4  20.6  -67.2  9.7
-95.6  11.2  1472.0  35.0  -63.6  -10.7
-76.8  -2.4  1551.2  -7.0  -56.4  22.6
-96.8  8.8  1504.0  37.5  -40.6  -25.9
-78.4  -22.0  1476.0  0.9  -40.5  -0.7
-152.4  -26.0  1496.0  9.8  -36.8  3.1
-70.4  -40.0  1491.6  13.7  -18.1  0.7
-153.6  -13.6  1474.4  -2.3  -71.0  7.1
-101.2  -48.4  1506.0  6.3  -48.2  8.3
-151.2  -51.2  1490.4  1.0  -56.4  23.2
-39.6  -49.6  1524.4  -12.8  -44.1  11.2
-144.4  -38.0  1486.8  42.7  -67.7  -6.9
-108.4  -38.4  1503.6  -12.3  -56.6  9.9
-102.8  -40.8  1523.6  38.7  -52.9  -5.4
-106.8  -43.2  1487.6  31.6  -54.7  -7.6
-133.2  -48.8  1495.2  29.9  -36.9  -6.3
-107.2  -69.6  1468.8  27.9  -63.9  0.0
-114.8  -75.6  1497.6  13.3  -83.3  1.4
-81.2  -48.4  1484.4  20.1  -70.6  12.1
-108.4  -35.2  1522.0  14.3  -80.1  7.1
-84.4  -27.2  1511.6  38.1  -58.4  -14.2
-79.6  -46.4  1484.4  30.0  -42.8  -6.6
-117.6  -39.2  1459.2  60.0  -54.9  -21.5
-110.4  -73.6  1506.0  29.9  -60.4  -8.7
-120.0  -37.2  1498.4  27.9  -47.7  11.8
-101.2  -31.2  1525.6  24.6  -55.3  -12.2
-130.8  -76.8  1442.8  53.6  -70.4  -22.7
-106.8  -87.2  1502.0  11.8  -78.5  2.3
-109.2  -81.2  1505.6  29.7  -54.2  25.4
-107.2  -66.0  1496.8  31.3  -65.1  -2.3
-97.2  -47.2  1508.4  17.9  -76.9  -4.0
-62.0  -97.6  1496.8  33.5  -79.9  -9.9
-18.8  -330.4  1507.2  -3.5  -63.4  -85.1
-86.0  -880.0  1412.4  -174.5  300.6  -439.4
48.0  -1099.2  966.4  -619.6  794.8  -843.2
-118.8  -152.8  1136.4  -568.8  460.9  -973.0
-1163.2  713.2  2236.0  -368.3  -553.5  -245.1
-292.0  528.4  1976.4  486.7  -671.4  364.9
7.6  248.4  1445.2  748.6  76.0  -51.2
-314.4  158.8  1559.2  301.6  -388.3  300.2
-295.6  64.4  1592.4  373.4  -413.7  439.0
-92.4  -86.4  1441.2  425.6  12.3  509.1
-128.0  -250.8  1346.0  357.7  182.2  488.4
37.2  -296.8  1534.0  -25.1  -324.5  245.6
-60.0  -277.2  1425.2  247.7  66.7  4.6
-134.4  -212.8  1460.0  37.7  4.8  37.2
-160.8  -151.6  1453.6  -26.0  -29.3  71.3
-89.2  -91.2  1488.0  -32.8  -79.3  77.6
-155.6  -16.8  1534.8  -0.3  -95.2  14.7
-106.4  -40.8  1460.8  43.9  -67.0  22.1
-183.2  -14.8  1471.2  19.9  -69.4  4.0
-82.8  -32.4  1501.6  27.5  -49.4  15.7
-175.6  -49.6  1509.6  17.1  -61.9  7.5
-85.6  -44.0  1548.4  43.3  -83.2  -30.7
-126.4  -34.4  1464.4  45.0  -38.9  9.9
-126.0  -12.0  1520.8  35.2  -59.1  -7.0
-95.6  -20.0  1502.4  76.7  -56.9  -16.5
-135.6  -9.2  1499.2  49.7  -57.2  -16.9
-125.6  -14.8  1486.4  48.1  -73.0  -10.8
-176.4  -9.2  1495.6  56.7  -55.3  -15.7
-123.6  -51.2  1438.4  37.9  -60.2  -1.5
-138.0  -10.8  1520.0  0.0  -62.2  13.4
-113.6  -12.4  1504.0  20.6  -69.8  -1.6
-105.6  -12.8  1528.8  13.7  -68.0  -13.8
-115.6  -2.8  1500.0  49.4  -33.1  -23.9
-145.6  -9.2  1466.4  18.3  -57.9  -18.1
-110.8  -20.0  1501.6  28.7  -44.4  -22.4
-148.4  -41.6  1495.2  42.5  -45.8  -16.1
-174.4  -17.2  1471.2  38.6  -65.6  -18.1
-121.6  -24.0  1506.0  5.7  -68.6  1.6
-140.0  -23.6  1527.2  21.9  -66.2  -10.2
-102.4  -20.8  1513.6  28.6  -51.0  -12.4
-136.0  -32.0  1499.2  27.5  -58.8  -27.5
-127.6  -20.0  1509.6  33.6  -39.4  -27.8
-148.0  -24.0  1483.6  44.6  -66.0  -10.4
-114.4  -17.6  1528.4  17.3  -57.6  -29.8
-136.8  -10.0  1482.8  37.7  -48.5  -27.2
-128.0  -6.8  1500.8  19.7  -59.4  -6.9
-98.4  -30.0  1500.4  64.0  -102.3  -68.2
-202.0  15.6  1552.0  66.8  -62.9  -62.3
-93.2  -44.4  1450.8  139.4  -37.2  -75.7
-188.0  -36.4  1446.8  8.7  -74.5  -36.7
-142.8  -68.4  1439.6  -1.6  -51.9  -8.4
-92.8  -210.4  1504.0  -11.9  -95.5  32.9
-66.0  -877.6  1260.8  338.9  277.9  -362.1
-151.6  -862.8  1216.0  -2.6  582.9  -473.3
-127.2  -85.2  1391.6  -546.3  409.6  -979.4
-1119.2  861.2  2004.4  -611.8  -155.7  -496.9
-413.6  685.6  1911.2  -0.6  -550.8  276.1
-32.0  411.2  1442.8  281.6  -436.6  295.1
-253.6  218.8  1536.8  239.5  -446.8  429.4
-281.6  167.2  1410.4  427.8  -58.9  489.1
-133.6  -129.6  1446.4  461.7  226.5  479.4
-55.2  -180.0  1434.8  62.3  -380.7  284.7
48.0  -309.2  1496.8  173.8  67.8  80.3
-185.6  -227.2  1437.6  63.1  -70.6  -22.7
-136.4  -164.4  1466.0  -44.5  -45.4  24.6
-214.4  -51.6  1424.4  46.4  -65.2  -12.1
-121.6  -33.6  1487.2  -72.1  -105.4  86.0
-182.0  12.8  1533.6  28.1  -76.5  23.0
-172.8  -9.6  1481.2  30.0  -44.4  15.9
-142.0  -30.8  1485.2  54.9  -79.4  -7.1
-180.8  -10.0  1486.0  46.9  -64.6  -8.0
-175.2  23.2  1502.0  44.6  -72.5  -4.8
-149.2  -4.8  1503.6  35.0  -46.8  4.7
-162.0  -24.4  1485.6  60.4  -60.5  -16.5
-147.2  10.4  1489.2  55.4  -57.3  -5.7
-189.6  26.4  1491.2  15.6  -58.9  16.9
-145.6  8.4  1468.4  25.1  -53.6  -5.0
-142.8  3.2  1532.0  24.0  -47.9  5.5
-197.6  20.4  1488.0  54.5  -38.1  -11.7
-148.4  7.2  1469.2  33.5  -55.9  -11.5
-163.6  1.6  1500.0  43.5  -55.2  -12.1
-185.6  10.8  1488.8  47.1  -46.7  -31.0
-164.0  20.0  1477.6  34.0  -48.0  -8.1
-168.8  20.0  1492.8  38.5  -54.6  -21.4
-210.0  8.8  1467.2  44.0  -52.5  -14.6
-175.2  17.2  1456.4  36.3  -70.7  -22.6
-175.2  12.4  1495.2  33.5  -62.3  -5.6
-227.6  22.4  1477.6  29.0  -75.0  -3.2
-147.2  16.8  1495.6  22.7  -33.6  11.5
-164.4  16.8  1498.4  50.1  -38.7  -13.7
-184.8  -0.4  1460.4  8.0  -86.8  2.5
-176.8  4.8  1513.6  16.4  -72.4  -16.9
-147.2  3.2  1477.6  22.8  -64.2  -13.5
-156.8  -22.8  1532.4  17.9  -87.3  -22.5
-136.4  -70.0  1480.4  73.5  -88.5  -46.4
-114.4  -256.4  1392.8  -46.3  -185.7  -8.2
-6.0  -665.6  1282.4  -339.9  -169.4  -185.3
53.6  -774.8  1254.0  -650.0  259.3  -683.0
-273.2  -576.4  1458.4  -642.6  543.8  -861.6
-755.6  283.6  1576.8  -627.6  -51.4  -684.8
-450.0  416.0  2020.4  -203.8  -243.3  -45.2
24.0  240.0  1711.2  634.6  -6.0  -15.8
-312.8  208.0  1691.2  582.3  -347.9  296.5
-272.0  132.8  1578.4  533.6  -574.3  477.5
-195.2  9.2  1522.8  656.0  -198.2  494.8
6.4  -199.6  1395.2  457.5  114.3  459.2
-72.4  -244.8  1386.8  312.2  208.3  289.4
-40.4  -304.0  1460.8  100.8  -160.1  195.0
-138.4  -212.0  1528.0  208.9  99.5  -17.0
-150.4  -176.4  1421.6  64.0  -29.9  32.5
-106.4  -85.2  1462.4  9.0  -56.8  -7.3
-148.0  -26.8  1493.2  31.9  -82.8  -10.8
-162.0  48.0  1487.6  36.4  -78.5  -4.5
-140.4  62.0  1506.8  53.0  -86.6  -21.0
-160.0  71.2  1514.4  68.5  -43.4  -23.9
-144.8  66.4  1472.4  111.8  -44.8  -51.2
-156.8  69.6  1478.0  95.2  -42.6  -33.3
-171.6  66.8  1468.4  66.2  -53.9  -1.6
-139.6  71.2  1513.6  63.0  -71.5  -33.6
-160.0  56.4  1517.6  103.1  -10.5  -33.0
-184.4  47.2  1435.6  98.4  -32.7  -76.0
-165.6  58.4  1441.2  3.8  -59.0  12.2
-181.2  68.0  1487.2  -13.0  -44.3  38.7
-141.6  66.0  1524.0  -10.6  -63.9  21.6
-201.6  53.2  1465.6  20.5  -46.0  5.3
-178.0  32.0  1500.4  -60.0  -53.6  33.6
-146.8  80.0  1512.0  2.1  -28.9  24.0
-121.2  88.8  1517.6  17.4  -14.7  2.8
-188.0  58.0  1490.8  16.0  -35.0  -4.8
-194.0  5.2  1524.0  -7.0  12.2  48.2
-221.6  14.4  1461.6  23.3  -37.2  41.4
-159.6  -8.4  1466.8  78.6  -26.0  8.0
-202.4  48.4  1505.2  90.6  -57.1  -12.0
-166.8  80.0  1450.0  187.6  -61.4  -53.3
-170.8  95.2  1508.0  174.3  -54.4  -50.0
-226.4  111.2  1490.0  185.9  -32.0  -52.9
-210.0  116.8  1470.0  135.4  -24.6  -44.8
-240.4  148.0  1414.8  146.2  -54.1  -77.9
-258.0  163.6  1421.6  73.8  -41.2  -15.5
-161.2  132.4  1492.0  13.2  -57.1  -37.8
-225.2  106.8  1524.0  -43.0  -21.4  -12.6
-148.4  71.2  1591.6  4.4  -3.7  -41.7
-206.4  134.0  1511.6  108.2  1.5  -95.9
-221.2  182.4  1392.8  45.2  -30.0  -36.2
-228.8  169.2  1466.0  2.3  -18.7  -46.0
-263.2  142.8  1456.8  13.3  -65.5  -39.0
-234.4  94.0  1469.2  -46.3  -49.5  -4.4
-256.0  76.0  1436.0  -18.8  -38.3  -38.2
-228.0  48.0  1399.6  -134.8  -106.8  22.2
-257.2  76.4  1493.2  -64.1  -115.7  -4.6
-236.8  54.4  1434.8  -81.7  -112.3  36.4
-193.6  89.6  1531.6  -26.5  -121.7  -1.7
-193.2  36.8  1579.6  46.7  -98.2  -17.8
-190.0  -122.0  1473.2  219.3  -197.0  -57.6
-206.4  -582.8  1464.0  73.6  -125.4  -55.6
-94.0  -814.4  1297.2  121.7  -65.2  -242.1
-50.0  -543.6  1084.4  -424.6  6.8  -550.6
-196.8  304.4  1451.2  -624.3  -102.6  -914.7
-608.0  1098.4  2020.0  -525.8  16.3  -768.0
-306.8  790.8  2101.2  308.5  -153.5  14.7
-166.8  439.6  1549.6  617.1  -549.8  108.6
-172.4  138.4  1407.6  501.3  -346.0  445.1
-167.6  -36.0  1380.8  466.2  -189.7  328.3
-141.2  -89.6  1412.8  408.2  57.5  295.5
-77.2  82.4  1461.2  199.8  32.8  250.4
-54.8  162.4  1473.6  196.8  39.8  370.8
-100.0  302.8  1454.0  40.9  141.2  221.1
19.6  168.8  1282.8  126.8  61.2  207.8
-249.6  -320.8  1336.4  -78.4  -2.6  238.6
-5.6  -311.6  1278.4  113.3  36.7  200.2
-168.8  -1076.4  1610.4  -751.5  -479.7  123.8
114.8  -1344.4  1349.2  -178.0  304.5  -416.9
-116.4  -306.0  1217.6  -925.0  41.6  -784.3
-696.4  1065.6  2361.2  -344.2  327.4  -492.0
-118.8  1054.4  2064.8  356.1  -727.5  79.3
189.6  568.8  1476.4  645.3  -193.9  157.4
-82.4  263.6  1462.8  172.5  -310.7  184.5
-181.2  77.2  1568.8  525.3  41.8  209.1
-78.0  -56.8  1354.8  433.4  149.3  78.4
-202.0  -30.8  1519.6  121.4  151.6  232.2
80.8  -30.8  1475.2  25.2  -14.3  135.9
-2.4  31.2  1556.8  -5.1  -3.3  18.9
23.6  72.4  1531.2  -86.8  40.4  -24.3
-207.2  70.0  1538.4  78.5  15.1  -145.9
-217.6  69.2  1406.8  52.2  -69.4  80.8
-114.8  50.4  1448.4  62.9  -8.9  39.9
-94.4  26.0  1442.8  30.6  -38.7  -32.7
-124.0  48.0  1468.8  71.9  -89.2  -94.7
-43.2  74.4  1541.2  112.5  -146.7  -181.9
-162.0  103.2  1569.6  182.0  -98.9  -234.4
-124.0  175.2  1465.2  160.8  -79.8  -156.5
-38.4  198.4  1581.6  201.5  -66.2  -161.8
-140.8  226.8  1491.6  150.8  -105.4  -242.3
-109.2  195.6  1437.6  214.7  -59.3  -262.4
-156.4  235.2  1512.8  158.1  -74.2  -292.8
-94.8  220.0  1489.2  281.1  -23.5  -341.4
-149.6  185.2  1470.0  148.1  -71.3  -203.7
-168.4  197.2  1455.6  193.9  -69.2  -202.4
-91.6  203.6  1528.0  51.1  -47.0  -97.7
-141.6  232.8  1474.0  46.9  -91.0  -47.4
6.0  216.4  1458.4  69.2  -81.4  -65.9
-156.4  273.6  1472.8  20.4  -111.7  -74.6
-168.0  312.8  1416.4  8.2  -95.0  -44.9
-116.4  334.8  1492.0  6.9  -52.5  -50.9
-195.2  274.8  1507.2  10.0  -9.5  -1.9
-130.4  266.0  1425.6  76.9  -1.8  -42.2
-154.4  242.4  1457.6  22.0  7.2  19.7
-208.0  239.2  1485.2  -44.7  8.8  84.5
-159.6  209.6  1496.0  -104.7  8.5  156.9
-139.2  199.2  1446.0  -148.8  -12.3  137.2
-128.4  198.0  1475.6  -123.3  -1.6  161.7
-186.0  211.6  1406.4  -88.4  -65.6  106.2
-194.4  186.8  1446.4  -202.2  -115.5  250.6
-113.2  198.0  1507.2  -70.3  -99.9  151.8
-203.6  153.6  1470.8  -100.0  -56.5  185.8
-144.0  131.6  1500.0  -131.1  -45.7  166.4
-165.6  107.6  1492.8  -19.0  -45.1  135.0
-159.6  136.0  1508.0  -67.9  -53.9  74.0
-182.4  95.2  1414.8  2.8  -15.4  38.9
-148.4  99.6  1556.8  -62.0  -9.5  79.2
-150.0  90.4  1433.6  4.7  -60.4  11.6
-150.8  65.6  1515.6  -51.9  -73.4  45.6
-180.8  107.2  1483.2  68.0  -57.8  -46.5
-173.2  70.4  1491.2  -3.1  -42.0  5.5
-158.4  65.2  1525.2  15.0  -67.7  -20.3
-130.8  63.6  1472.8  21.4  -49.0  -13.2
-172.4  97.6  1454.8  -4.2  -84.1  29.9
-164.0  112.0  1537.6  -31.1  -70.1  40.5
-151.6  114.8  1535.6  -0.4  -99.3  61.0
-102.0  98.0  1439.2  -42.8  -97.3  40.6
-70.8  55.2  1510.8  8.9  -86.7  4.9
-100.4  -46.8  1438.4  27.4  -189.1  10.4
-135.6  -364.8  1486.4  -146.2  -257.0  75.4
-91.6  -658.8  1456.4  -297.1  -247.5  -5.3
41.2  -694.0  1245.2  -409.7  261.5  -484.3
-210.0  -448.4  1188.4  -577.2  303.4  -420.6
-305.6  340.0  1572.8  -913.0  26.7  -719.7
-429.2  502.8  2271.2  -253.3  -353.3  -352.7
-26.8  253.6  1846.8  804.7  -160.4  60.2
-233.6  203.6  1535.6  815.3  -375.1  66.4
-151.6  194.8  1480.4  738.2  -277.2  105.3
-81.2  91.6  1416.8  536.7  -228.6  256.5
-57.2  70.8  1502.4  351.8  -35.2  374.1
35.6  58.8  1513.2  351.5  189.5  386.2
-175.6  72.0  1464.0  166.3  128.3  297.8
78.0  -50.0  1516.8  44.1  2.2  162.1
20.8  -41.6  1530.8  186.8  171.2  37.0
-126.4  -38.0  1486.4  43.5  -134.6  4.4
-97.2  8.0  1483.2  -46.1  60.4  2.4
-166.0  58.0  1436.0  -50.8  -67.3  45.6
-94.4  38.4  1477.2  -117.6  -17.6  31.5
-145.2  56.8  1463.6  15.0  -40.1  7.9
-139.2  84.8  1455.6  -10.0  -82.2  10.2
-106.0  99.2  1491.6  37.7  -63.1  22.4
-101.6  102.8  1524.0  4.1  -66.7  28.9
-103.6  124.8  1498.0  59.1  -60.5  -22.7
-82.0  91.6  1496.8  39.4  -55.1  10.1
-138.8  110.4  1511.6  27.9  -53.0  -4.4
-90.0  100.8  1472.0  63.4  -47.8  -7.0
-135.2  101.2  1478.0  41.0  -88.6  -22.5
-106.4  105.2  1507.2  45.6  -41.6  -0.2
-106.4  121.6  1500.0  37.2  -52.7  -21.1
-152.8  115.6  1483.2  6.2  -53.3  1.3
-127.6  93.6  1510.0  27.0  -48.1  6.8
-133.6  100.0  1502.0  17.5  -55.5  -13.7
-127.2  104.4  1481.2  36.0  -56.0  -4.7
-126.8  85.2  1480.0  25.2  -51.5  -3.4
-116.8  80.8  1488.8  27.7  -67.6  -24.1
-128.4  101.6  1469.2  44.5  -56.4  -12.7
-121.2  105.6  1508.4  15.6  -68.6  -6.2
-128.8  110.4  1487.2  51.8  -42.8  -19.8
-128.0  89.6  1515.6  21.5  -56.1  -10.9
-138.0  105.6  1485.2  46.6  -56.6  -30.2
-123.6  102.0  1466.8  22.3  -61.2  -7.6
-139.6  103.6  1525.6  37.9  -47.2  -10.2
-114.0  92.4  1464.4  39.4  -61.4  -19.8
-127.2  86.8  1520.4  27.9  -60.9  -14.9
-161.2  110.4  1470.4  32.5  -56.2  -14.3
-122.0  86.8  1482.0  32.4  -62.2  -13.3
-153.2  105.6  1453.6  12.7  -73.9  -11.4
-108.0  105.2  1483.6  42.7  -57.1  1.3
-116.4  92.8  1529.6  32.5  -45.7  -1.1
-133.2  92.8  1464.0  63.2  -62.0  -37.3
-167.6  106.8  1487.6  -7.9  -58.9  -25.0
-117.6  103.2  1507.6  29.7  -60.9  -11.0
-129.6  110.4  1488.0  9.3  -59.5  11.4
-129.2  91.6  1506.0  7.6  -56.8  9.2
-136.8  83.6  1475.2  14.7  -76.7  1.5
-103.6  99.6  1488.0  40.5  -37.7  21.2
-127.6  95.2  1494.0  19.0  -64.6  9.5
-143.6  122.0  1522.8  -5.4  -25.8  29.6
-201.6  179.2  1521.2  14.7  -73.2  50.7
-149.6  141.6  1478.0  13.6  -52.3  92.9
-113.2  60.4  1390.0  46.3  -91.7  115.3
-108.8  -43.2  1431.6  5.3  -62.5  123.3
-24.4  -302.8  1453.2  26.5  -211.4  43.4
7.2  -721.2  1527.6  -4.5  -316.9  -54.9
17.2  -813.2  1162.0  -134.6  -118.2  -499.1
105.2  -500.8  1189.6  -441.0  678.9  -881.6
-481.2  418.4  1458.4  -883.3  218.1  -990.3
-837.2  828.8  2366.0  -561.6  -567.9  -472.4
-92.4  567.2  2009.6  594.6  -296.8  232.6
-126.4  444.0  1586.0  715.2  -354.1  -21.5
-221.6  369.6  1486.4  546.6  -350.2  427.7
-122.8  168.4  1501.2  483.9  -182.9  656.1
-9.2  22.0  1345.6  534.7  64.4  638.2
33.2  -153.6  1282.4  297.5  303.8  324.4
-63.6  -131.2  1463.2  -132.2  -312.6  233.8
79.6  -155.6  1533.2  109.0  90.0  64.8
-118.4  -59.2  1556.4  -11.0  -41.5  -5.8
-39.6  -1.6  1547.6  -45.4  28.5  -10.3
-85.6  40.4  1442.0  49.2  -39.4  -59.9
-88.8  82.0  1491.6  -21.3  -53.8  -6.1
-91.2  92.8  1470.0  -2.5  -44.3  15.6
-56.0  114.0  1520.0  -29.9  -69.6  -1.3
-100.0  107.2  1477.6  38.7  -79.3  -16.8
-83.6  102.8  1503.2  7.8  -48.0  6.1
-91.2  149.2  1492.8  11.5  -39.9  4.1
-62.8  114.4  1495.2  28.4  -72.1  -1.3
-79.6  98.4  1497.2  40.2  -55.3  -7.8
-69.6  83.6  1505.2  41.6  -56.7  -1.6
-82.8  96.8  1511.6  40.5  -55.9  -17.0
-54.4  105.2  1496.0  25.4  -47.4  -3.6
-62.8  93.2  1505.2  35.1  -36.9  17.4
-86.0  112.4  1508.0  37.8  -60.2  -32.4
-125.2  104.4  1460.4  55.0  -65.6  -24.1
-84.8  100.8  1490.4  26.9  -55.3  8.3
-65.2  102.0  1535.6  24.8  -67.6  -9.7
-122.0  122.4  1520.8  24.1  -45.6  -14.2
-89.6  118.8  1464.0  19.0  -56.2  -4.6
-70.0  96.0  1505.6  16.3  -45.3  15.8
-86.8  77.2  1487.2  1.9  -69.3  4.6
-64.8  93.2  1514.4  -2.3  -71.6  11.8
-101.2  79.6  1530.4  16.6  -54.3  6.3
-73.6  94.4  1521.2  23.8  -56.8  9.5
-105.6  72.4  1492.0  30.3  -61.7  -5.3
-118.8  53.6  1459.6  36.9  -43.2  21.9
-95.6  56.4  1489.6  13.3  -64.8  13.0
-78.0  74.0  1492.8  41.6  -58.2  -3.3
-81.6  77.6  1504.4  18.3  -66.7  -0.4
-101.6  74.8  1483.2  34.0  -54.4  -3.2
-73.6  60.8  1464.8  26.1  -89.8  -2.4
-102.4  34.0  1482.8  18.5  -107.9  8.2
-75.6  -77.2  1426.0  -17.9  -141.5  -18.5
221.6  -695.2  1419.2  -133.2  -19.4  -398.7
-46.4  -760.8  1180.0  87.9  123.7  -844.6
-382.8  -376.8  1374.0  -398.7  668.1  -863.8
-424.8  218.4  1391.6  -527.9  269.3  -820.5
-488.8  492.4  1850.0  -716.1  53.7  -698.2
-306.4  520.8  1962.4  13.1  52.5  -240.2
-369.2  408.0  1789.2  523.5  -422.0  133.3
-285.2  270.4  1606.0  664.0  -482.2  334.4
-284.4  265.6  1433.2  660.2  -399.0  415.4
-66.4  168.0  1489.6  411.4  -263.4  628.8
-40.0  14.4  1372.4  240.9  -161.5  628.4
17.2  -38.4  1458.0  201.2  95.1  574.4
-148.8  -126.8  1451.6  93.6  226.1  367.1
46.4  -118.8  1493.2  38.7  -99.8  203.2
-44.4  -82.0  1497.6  8.4  30.8  -20.6
-89.6  -57.6  1472.0  -44.5  -42.2  45.8
-102.4  -5.2  1541.2  19.3  -10.7  15.5
-80.8  10.8  1468.8  -20.3  -48.8  -5.1
-107.6  45.2  1468.4  8.3  -55.2  -33.4
-88.4  76.8  1509.2  4.7  -60.5  -16.4
-95.6  78.0  1467.6  49.3  -64.9  -34.9
-98.8  95.2  1478.0  24.8  -67.6  -20.3
-60.4  93.6  1527.6  20.8  -71.2  -16.7
-72.8  79.6  1514.0  37.7  -45.0  -15.8
-97.2  119.2  1496.8  40.6  -64.4  -28.4
-57.6  63.6  1515.2  32.9  -38.2  11.0
-72.0  67.6  1558.8  45.5  -52.8  -34.9
-70.0  62.4  1498.0  43.6  -56.5  -24.1
-140.0  84.8  1448.8  13.0  -62.1  -13.7
-91.6  72.4  1468.0  5.3  -54.3  21.1
-124.0  54.0  1472.4  53.1  -70.8  -24.1
-107.2  87.6  1514.4  15.4  -63.3  1.1
-58.0  75.6  1543.6  41.1  -20.8  -1.9
-62.8  54.8  1508.0  36.9  -52.6  -23.4
-61.6  63.2  1522.4  57.0  -48.3  -33.9
-126.4  97.2  1502.0  44.7  -50.2  -29.9
-126.4  86.0  1455.2  65.2  -45.7  -20.6
-120.4  81.6  1494.8  17.4  -52.4  6.2
-58.0  66.8  1471.2  48.0  -63.5  -14.7
-94.4  93.6  1526.0  20.9  -70.4  -0.6
-98.0  97.6  1484.4  19.6  -53.6  4.4
-109.2  82.8  1491.6  43.7  -54.6  -11.0
-90.8  75.2  1467.6  14.1  -61.7  9.1
-112.0  83.6  1499.2  44.1  -70.8  -5.0
-93.6  72.0  1477.2  28.7  -50.1  3.8
-88.4  96.0  1510.0  21.6  -66.4  7.0
-78.0  83.2  1527.2  30.3  -49.5  18.0
-129.2  68.8  1456.8  54.6  -57.3  -9.4
-105.6  66.4  1469.2  1.3  -84.1  23.1
-93.6  88.0  1490.0  30.7  -71.4  7.0
-85.6  52.8  1545.2  14.6  -38.4  27.3
-72.4  52.8  1500.0  61.0  -50.0  -25.7
-127.2  80.0  1490.4  27.4  -49.5  -25.6
-82.4  82.4  1533.2  17.9  -64.1  -1.5
-131.2  84.0  1528.4  -6.0  -52.4  21.8
-113.2  85.6  1522.4  -2.5  -61.0  47.0
-56.4  19.6  1504.0  -6.0  -73.7  42.1
-86.8  -7.6  1495.2  -16.0  -103.7  32.7
-93.6  -123.2  1395.6  -82.4  -193.6  52.9
28.4  -476.0  1366.8  -272.0  40.2  -113.7
122.8  -869.6  1344.4  -505.2  281.7  -587.0
7.2  -701.6  1216.4  -243.5  492.9  -821.8
-664.8  2.4  1569.6  -454.1  167.1  -750.6
-635.2  561.2  1620.0  -329.7  -362.0  -637.5
-279.6  587.6  1955.6  39.6  194.6  -196.9
-268.4  482.8  1692.0  316.9  -292.0  -47.8
-338.0  294.8  1705.6  581.4  -448.2  260.4
-234.8  114.0  1540.8  635.8  -805.3  454.5
-76.4  -24.8  1313.2  582.9  -146.5  574.0
-48.0  -126.0  1350.0  386.3  50.1  590.3
-47.6  -147.2  1047.2  237.4  40.7  439.3
-21.2  -178.0  1520.4  114.8  -82.8  261.8
1.6  -111.2  1520.8  107.2  14.1  87.1
-84.8  -26.4  1549.6  57.8  -28.9  87.9
-44.4  54.0  1501.6  50.1  -47.2  1.1
-100.8  65.2  1443.6  29.6  -16.2  6.2
-74.0  103.2  1510.8  -6.3  -64.8  6.8
-103.6  118.4  1492.0  25.0  -48.2  -9.2
-98.4  112.0  1460.4  -38.5  -59.5  19.4
-84.4  138.8  1563.2  10.0  -68.5  -0.8
-99.2  108.4  1441.6  24.3  -50.9  -26.0
-93.2  109.6  1508.4  -13.6  -59.0  -4.6
-100.8  102.4  1472.4  21.4  -52.2  -17.6
-80.8  86.4  1519.2  -1.5  -57.1  10.1
-133.2  101.2  1477.6  17.1  -72.7  -9.7
-71.6  92.4  1494.8  14.3  -44.4  20.2
-87.6  110.8  1480.0  21.5  -53.7  -24.1
-98.0  115.6  1516.4  9.6  -52.8  12.6
-111.2  101.2  1468.4  14.9  -54.6  -22.8
-98.4  84.4  1530.4  19.5  -33.0  19.3
-107.2  102.0  1458.8  31.2  -44.3  -23.7
-126.8  78.8  1490.0  18.4  -33.7  15.0
-106.0  98.4  1514.8  0.0  -60.3  -0.4
-113.6  92.0  1466.8  11.0  -49.4  1.3
-112.0  92.8  1497.2  20.4  -37.5  19.7
-130.0  90.0  1453.2  41.3  -41.0  30.9
-62.0  63.2  1493.6  4.7  -70.9  43.4
-80.4  80.0  1528.4  -12.8  -62.9  -4.6
-100.8  100.8  1529.2  55.9  -38.5  -4.4
-150.8  92.4  1464.4  5.4  -56.2  -4.4
-120.0  112.4  1481.2  31.9  -54.0  29.0
-109.6  90.8  1488.8  0.4  -63.5  25.8
-91.2  54.0  1476.4  40.0  -63.6  23.1
-144.8  72.4  1460.8  -1.4  -76.0  -22.5
-119.6  94.8  1531.2  11.9  -40.1  32.1
-104.0  68.8  1501.2  0.3  -70.2  -5.3
-132.4  36.0  1498.0  -9.4  -47.4  -3.2
-170.0  40.4  1486.4  33.5  -74.2  -39.2
-105.6  30.4  1475.6  41.1  -60.8  -9.4
-126.4  41.2  1468.4  27.7  -62.1  -15.7
-27.2  56.4  1520.0  28.8  -58.5  -21.5
-138.8  96.0  1472.0  28.7  -58.1  -4.1
-77.2  52.4  1440.0  42.3  -114.1  -26.6
-143.2  -139.6  1575.6  71.4  -75.7  5.1
-77.2  -540.0  1390.4  189.2  -110.5  -99.8
140.0  -662.0  1120.8  -36.6  21.2  -482.7
-79.6  -290.0  1378.8  -253.8  514.8  -963.7
-437.2  155.2  1494.8  -555.1  460.6  -926.0
-520.8  429.6  1809.2  -421.3  -160.3  -669.6
-432.0  443.2  1800.4  83.7  61.9  -265.4
-290.4  409.6  1671.6  167.8  -249.0  -56.6
-297.2  310.8  1590.4  283.4  -400.6  153.7
-272.0  226.4  1606.0  420.0  -263.0  483.4
-200.0  109.6  1522.4  341.8  -506.5  577.7
-92.4  10.4  1455.6  322.9  -147.7  525.8
-44.4  -45.6  1472.8  381.9  78.3  518.2
-81.6  -70.0  1384.4  181.8  152.6  341.7
-44.4  -88.0  1423.6  -22.1  -120.8  236.3
-85.6  -38.4  1479.2  47.3  0.6  94.6
-74.8  -74.0  1550.4  22.4  -40.2  135.0
-104.4  2.4  1468.4  1.7  -39.8  46.3
-102.0  19.6  1498.4  -0.4  -13.4  32.0
-153.6  58.0  1464.4  13.2  -76.0  -40.1
-133.6  98.0  1500.4  8.1  -57.0  -21.1
-129.2  92.4  1475.6  33.8  -41.4  -12.8
-107.6  122.0  1484.8  24.8  -51.3  -10.6
-130.8  101.2  1491.6  23.2  -62.1  9.1
-100.0  82.8  1484.0  15.5  -43.4  33.9
-120.0  87.2  1514.4  24.1  -47.1  1.7
-119.6  87.6  1480.4  29.0  -44.6  21.9
-117.6  89.6  1525.2  28.5  -59.6  27.5
-130.8  83.6  1492.4  18.3  -37.9  17.4
-107.6  62.0  1497.2  15.0  -43.1  10.5
-55.6  60.8  1550.8  18.2  -48.4  -15.8
-214.8  106.4  1479.6  76.5  -90.3  -86.5
-169.2  92.4  1440.8  -8.1  -24.2  25.9
-136.0  90.0  1460.8  7.5  -87.3  -9.3
-132.0  87.2  1496.0  22.5  -11.8  21.3
-142.8  86.4  1480.0  48.1  -57.1  -6.8
-121.6  68.8  1496.0  39.3  -34.3  11.8
-150.0  72.4  1491.6  -1.0  -60.1  12.6
-124.4  74.4  1490.0  -29.5  -51.7  29.9
-134.0  55.6  1463.6  -60.3  -90.4  53.6
-113.6  61.6  1535.2  -86.3  -80.3  56.1
-121.2  5.2  1414.4  -100.3  -91.5  4.8
-121.2  -168.0  1490.8  -214.9  -152.8  -69.5
-175.2  -474.0  1512.0  -47.5  -91.3  -68.0
48.8  -680.8  1442.0  -24.4  216.7  -310.4
-82.4  -535.6  1358.4  -66.9  346.8  -674.1
-351.6  -51.2  1286.4  -233.5  351.5  -857.3
-475.2  411.6  1563.6  -523.7  -109.0  -621.8
-365.6  414.0  1931.6  -292.6  14.9  -363.4
-295.6  289.2  1760.8  413.1  -266.8  -42.3
-335.2  188.8  1620.0  393.3  -377.7  146.8
-234.4  34.0  1462.8  604.8  -336.6  345.8
-134.8  -21.6  1372.0  425.0  -180.7  317.7
-126.0  -86.4  1420.4  401.6  -137.7  387.5
-128.0  -63.2  1417.6  149.8  -23.0  320.3
-81.2  -61.6  1472.0  182.8  6.3  289.8
-131.2  -22.4  1473.2  1.5  -118.1  193.1
-70.8  -26.4  1575.2  121.7  -55.9  102.5
-106.4  32.8  1479.6  102.2  -76.0  19.4
-64.4  44.0  1569.2  75.1  -41.0  44.6
-161.2  97.6  1414.8  39.0  -105.8  -1.3
-77.6  77.2  1486.0  67.2  -51.8  53.9
-132.4  121.2  1484.8  55.3  -60.3  9.5
-110.4  125.6  1491.2  61.1  -44.9  50.4
-109.6  112.4  1486.0  45.7  -61.5  28.6
-148.0  111.6  1492.0  37.3  -44.7  62.9
-97.2  117.6  1468.4  78.8  -71.2  25.2
-153.6  119.2  1500.8  61.0  -38.8  28.6
-117.2  116.8  1491.6  56.7  -40.5  49.5
-149.2  119.6  1497.6  19.0  -63.3  41.7
-125.6  116.0  1513.2  33.4  -41.9  39.1
-138.0  122.4  1466.4  13.3  -66.8  51.6
-90.0  115.2  1490.8  62.2  -50.1  14.8
-128.8  133.6  1482.4  23.1  -49.5  39.5
-108.8  144.0  1489.2  24.2  -71.5  43.8
-132.0  136.8  1538.0  12.6  -57.6  22.4
-155.6  139.6  1494.0  45.4  -63.1  55.6
-146.0  108.4  1490.0  33.7  -50.1  72.5
-144.0  136.8  1450.0  49.8  -44.8  38.3
-108.4  110.4  1477.6  22.2  -71.6  48.1
-112.4  121.6  1488.4  40.5  -45.7  15.7
-124.8  109.2  1531.2  24.4  -53.0  24.1
-144.4  130.4  1468.0  30.8  -64.9  9.1
-109.6  128.0  1503.2  16.2  -49.1  10.2
-114.0  144.0  1500.0  18.7  -68.1  -10.7
-150.0  129.6  1440.0  32.2  -66.8  -17.0
-125.6  122.0  1468.8  11.6  -65.3  5.5
-78.8  131.6  1508.0  6.2  -59.3  -0.2
-116.0  123.2  1536.4  6.6  -39.7  2.2
-136.0  134.8  1463.2  7.4  -81.0  13.0
-107.2  107.2  1511.2  1.3  -71.0  -6.9
-136.0  94.4  1485.6  22.0  -56.5  -24.4
-131.6  97.2  1483.2  7.6  -54.5  1.8
-137.6  113.2  1508.0  7.4  -53.4  7.6
-127.2  104.0  1481.2  10.3  -63.8  3.2
-146.4  123.2  1464.8  6.5  -42.7  10.0
-127.2  125.6  1448.0  14.0  -41.4  -46.3
-84.4  90.4  1436.4  31.0  -43.8  -5.5
-102.8  -41.2  1465.6  -49.0  -132.7  -69.3
-110.0  -530.0  1585.6  22.2  -84.9  -74.9
-53.6  -777.2  1450.4  -28.4  353.0  -552.8
-154.8  -495.2  1244.4  47.2  690.7  -843.7
-223.6  108.8  1084.4  -530.9  696.7  -1213.1
-896.4  643.6  1927.6  -720.4  24.5  -715.5
-623.6  516.8  1944.8  77.7  -649.1  -153.2
-321.6  241.6  1594.4  517.3  -280.7  67.5
-392.0  180.8  1458.0  318.9  -396.2  217.2
-334.4  196.8  1428.8  381.1  -352.0  491.8
-143.6  128.4  1528.4  206.8  -317.9  575.2
-138.8  56.0  1391.6  215.1  -72.4  591.6
-72.8  -18.8  1502.0  150.2  37.2  460.5
-87.6  -95.6  1494.4  175.3  -155.0  324.7
-127.2  -95.6  1486.8  176.9  -58.8  161.2
-196.0  -28.4  1405.2  16.6  -102.8  80.3
-216.8  -23.2  1546.8  -19.4  -76.2  90.3
-132.0  -26.8  1432.4  5.7  -67.9  21.0
-158.8  13.2  1484.4  5.8  -60.3  -1.1
-140.8  50.8  1467.6  26.1  -68.4  -10.2
-154.4  81.6  1503.6  30.4  -72.3  -4.7
-140.8  97.6  1536.8  27.7  -41.8  8.1
-132.8  94.4  1468.4  35.6  -68.1  -42.7
-150.4  92.4  1460.4  46.2  -44.8  -7.7
-147.6  116.0  1491.6  25.2  -54.6  -6.0
-155.6  83.6  1507.6  27.8  -59.5  1.4
-128.0  105.6  1508.4  9.8  -67.0  -3.8
-146.8  123.2  1535.6  28.4  -39.2  3.6
-154.4  97.2  1468.0  42.1  -56.1  -0.4
-173.6  96.0  1467.2  5.7  -41.4  29.2
-137.2  104.4  1500.8  45.4  -46.8  -2.1
-154.0  98.4  1501.6  16.4  -48.5  27.0
-164.8  84.8  1465.6  76.4  -43.2  -15.9
-187.2  94.8  1506.0  12.7  -58.1  32.4
-137.2  102.0  1530.0  40.7  -55.8  39.3
-122.4  74.0  1514.0  38.4  -40.2  -20.8
-147.6  90.0  1495.2  27.8  -60.3  -5.7
-178.4  99.2  1469.2  41.5  -48.1  -20.2
-152.4  88.4  1475.6  30.4  -62.5  16.4
-170.4  95.6  1472.0  6.3  -58.2  -7.1
-174.0  104.4  1466.8  21.0  -53.5  5.7
-154.0  100.4  1487.6  13.0  -62.4  34.3
-218.8  101.2  1448.8  21.0  -62.4  20.6
-157.2  78.8  1485.6  -3.3  -54.5  61.0
-154.0  79.2  1505.2  35.0  -44.0  22.3
-150.0  102.4  1534.4  27.2  -30.4  36.4
-131.6  76.8  1481.2  30.0  -70.9  28.9
-155.6  74.4  1492.0  32.2  -51.4  3.5
-181.2  60.0  1470.8  23.5  -60.7  20.6
-135.2  60.8  1463.6  31.0  -73.5  10.4
-193.6  89.6  1462.0  28.0  -52.9  -6.6
-150.8  67.2  1505.6  30.8  -55.9  -2.1
-141.2  2.4  1469.2  35.7  -96.5  -30.9
-101.2  -100.8  1510.8  39.1  -128.6  -36.5
-59.6  -499.2  1560.0  270.8  -77.4  -278.9
-83.6  -746.0  1048.4  65.8  353.6  -701.7
-179.6  -485.2  1222.4  -427.0  737.6  -1090.1
-496.8  133.2  1224.8  -631.7  265.7  -1283.0
-984.8  547.2  1943.2  -618.8  -50.0  -750.1
-536.4  527.6  1951.2  29.0  -403.1  -4.9
-292.8  328.0  1707.2  584.5  -437.3  80.0
-454.8  251.2  1478.4  533.5  -440.9  280.9
-335.6  179.2  1418.0  473.2  -587.2  461.5
-185.6  148.8  1474.0  381.6  -197.1  663.3
-74.0  25.6  1451.2  228.5  -99.3  701.9
-87.2  16.4  1422.8  210.4  40.4  551.6
-92.4  -4.8  1446.0  44.3  20.0  396.9
-117.6  -70.0  1492.0  29.9  -102.3  243.5
-146.4  -56.8  1464.4  69.4  -42.8  83.3
-122.8  -44.0  1431.6  -52.3  -24.7  8.5
-196.4  2.4  1527.2  6.0  -31.5  34.5
-170.0  41.2  1476.4  -26.7  -30.9  -16.6
-157.6  64.0  1498.0  5.4  -23.4  14.0
-160.0  84.0  1457.6  40.1  -35.3  -18.1
-159.2  90.8  1490.0  11.8  -40.7  -0.6
-162.0  122.0  1508.8  -5.3  -73.2  -18.8
-148.8  102.4  1476.0  17.4  -45.4  -5.6
-176.0  113.6  1487.2  4.2  -59.5  -13.8
-146.0  92.8  1480.0  10.4  -63.3  -6.8
-191.6  95.2  1476.4  -13.9  -53.4  -30.4
-163.2  80.8  1516.4  4.0  -29.3  -0.1
-166.4  94.8  1488.4  30.6  -53.9  -25.0
-193.2  81.2  1478.4  44.7  -27.0  -11.5
-195.2  82.4  1473.6  37.3  -25.9  -1.8
-176.4  102.8  1488.4  63.5  -14.7  25.4
-154.0  76.0  1493.2  36.8  -35.4  4.1
-180.4  90.4  1502.4  25.5  -71.3  20.3
-186.8  74.4  1470.0  56.0  -63.3  -9.2
-179.2  84.0  1496.4  31.9  -76.8  6.8
-167.2  99.2  1531.6  31.9  -55.2  4.5
-186.4  101.2  1497.6  50.8  -56.1  -10.9
-152.0  78.8  1498.4  21.5  -45.3  -7.3
-223.2  109.6  1468.8  36.0  -49.4  -24.9
-195.2  92.4  1450.0  42.4  -50.9  1.7
-201.2  81.6  1490.0  44.6  -47.6  9.8
-205.2  78.0  1486.0  26.2  -49.0  11.2
-172.8  75.2  1482.0  17.6  -71.2  14.4
-177.6  90.8  1509.2  0.9  -73.4  -6.8
-201.6  101.6  1510.0  28.2  -76.3  -13.6
-201.6  96.8  1483.6  20.7  -63.3  -6.6
-181.2  92.4  1500.8  -14.4  -56.5  46.9
-164.4  84.0  1505.6  8.1  -66.6  -7.9
-194.0  30.8  1465.2  2.7  -63.9  24.4
-115.6  -42.4  1451.6  -23.6  -131.6  -12.7
-73.2  -431.2  1403.2  -195.2  -36.1  -220.0
-134.4  -677.6  1515.6  -555.5  85.3  -587.1
-80.8  -599.6  1316.4  -126.2  465.5  -835.0
-513.2  -261.6  1356.8  -160.7  451.1  -980.0
-712.0  358.4  1391.6  -446.8  -103.4  -700.9
-688.8  555.2  1884.8  -81.4  -82.2  -510.7
-411.2  417.2  1849.2  470.0  -344.2  13.1
-428.0  272.0  1616.0  732.7  -472.4  363.1
-353.2  163.2  1421.6  650.2  -594.4  575.8
-173.6  176.4  1374.8  518.9  -136.4  627.9
-144.8  24.4  1339.6  245.4  28.2  579.6
-129.2  -25.6  1464.0  87.5  92.0  482.7
-125.2  -70.8  1441.6  73.0  -20.5  369.7
-100.8  -48.4  1499.6  117.9  -51.7  191.8
-133.6  -18.0  1439.6  -15.5  -18.3  84.7
-234.4  38.4  1489.6  1.7  -29.1  62.6
-240.0  66.8  1453.2  -60.4  -76.7  37.3
-158.8  61.2  1500.0  23.2  -38.0  54.2
-166.4  73.6  1505.2  16.1  -47.4  -29.8
-177.6  79.2  1503.2  34.9  -67.0  12.0
-211.6  107.2  1410.0  12.9  -61.0  -10.1
-136.4  119.6  1494.4  16.0  -65.0  10.2
-192.4  150.0  1503.6  17.8  -81.2  -30.9
-173.2  149.6  1491.6  17.6  -44.2  6.1
-192.8  132.8  1452.8  43.7  -49.9  -10.8
-190.8  124.4  1447.2  19.6  -56.3  21.1
-176.4  116.8  1478.0  32.5  -61.5  9.8
-193.2  107.2  1515.2  10.6  -38.8  17.4
-180.8  115.6  1478.4  43.8  -87.0  -4.9
-140.4  110.4  1489.6  30.6  -56.2  -7.2
-203.2  134.0  1462.4  56.4  -46.9  -20.7
-227.6  148.8  1478.0  28.2  -43.4  2.1
-196.4  145.2  1502.0  -5.9  -67.9  40.9
-168.0  108.8  1504.0  60.1  -49.7  6.8
-172.0  102.0  1488.0  61.3  -44.9  -15.4
-215.6  122.4  1501.2  55.0  -49.0  -17.4
-193.6  110.0  1454.4  44.4  -62.8  7.1
-185.6  118.0  1508.4  34.8  -61.9  -10.7
-199.6  134.4  1458.4  35.8  -63.3  -15.3
-222.0  132.8  1472.4  24.7  -47.7  -8.6
-193.6  132.4  1444.0  21.6  -66.9  14.0
-188.8  130.4  1484.4  -1.6  -51.8  14.6
-211.6  114.0  1418.4  -12.8  -77.6  20.8
-132.4  24.8  1476.8  16.2  -97.6  -14.6
-114.0  -145.2  1457.6  -50.4  -164.0  -78.8
44.8  -719.6  1475.2  -390.9  476.7  -755.1
-232.4  -809.6  1222.4  -614.9  573.0  -1057.3
-234.4  -170.4  1111.2  -759.9  268.3  -958.9
-880.4  377.6  1888.4  -885.3  -175.2  -589.7
-556.0  282.8  2030.4  215.9  -293.6  -189.5
-364.0  222.0  1664.4  858.4  -186.8  -30.8
-512.8  265.6  1534.8  885.4  -534.8  363.0
-445.2  231.2  1304.4  678.1  -293.3  609.3
-205.2  123.6  1376.8  428.3  -236.8  747.4
-79.6  -15.6  1411.2  274.6  82.0  595.0
-42.8  -36.4  1348.4  348.8  160.3  333.3
-108.0  -95.6  1589.2  -21.8  -242.1  239.3
-121.2  -47.2  1446.0  332.0  39.7  101.7
-226.4  4.8  1551.6  43.6  -44.0  6.3
-186.4  87.2  1475.6  120.9  -67.2  -27.7
-151.2  124.8  1515.6  15.0  -47.3  27.2
-178.8  138.8  1461.2  50.9  -69.1  -54.2
-162.0  192.4  1494.0  36.8  -45.5  -8.0
-172.4  184.0  1483.6  42.1  -64.6  -32.0
-162.8  180.8  1462.4  -10.6  -57.2  20.5
-227.2  184.8  1493.2  -42.1  -67.6  38.1
-136.8  174.4  1493.2  -4.5  -40.6  6.8
-189.6  174.8  1486.0  38.2  -38.1  -20.2
-187.2  158.0  1472.0  32.6  -50.0  3.8
-196.8  166.0  1463.2  33.6  -60.3  -1.4
-185.6  177.6  1507.6  27.7  -46.3  -4.0
-203.6  167.2  1465.6  21.0  -38.8  3.0
-191.2  194.8  1492.8  35.8  -53.0  4.0
-220.4  185.2  1410.8  42.0  -69.6  5.0
-163.6  167.2  1470.4  28.4  -53.0  1.9
-188.8  185.2  1467.6  22.6  -53.1  5.1
-176.8  174.0  1459.2  -19.4  -55.0  17.2
-192.4  174.0  1474.4  33.0  -67.2  -33.1
-199.6  163.2  1475.2  -5.6  -66.3  5.5
-217.6  170.4  1448.0  18.1  -71.8  -6.6
-172.0  149.2  1487.6  -18.6  -59.3  13.8
-191.6  166.4  1480.4  36.0  -75.3  -8.2
-187.6  130.0  1472.8  33.2  -47.4  -10.7
-197.6  144.8  1470.8  26.3  -66.8  -8.7
-167.2  145.6  1490.0  13.2  -62.4  -11.4
-107.2  66.8  1493.2  19.3  -81.7  -61.9
-111.6  -140.8  1494.0  -115.1  -57.3  -199.5
-18.0  -438.8  1436.0  -443.5  194.7  -603.4
-141.2  -497.2  1451.6  -393.6  198.1  -716.5
-313.2  -184.4  1362.8  -176.5  314.8  -921.9
-660.4  137.2  1312.8  -515.9  174.3  -806.7
-471.2  258.8  1671.6  -487.7  -307.5  -420.2
-400.0  256.8  1660.4  -78.1  -12.3  -347.4
-556.4  246.4  1717.6  313.8  -176.0  2.5
-486.0  192.0  1560.8  681.7  -422.2  415.7
-352.0  142.8  1448.0  713.5  -273.0  649.6
-235.2  36.0  1350.8  471.8  -327.7  768.7
-52.0  -46.8  1328.0  335.2  44.7  597.7
-240.0  -55.6  1401.6  144.6  90.0  433.9
-156.4  -76.0  1428.4  96.5  -83.4  350.6
-113.6  -73.6  1612.4  40.3  6.6  191.6
-212.0  6.4  1441.6  178.2  -108.3  57.2
-156.8  22.8  1499.2  -5.5  -45.1  64.8
-214.4  86.8  1474.0  50.4  -73.9  8.3
-166.4  119.6  1476.4  22.5  -63.8  -2.6
-208.8  138.0  1442.0  47.3  -75.4  -3.9
-169.2  143.2  1509.6  4.0  -53.8  -2.7
-228.8  155.2  1448.0  27.1  -69.0  0.8
-189.2  142.0  1525.6  10.1  -43.5  17.6
-207.2  130.8  1476.4  2.0  -59.3  -10.0
-220.8  144.8  1482.0  39.0  -37.9  15.6
-212.4  146.4  1430.4  54.4  -40.3  12.2
-210.8  136.0  1496.4  1.3  -60.7  24.3
-211.6  151.6  1472.8  53.5  -50.7  -24.0
-208.4  129.2  1460.8  8.3  -53.9  2.3
-204.0  119.2  1495.6  26.7  -44.2  44.2
-195.2  122.4  1473.6  -13.6  -59.3  27.4
-172.0  132.4  1518.4  24.3  -50.8  5.8
-239.6  126.8  1473.2  32.3  -61.0  -16.0
-227.2  130.4  1472.8  16.4  -57.0  -2.1
-217.6  140.4  1484.0  -27.0  -73.8  26.3
-206.0  127.6  1502.8  -7.7  -53.7  17.8
-174.0  102.8  1462.8  -6.4  -47.1  1.1
-223.2  108.4  1497.6  -22.3  -49.6  -0.2
-226.8  123.6  1453.2  -18.1  -55.2  -2.6
-222.0  126.0  1524.0  -24.7  -70.0  51.1
-216.0  114.0  1450.4  -12.0  -77.2  41.3
-172.4  68.8  1462.0  -53.2  -67.5  26.9
-197.6  45.6  1456.0  -11.6  -65.9  -56.0
-242.4  40.8  1488.4  28.7  -48.9  -20.8
-194.8  7.6  1502.4  57.9  -40.3  -7.6
-196.0  64.4  1509.6  24.4  -102.3  -7.1
-194.4  75.2  1480.4  50.1  -66.3  -6.9
-228.4  100.0  1461.2  45.3  -67.5  -13.4
-175.6  68.4  1460.0  16.6  -64.5  -8.5
-199.6  31.6  1413.2  9.7  -86.2  -36.4
-104.0  -99.6  1412.8  -154.1  -1.6  -194.2
-73.6  -403.2  1364.0  -992.1  546.2  -937.7
-219.2  -696.8  1583.2  -699.8  616.9  -1110.3
-334.0  -652.4  1344.4  71.0  514.1  -840.9
-556.8  -343.2  1199.6  33.5  194.0  -708.2
-686.4  12.8  1281.2  -172.1  -290.0  -282.0
-707.6  218.0  1580.8  -45.8  -259.6  -225.9
-595.2  281.6  1825.2  403.8  -353.8  245.0
-600.4  281.6  1686.4  581.5  -540.5  333.6
-377.6  118.8  1510.8  755.3  -340.4  737.2
-256.0  20.8  1409.2  534.5  -378.8  727.7
-179.6  -69.2  1360.4  528.0  -0.8  626.9
-153.6  -144.8  1336.8  90.0  34.4  472.3
-171.2  -128.4  1507.2  59.6  -197.7  380.8
-161.6  -94.0  1472.4  129.9  25.2  94.1
-222.4  -56.4  1454.0  79.6  -52.8  65.0
-220.4  -8.8  1500.4  49.4  -73.3  -11.8
-240.8  48.4  1417.2  76.1  -84.5  -35.9
-227.2  73.2  1525.6  -7.1  -33.0  18.6
-238.0  112.8  1475.6  -1.0  -75.0  -9.4
-230.0  124.0  1522.4  -5.9  -24.0  24.2
-205.6  109.6  1466.4  25.6  -75.2  -28.9
-221.6  109.2  1508.4  15.3  -38.5  -8.3
-262.0  114.4  1449.2  34.4  -49.4  -8.2
-221.6  84.4  1462.4  30.9  -28.7  12.3
-255.6  101.2  1479.6  21.7  -47.2  11.9
-243.6  97.2  1468.8  2.7  -60.8  7.4
-240.4  88.8  1509.2  35.0  -68.1  34.2
-263.6  88.8  1456.0  6.3  -63.6  24.7
-215.2  86.8  1489.6  27.5  -58.9  16.9
-222.8  88.0  1489.2  26.7  -56.0  -6.4
-237.2  93.2  1486.4  18.6  -58.9  8.2
-251.6  86.4  1493.2  40.0  -62.4  1.6
-244.8  95.2  1430.0  42.6  -67.9  -24.7
-271.2  98.4  1466.0  38.3  -59.1  19.0
-242.0  86.8  1452.0  24.6  -60.9  28.0
-215.2  89.6  1504.4  50.9  -48.6  14.7
-251.2  82.4  1477.2  21.0  -67.7  5.1
-234.0  110.4  1414.0  42.5  -66.8  -5.7
-271.6  92.0  1490.4  4.7  -46.1  4.8
-248.0  101.6  1470.8  34.4  -61.5  10.0
-246.4  97.6  1471.6  4.9  -77.7  -22.6
-230.0  87.6  1438.0  -56.4  -86.5  -7.8
-228.8  80.4  1449.6  -111.9  -110.3  -39.2
-223.6  46.0  1391.6  -287.5  -129.7  -110.2
-144.0  -95.2  1556.4  -41.6  -61.0  -60.5
-29.6  -320.4  1561.2  -177.7  -31.2  -203.0
-146.8  -563.6  1659.6  185.0  237.4  -417.0
-24.4  -602.4  1152.8  -26.1  751.6  -986.6
-338.4  -462.4  998.0  -750.4  784.0  -1151.2
-781.2  107.6  1486.4  -608.8  303.6  -945.7
-996.0  347.6  1800.0  -241.8  -454.2  -452.5
-640.8  184.8  1700.4  274.2  -164.6  57.5
-647.2  137.6  1490.8  731.7  -445.9  212.5
-466.8  60.4  1492.4  750.0  -504.6  669.9
-387.6  100.8  1351.6  764.0  -463.7  744.8
-245.2  -19.2  1415.2  420.6  -55.7  658.5
-177.6  -94.0  1432.0  257.2  19.2  636.7
-183.6  -128.0  1465.6  60.2  -40.2  395.0
-230.4  -90.0  1483.2  110.9  -121.0  244.0
-206.0  -65.2  1506.4  53.4  -29.8  77.7
-240.4  -31.6  1470.0  0.8  -63.6  60.9
-238.0  -4.0  1498.0  0.7  -72.1  -6.4
-267.6  66.4  1437.6  3.3  -77.0  -33.1
-252.8  118.0  1468.8  9.5  -89.7  -15.3
-276.8  134.0  1505.6  36.2  -56.3  2.5
-272.4  122.4  1455.2  22.9  -38.0  -9.8
-264.8  98.4  1489.2  -6.1  -69.5  10.3
-261.2  111.2  1433.2  19.5  -56.8  -4.1
-255.2  80.0  1506.4  4.8  -37.9  45.6
-282.4  103.6  1445.6  47.2  -59.0  -10.0
-270.0  75.6  1465.2  5.5  -41.7  34.0
-275.6  93.2  1427.2  39.3  -63.9  -24.6
-269.2  92.4  1522.4  29.5  -53.5  7.6
-262.4  99.6  1484.8  49.9  -56.1  -13.3
-227.6  96.8  1504.4  75.3  -23.9  -28.4
-276.0  111.6  1452.4  63.0  -38.4  -27.2
-282.0  99.2  1466.0  12.0  -58.1  5.7
-268.4  92.8  1466.0  23.2  -60.0  11.8
-293.2  81.6  1424.8  15.3  -74.9  -22.7
-272.0  89.6  1459.6  -12.4  -55.4  32.6
-276.0  92.8  1468.4  18.8  -68.4  -6.6
-252.4  74.0  1500.4  22.0  -46.2  -1.8
-270.4  63.2  1437.6  -10.7  -62.5  -15.7
-259.6  93.2  1452.4  -34.7  -56.5  -29.5
-258.4  89.6  1434.4  -95.9  -60.1  -51.3
-272.8  58.4  1456.4  -107.2  -76.5  -44.9
-252.8  19.6  1492.4  -75.6  -63.2  -55.5
-232.8  -59.6  1474.8  -36.7  -38.4  -64.5
-175.2  -160.0  1445.2  -122.3  -50.0  -135.8
-218.8  -341.6  1519.6  -215.8  141.2  -366.5
-167.2  -479.2  1409.6  22.3  394.5  -558.4
-164.0  -507.2  1212.0  -270.4  749.4  -1037.1
-520.8  -449.2  1238.0  -756.8  1000.7  -1474.5
-923.2  -136.8  1228.8  -446.9  -34.9  -909.9
-906.8  -3.2  1584.8  -376.0  -340.8  -191.8
-644.4  -22.4  1734.4  521.0  -329.3  173.1
-707.2  35.6  1701.6  436.7  -171.0  204.4
-697.2  13.6  1496.4  941.2  -597.5  726.1
-348.0  38.8  1520.0  678.9  -685.0  945.7
-320.8  24.8  1400.4  653.0  -362.2  891.3
-180.0  -76.4  1318.8  389.7  -82.5  632.5
-286.8  -85.2  1186.8  104.4  22.1  449.6
-206.0  -112.0  1458.8  73.7  -156.2  285.4
-248.0  -83.2  1492.4  21.4  -120.7  148.6
-261.2  -28.4  1457.6  62.7  -66.4  116.8
-209.2  -33.2  1467.6  -7.2  -62.3  33.1
-283.6  48.8  1456.0  52.6  -87.6  6.1
-207.2  66.8  1472.8  -14.8  -77.8  11.3
-306.4  106.0  1498.8  79.0  -93.1  -16.6
-234.8  111.6  1480.0  29.8  -71.2  50.4
-234.8  118.8  1476.4  39.4  -51.7  -11.1
-254.0  106.0  1457.6  19.7  -62.5  10.9
-234.8  107.2  1509.2  10.2  -55.7  25.3
-241.2  106.4  1438.8  16.4  -41.0  -20.6
-283.6  104.0  1488.0  21.9  -61.6  17.3
-224.8  94.0  1482.4  34.1  -56.8  -13.6
-278.0  85.2  1440.8  40.4  -68.6  -3.2
-256.8  103.2  1476.4  50.1  -58.8  10.6
-246.8  104.0  1506.8  48.2  -70.1  33.3
-235.2  105.6  1449.2  15.2  -67.9  -2.7
-246.8  100.0  1481.2  33.9  -52.3  17.0
-240.0  102.0  1462.4  30.9  -65.7  -8.1
-276.4  93.6  1481.6  3.7  -68.1  2.3
-253.6  103.6  1454.8  18.0  -66.3  5.3
-240.8  100.8  1468.0  11.9  -69.1  15.6
-238.4  112.8  1466.4  26.5  -81.4  3.0
-243.6  91.6  1492.0  -3.7  -75.8  34.2
-225.2  110.8  1469.2  35.5  -74.6  13.2
-246.4  102.0  1503.2  20.2  -78.6  16.0
-211.2  34.4  1465.6  4.7  -69.4  23.5
-216.0  13.2  1463.2  17.5  -108.7  -50.9
-274.8  73.2  1513.2  -11.4  -93.7  -8.1
-188.4  91.6  1535.2  34.0  -54.5  -17.2
-259.6  106.0  1465.6  31.3  -55.4  -17.0
-208.8  84.0  1466.0  38.6  -44.9  -16.1
-279.6  87.2  1436.0  33.6  -64.4  -15.5
-225.6  34.4  1444.4  -1.0  -81.1  -10.1
-196.8  -41.6  1470.0  -50.7  -125.1  -30.0
-116.0  -312.0  1522.8  36.3  -124.5  -111.6
-42.0  -606.0  1383.2  23.5  -63.0  -387.4
-27.2  -582.4  1370.0  -149.9  306.4  -939.4
-269.6  -243.2  1394.4  -309.3  291.4  -1125.9
-648.0  208.4  1577.2  -486.9  56.8  -1135.7
-676.8  472.0  1804.4  -180.4  -8.2  -686.5
-505.6  468.4  1717.6  288.8  -80.6  -203.0
-459.6  322.4  1564.8  483.7  -293.3  180.6
-466.0  250.4  1536.8  502.5  -384.5  510.9
-487.6  224.0  1323.6  625.2  -333.8  741.1
-183.2  54.0  1455.6  478.2  -222.1  914.9
-106.8  -30.8  1338.0  284.2  61.6  664.7
-117.6  -47.2  1408.4  199.8  206.0  523.4
-173.6  -6.4  1462.0  138.0  148.9  357.4
-172.0  -35.2  1408.4  61.5  -28.2  242.9
-166.0  -1.6  1483.6  -83.7  17.6  188.8
-192.4  38.8  1508.8  23.4  -20.3  86.3
-167.6  75.2  1497.6  -11.9  -27.3  65.9
-192.4  136.4  1481.6  6.0  -111.2  -7.9
-176.4  149.2  1542.8  -13.6  -57.4  22.6
-212.8  178.4  1501.2  45.1  -59.4  -22.4
-218.0  171.2  1443.6  9.1  -72.8  -9.1
-217.6  132.8  1509.6  14.7  -47.0  12.8
-189.2  146.8  1465.6  34.4  -66.6  -10.2
-212.0  162.4  1476.8  40.8  -53.8  16.6
-221.2  145.2  1454.0  18.7  -67.1  10.0
-210.8  154.4  1466.0  20.0  -49.1  24.6
-192.4  156.0  1462.4  19.1  -50.8  21.3
-226.0  166.8  1462.0  30.4  -43.2  28.9
-196.4  166.0  1518.8  48.1  -40.6  -5.8
-230.0  142.8  1457.2  52.8  -53.3  8.5
-228.4  139.2  1461.2  27.4  -52.4  24.1
-186.4  131.2  1484.8  33.8  -63.5  -5.0
-212.4  171.6  1496.0  21.2  -52.1  15.1
-196.0  156.4  1481.6  27.8  -69.7  -16.0
-210.4  161.6  1509.6  34.9  -53.4  -9.6
-204.8  177.2  1471.6  21.9  -58.3  -22.3
-217.6  150.0  1458.0  22.8  -49.9  -15.4
-222.4  140.4  1463.6  9.3  -62.4  2.8
-200.4  128.0  1474.8  21.5  -67.6  -0.4
-230.4  158.0  1481.6  13.6  -66.0  -6.3
-229.2  151.2  1476.4  11.9  -62.6  -4.3
-236.0  134.4  1440.8  14.1  -68.2  -34.3
-230.8  118.0  1485.2  9.7  -15.6  1.6
-198.0  29.6  1434.0  7.3  -79.9  -40.3
-110.0  -60.8  1543.2  -130.0  -72.0  -116.4
-53.6  -295.6  1566.4  110.6  51.0  -253.7
-62.8  -359.2  1396.0  -149.9  160.2  -584.4
-202.8  -301.6  1355.6  -141.4  245.6  -816.4
-345.6  -125.6  1321.6  -449.0  203.3  -982.8
-464.0  -27.6  1551.6  -650.9  -32.4  -1080.5
-693.6  370.8  1684.8  -272.8  93.9  -788.1
-754.4  446.0  1822.4  183.8  -252.3  -154.8
-557.2  324.4  1552.0  570.2  -338.6  277.3
-414.0  194.8  1470.0  577.8  -450.7  565.7
-180.4  70.8  1474.0  545.9  -191.0  739.3
-204.4  72.8  1420.8  422.6  -228.7  746.8
-87.2  -14.8  1436.4  238.1  36.2  636.4
-166.0  -10.8  1483.2  153.2  107.6  549.9
-92.4  -57.6  1432.4  174.5  112.0  423.8
-159.6  -26.8  1513.2  -3.3  -30.3  241.3
-200.4  46.4  1447.6  20.2  -35.6  170.4
-136.0  35.6  1485.6  -5.7  -21.5  88.4
-228.0  76.0  1466.8  3.4  -42.8  39.1
-203.6  110.8  1450.8  -22.0  -61.6  24.1
-217.6  143.2  1502.0  4.4  -29.0  41.1
-229.2  154.0  1483.2  -28.5  -28.7  62.5
-188.0  128.0  1510.0  1.9  -47.1  14.4
-212.8  122.4  1501.2  55.4  -47.4  -9.5
-226.8  122.4  1476.0  25.1  -47.2  0.9
-214.0  129.2  1491.2  9.2  -48.8  -5.6
-246.0  144.8  1438.8  20.2  -48.1  3.1
-196.0  136.8  1476.0  27.2  -65.4  13.8
-234.0  145.2  1461.6  39.6  -54.9  -9.4
-261.6  138.4  1502.8  50.9  -49.4  -18.9
-279.2  135.2  1473.6  3.7  -48.1  11.8
-246.4  140.4  1424.8  31.6  -72.8  33.7
-218.8  110.0  1498.0  12.1  -35.2  43.2
-224.8  128.0  1465.2  32.2  -73.3  -19.3
-236.8  137.2  1501.6  28.7  -56.7  -3.4
-241.6  143.2  1479.6  31.8  -59.8  -9.2
-214.0  125.6  1437.2  18.2  -59.0  -8.2
-241.2  136.0  1464.8  8.0  -81.6  -16.0
-245.6  130.8  1470.8  46.2  -57.6  -22.3
-244.8  136.0  1462.8  41.1  -56.5  -6.7
-270.0  137.6  1462.0  12.9  -67.2  11.4
-214.4  108.4  1480.8  13.8  -63.1  21.5
-216.8  131.6  1496.0  30.6  -15.8  -13.4
-182.4  126.8  1502.8  20.8  -49.6  -12.7
-220.8  134.4  1470.4  17.0  -56.6  -24.5
-224.4  112.0  1456.0  7.8  -54.5  -18.3
-180.8  71.2  1480.8  -17.4  -60.3  -26.5
-142.8  -36.8  1433.6  -110.6  -99.2  -140.1
-123.2  -260.4  1330.8  -599.2  -25.1  -477.0
-107.2  -551.6  1565.2  -472.3  258.3  -589.3
-120.0  -566.0  1386.4  -85.8  91.3  -712.6
-363.2  -372.4  1296.8  -150.8  236.4  -966.0
-522.4  -97.6  1390.8  -175.6  -36.2  -844.9
-505.2  230.4  1608.4  -143.6  31.2  -782.3
-708.8  398.8  1934.4  -32.7  -224.8  -341.1
-593.6  357.2  1718.8  698.4  -310.6  296.3
-437.2  235.2  1535.6  742.4  -465.4  571.7
-332.4  138.4  1373.2  673.3  -378.7  845.6
-118.0  38.0  1356.0  466.9  -217.6  751.5
-94.4  -4.4  1370.0  145.9  28.0  638.6
-136.0  -40.8  1474.8  167.5  67.4  545.1
-82.4  -13.6  1479.2  133.4  174.7  394.4
-133.6  -40.8  1466.0  -31.6  -69.5  271.1
-242.0  -3.2  1484.4  -9.2  16.1  142.9
-151.2  -11.2  1417.2  -79.7  -40.5  47.3
-242.8  38.0  1527.2  4.7  -19.5  -13.0
-156.0  92.0  1540.4  -51.0  -61.7  2.4
-200.8  143.6  1515.6  15.3  -64.8  -18.1
-172.4  142.8  1544.4  7.5  -55.9  8.9
-226.4  150.0  1470.4  19.6  -63.7  -9.8
-201.6  129.2  1472.0  43.2  -36.5  -8.0
-214.0  125.6  1470.4  23.2  -57.6  -1.0
-232.0  119.6  1453.6  49.3  -26.2  12.9
-203.2  122.8  1479.6  9.4  -44.4  13.6
-218.0  127.2  1486.0  38.7  -41.8  12.5
-186.0  112.8  1512.8  17.0  -76.3  2.5
-201.2  114.8  1459.6  40.7  -54.0  -8.5
-236.0  119.2  1465.2  26.4  -66.4  -3.0
-192.8  133.6  1476.4  36.3  -56.5  5.9
-236.4  150.8  1488.0  28.3  -76.8  8.7
-200.0  125.6  1494.0  11.6  -53.4  12.2
-199.2  145.6  1502.8  33.3  -48.2  7.9
-244.4  121.6  1465.6  31.0  -67.5  7.6
-212.8  118.4  1446.4  5.3  -58.0  20.3
-226.8  119.2  1436.4  19.3  -60.4  6.6
-197.6  86.0  1500.0  -7.2  -68.4  23.9
-221.2  152.8  1443.6  24.2  -63.6  -43.1
-245.2  162.0  1558.4  -61.8  -30.9  -54.5
-299.6  190.4  1470.8  16.9  -25.0  -55.5
-171.6  86.8  1452.0  -112.7  -43.4  -0.8
-212.4  -58.8  1444.0  -34.2  78.7  -29.9
-180.0  -125.6  1443.6  -62.7  -156.5  -46.9
-310.4  87.2  1587.2  -34.2  -160.0  -37.9
-246.4  142.4  1495.2  89.8  14.8  -5.6
-231.6  91.6  1418.4  5.6  -42.2  12.6
-214.8  68.8  1459.6  94.5  -73.0  -27.3
-258.8  72.8  1437.2  60.6  -74.3  -3.1
-217.6  39.2  1480.8  101.6  -74.1  0.7
-197.6  -17.6  1467.2  -50.8  -93.7  -6.3
-60.0  -225.6  1509.6  11.5  173.8  -319.6
16.8  -720.0  1309.6  -353.6  689.5  -994.5
-180.4  -903.2  1093.2  -709.7  310.8  -1194.6
-588.4  -511.2  1446.4  -471.8  363.9  -879.9
-852.8  114.4  1537.6  -884.8  -259.1  -937.5
-822.0  316.8  1951.2  191.7  123.9  -349.3
-568.8  310.0  1742.8  520.7  -370.8  119.7
-592.0  231.6  1522.4  823.4  -553.9  374.1
-462.0  153.6  1524.0  778.9  -536.2  688.6
-293.6  52.8  1374.4  819.9  -400.0  846.3
-181.6  -32.4  1420.8  385.5  -171.3  713.7
-140.0  -82.8  1376.0  412.9  -40.7  590.8
-184.4  -78.8  1477.2  123.7  102.2  453.6
-93.6  -84.8  1416.8  193.7  64.5  256.5
-196.4  -52.0  1432.4  -43.5  -57.2  124.4
-164.8  2.4  1457.2  2.2  35.8  63.4
-196.0  28.4  1464.4  -116.4  -15.7  6.3
-204.4  84.8  1518.8  -18.4  -45.5  -12.0
-174.8  122.8  1561.6  -38.0  -23.5  -39.3
-263.2  115.2  1444.8  53.5  -93.5  -47.7
-225.2  114.4  1452.4  22.0  -72.5  -22.7
-224.0  111.6  1482.0  29.0  -65.3  13.8
-236.0  111.6  1464.0  -20.3  -110.6  -11.0
-244.4  109.2  1456.4  -19.8  -98.2  58.2
-270.4  107.6  1485.6  -66.2  -75.6  91.2
-276.4  73.6  1462.4  -96.8  -69.6  151.6
-209.6  38.4  1471.2  -202.3  -38.4  160.8
-170.8  32.4  1507.2  -183.2  -16.5  82.5
-132.8  33.2  1489.2  -98.3  -102.2  15.9
-147.2  49.2  1531.6  -12.4  -120.1  -4.2
-206.4  57.6  1512.0  183.6  -143.8  -73.1
-205.2  55.6  1525.2  220.1  -176.6  -112.6
-193.6  59.2  1436.0  418.9  -231.3  -119.2
-202.4  94.8  1356.8  239.8  -228.1  -73.1
-142.0  125.6  1502.4  103.7  -123.3  -7.9
-187.2  166.8  1457.2  158.0  -146.9  -0.7
-110.0  160.0  1491.6  132.4  -176.9  74.6
-81.6  192.8  1463.2  137.0  -138.6  34.1
-70.4  198.0  1461.2  169.3  -134.6  52.9
-38.8  184.0  1462.8  10.4  -79.6  -9.0
-92.0  199.2  1540.4  64.1  -96.3  25.9
-24.8  192.0  1593.6  40.4  -87.7  -11.5
-88.4  212.4  1519.6  66.3  -100.1  -56.7
-27.6  206.8  1557.6  71.2  -81.4  -43.7
-115.2  204.4  1481.6  60.1  -82.6  -61.8
-45.6  184.8  1494.8  14.5  -84.5  47.1
-57.2  228.8  1440.0  23.8  -68.6  -59.1
-56.4  203.2  1457.6  -9.9  -107.2  -1.5
-98.0  196.0  1419.2  -90.9  -65.7  -40.0
-48.8  220.0  1556.0  -20.6  -76.8  -36.6
-21.6  166.8  1476.4  -17.8  -28.5  -109.2
-48.4  190.0  1565.6  117.5  -59.9  -45.4
-106.8  176.4  1454.0  -15.2  -89.1  -40.6
-83.6  156.4  1514.4  38.5  -34.4  19.0
-73.6  166.8  1524.8  39.3  -8.3  -7.0
-75.6  176.4  1474.0  23.3  -101.6  -10.9
-50.8  120.0  1524.0  -35.6  -123.4  8.2
-62.8  164.0  1538.0  37.3  -32.7  -25.2
-51.2  152.0  1494.0  21.3  -65.0  -39.2
-67.2  169.2  1470.0  -29.1  -82.1  -30.3
-42.0  159.6  1520.0  -6.0  -60.5  -42.2
-93.6  143.2  1474.4  11.2  -50.8  -34.8
-46.0  154.8  1446.0  64.1  -91.6  -54.9
-66.4  142.0  1554.4  22.9  -94.5  -36.5
-45.6  142.0  1437.2  87.0  -89.7  -75.6
-62.4  146.0  1505.2  20.1  -88.4  -50.1
-45.2  136.0  1485.6  47.6  -86.5  -48.8
-15.2  122.4  1555.6  36.7  -90.0  -41.8
-99.2  146.0  1448.8  85.5  -74.2  -49.3
-64.4  158.8  1469.6  43.6  -105.1  1.4
-46.0  135.6  1498.4  -16.3  -86.1  73.9
23.6  144.0  1569.2  7.4  -77.6  53.7
4.4  133.2  1549.6  62.9  -55.7  -7.4
-60.4  128.8  1477.6  73.3  -15.8  -39.5
-104.8  140.0  1418.8  11.1  7.8  36.0
-20.4  142.4  1495.6  -48.5  6.4  45.3
17.2  116.0  1503.2  -16.5  -32.9  40.5
-41.2  116.4  1450.0  32.0  -47.1  4.0
-89.2  139.2  1498.0  58.3  -83.6  28.5
32.8  115.2  1518.0  99.7  -112.8  11.0
-12.0  158.8  1541.6  129.6  -130.3  -45.9
