-5.6  0.4  1424.4  -105.8  -69.8  261.7
-97.6  -34.8  1379.6  -70.4  -180.9  173.4
-6.0  -66.4  1476.4  -46.4  -255.9  139.2
-19.6  13.6  1550.4  -97.7  -242.1  55.1
-31.6  -73.6  1554.8  102.2  -142.2  33.9
-10.0  -33.2  1492.0  16.0  -165.4  36.0
55.6  -70.8  1534.0  39.8  -166.4  81.1
18.4  -33.2  1511.2  36.8  -63.6  9.3
44.4  -36.0  1478.0  55.0  -105.6  33.9
12.0  -38.4  1515.6  -5.8  -109.6  -9.0
6.0  -46.8  1504.8  95.3  -72.3  9.6
54.8  -74.0  1458.0  6.3  -129.1  13.3
43.2  -66.8  1549.2  -0.7  -92.4  -13.5
84.0  -116.0  1469.2  63.0  -104.5  18.0
54.0  -73.6  1495.2  -38.0  -130.7  -26.9
48.0  -86.4  1561.2  21.5  -112.2  12.0
67.6  -52.4  1503.6  57.2  -152.1  -4.3
139.2  -94.4  1479.6  -15.0  -160.7  -8.9
69.2  -80.8  1531.6  -31.8  -141.9  10.2
111.2  -83.6  1591.2  -38.8  -125.4  1.9
114.0  -91.6  1535.2  66.3  -44.8  -9.6
168.0  -110.4  1494.8  -0.8  -95.3  -17.5
94.8  -106.0  1506.0  16.7  -87.1  -16.7
117.2  -126.8  1485.2  -32.4  -120.0  7.2
92.4  -109.2  1480.8  8.7  -107.6  -6.1
130.0  -116.4  1504.0  -18.7  -112.5  21.7
133.6  -99.2  1518.0  24.7  -92.6  -19.3
137.2  -118.4  1494.8  34.1  -84.4  -15.0
128.8  -124.0  1494.4  31.9  -78.8  -14.4
131.2  -138.0  1531.2  0.8  -86.0  -5.9
155.2  -118.0  1495.6  42.7  -89.8  -31.1
150.8  -124.4  1503.6  14.4  -95.5  -17.7
192.4  -107.6  1539.6  -24.5  -82.0  -8.7
180.8  -174.8  1576.8  -43.3  -56.8  -24.1
212.0  -137.2  1645.6  -83.4  54.3  0.4
224.0  -199.6  1990.8  -91.7  419.7  -22.8
342.0  -201.2  2220.0  322.7  697.0  -59.1
34.0  -162.4  1798.4  342.4  348.4  -127.9
-78.0  -193.6  1733.6  676.7  154.5  -204.2
-300.4  9.2  1037.2  599.5  -42.2  -103.4
-318.4  101.2  1078.8  318.2  -332.8  -32.2
-67.6  142.0  974.0  30.3  -629.1  25.4
12.0  151.2  1060.4  -108.6  -261.1  -170.6
76.8  26.8  1037.6  -160.8  85.5  -18.4
-59.2  17.6  1175.2  -137.2  438.4  -111.3
-191.2  18.8  1280.8  42.7  780.9  -95.0
-208.0  66.4  1341.2  -83.1  543.8  58.8
-308.8  44.4  1424.8  2.9  392.3  -23.3
-255.6  96.4  1410.0  -193.8  -451.4  60.1
-88.0  -33.6  1532.0  -321.6  -876.6  -7.4
-190.4  -58.0  1591.6  -116.9  -684.4  122.3
-57.6  -82.8  1496.8  -101.7  -423.3  177.3
-24.0  -97.6  1578.0  -148.0  -412.6  155.0
185.2  -197.2  1848.8  -10.9  -764.0  96.2
108.8  -135.6  1833.6  128.0  -159.7  -20.5
106.4  -133.2  1532.4  260.5  87.8  -41.2
22.4  -90.8  1516.4  87.3  182.0  -58.6
78.0  -119.2  1395.2  92.6  80.9  -22.3
32.8  -85.2  1494.4  -27.5  -64.3  -133.9
-8.8  -66.0  1526.4  26.9  -30.6  -29.9
25.2  -74.8  1525.2  -38.6  -49.8  -35.2
24.0  -82.4  1503.6  19.4  -7.4  6.9
-5.6  -74.8  1500.8  -28.1  -4.3  -18.9
7.6  -72.0  1539.2  -0.2  33.3  -53.0
16.0  -92.4  1467.6  21.3  18.1  -83.5
4.8  -85.2  1474.0  -1.4  -43.9  -112.5
36.4  -101.6  1505.6  98.6  -43.9  -130.0
34.8  -120.4  1530.4  -4.1  -101.4  -134.9
-27.6  -113.2  1473.2  39.3  -59.2  -127.4
-94.8  -77.2  1513.2  -6.7  -57.2  -53.1
32.0  -118.4  1442.0  52.8  -10.3  -72.2
-31.6  -120.8  1443.2  -67.9  -139.7  6.3
42.8  -115.6  1525.2  -7.4  -92.7  -27.0
-47.2  -123.2  1627.2  97.0  -116.2  -10.6
36.0  -160.4  1432.0  55.9  -127.2  -39.1
1.2  -87.6  1494.0  -10.1  -140.2  -35.2
18.0  -57.6  1534.0  62.0  -83.8  -125.8
9.2  -108.0  1534.4  81.9  -76.6  -135.3
48.8  -103.2  1512.4  94.1  -79.4  -133.9
-51.2  -89.2  1474.0  83.8  -79.0  -134.3
76.8  -103.6  1603.6  72.5  -47.7  -83.5
53.2  -80.4  1503.2  140.5  -45.5  -124.5
36.4  -67.2  1510.0  -20.5  -54.8  -96.0
40.8  -80.8  1520.8  88.8  -30.4  -81.4
14.8  -74.8  1502.4  212.5  -31.9  -125.4
26.8  -31.6  1484.8  134.2  -17.8  -127.4
5.6  -18.8  1446.0  116.6  -82.3  -140.6
21.6  -24.0  1458.8  -5.8  -121.9  -46.5
61.6  -46.0  1554.0  72.4  -130.9  -43.0
27.6  -14.4  1490.4  7.9  -78.5  -85.2
38.4  22.4  1526.4  97.4  -121.1  -111.0
30.4  -49.2  1504.8  82.3  -98.2  -164.6
71.2  4.0  1508.8  77.5  -126.3  -127.7
79.6  -20.0  1569.6  -20.6  -74.6  -57.7
-10.4  47.2  1441.6  105.1  -14.0  -107.7
74.0  -46.0  1435.2  27.2  -128.2  -91.0
28.0  14.8  1501.6  142.3  -132.9  -45.9
99.6  49.2  1509.6  77.4  -134.0  -100.5
112.8  2.8  1512.4  180.3  -177.4  -148.6
148.4  40.8  1566.4  31.8  -156.9  -76.3
143.6  3.2  1499.6  -85.0  -73.8  -36.9
72.0  -12.4  1438.4  67.9  -140.0  -66.5
128.8  51.6  1545.6  161.1  -84.0  -133.1
137.2  82.4  1492.4  140.4  -31.7  -55.1
115.2  66.4  1508.4  56.4  -89.1  -50.0
115.2  25.2  1493.2  -53.2  -86.4  -32.1
100.4  40.4  1510.8  31.1  -84.0  -79.4
161.2  24.0  1480.4  37.8  -123.5  -64.7
106.0  17.6  1537.6  120.8  -135.8  -88.0
128.8  80.0  1499.6  112.4  -74.5  -116.6
130.0  26.0  1471.6  9.0  -145.6  1.2
163.2  31.2  1492.4  9.7  -135.2  25.1
206.0  22.0  1536.0  -0.6  -122.4  94.3
207.2  16.0  1476.8  -56.6  -41.2  63.6
112.0  72.8  1464.0  -15.7  -49.0  -14.1
194.8  14.4  1490.4  37.5  -99.9  -97.3
181.6  35.2  1560.8  -6.4  -73.7  -4.5
193.6  -6.8  1551.6  -45.3  -44.3  38.1
113.6  0.8  1468.0  -171.6  -81.0  105.1
161.6  6.8  1506.0  -16.6  -43.7  -11.2
156.0  -70.8  1418.4  22.2  -138.1  121.8
231.2  -26.8  1598.0  64.0  -116.1  76.7
222.0  -48.0  1486.8  143.1  -121.3  -49.5
225.2  -32.8  1481.2  175.3  -199.7  12.3
166.0  73.6  1510.8  116.5  -149.2  -91.4
246.8  63.2  1546.0  3.9  -103.6  -90.9
251.6  36.0  1601.2  -137.6  27.0  66.2
225.2  -10.4  1530.0  37.4  58.6  80.5
156.4  -11.2  1546.4  -31.3  62.7  166.9
214.0  -76.0  1423.6  109.7  1.4  172.6
193.2  5.2  1469.6  -0.9  -145.2  322.4
234.8  26.4  1474.8  138.6  -216.6  54.9
186.4  12.4  1554.8  -160.2  -110.2  129.0
233.2  -41.2  1493.6  -14.2  -192.1  117.9
159.2  0.4  1587.2  119.0  -178.3  178.6
188.4  41.6  1531.2  -33.2  -1.8  -151.2
280.0  -20.4  1554.0  -44.2  -7.9  37.8
225.2  -48.0  1480.8  22.3  -66.0  159.6
267.2  -28.0  1508.8  35.7  -54.2  173.8
277.6  -22.8  1489.6  80.6  -73.4  141.8
249.6  -6.4  1426.4  141.8  -150.0  173.7
266.8  -72.8  1507.6  -104.0  -74.9  11.7
242.0  -47.6  1493.6  -183.7  -55.2  -136.0
201.6  -36.8  1505.2  -200.0  10.9  -108.0
266.4  -97.6  1502.0  -116.9  56.7  -204.4
203.6  -154.4  1485.6  96.4  82.8  -176.5
200.0  -89.2  1459.2  271.0  -171.7  -157.6
189.6  -96.8  1398.4  395.3  -424.8  -28.8
305.2  6.4  1630.8  -14.0  -199.1  238.9
249.6  -96.4  1712.4  -143.0  194.2  -2.5
245.6  -38.4  1445.2  -106.3  157.4  10.7
123.2  -200.0  1568.8  -318.1  128.2  76.7
94.8  -161.2  1501.2  -24.9  222.9  -126.8
61.6  -151.6  1400.0  -33.2  85.7  -140.8
56.4  -154.4  1418.0  -122.0  -42.8  40.2
132.0  -114.0  1413.2  94.5  -137.4  -3.7
117.6  -56.4  1544.8  -102.8  -221.3  64.9
204.0  -98.4  1426.0  53.8  -272.8  106.8
152.0  -137.6  1602.0  -139.7  -193.4  117.4
208.8  -190.0  1450.0  122.1  -115.1  -11.7
154.4  -234.8  1407.6  -140.5  -248.7  88.4
319.6  -222.4  1547.6  -5.6  -223.6  -25.2
222.0  -218.8  1606.4  -130.4  -125.5  126.7
363.6  -305.2  1716.4  -35.5  100.7  116.7
326.4  -491.6  2177.2  -22.2  682.3  211.6
76.8  -466.4  2606.4  431.4  1324.7  -94.8
-176.0  -252.4  1934.4  720.4  287.5  -80.3
-216.0  -184.0  980.4  572.1  -784.6  -126.5
-119.6  8.0  588.0  228.6  -1340.7  -218.2
259.6  44.8  708.4  181.5  -788.5  -372.9
227.6  130.0  775.6  137.4  -375.1  -392.2
103.6  174.0  938.0  15.0  33.4  -273.6
56.0  176.8  1174.8  79.6  642.7  1.1
-75.2  66.0  1636.0  -127.6  1057.5  116.0
-168.0  129.2  1575.2  169.8  840.9  164.2
-173.6  1.6  1692.4  -210.6  468.4  236.5
-106.0  -54.8  1450.8  -195.1  238.4  157.4
-135.6  -56.4  1536.4  -304.4  -198.4  51.2
-118.8  -108.8  1606.0  -298.2  -676.9  397.9
-72.4  -89.6  1644.0  -222.1  -903.2  -4.3
88.8  -238.4  1571.2  -216.7  -628.5  253.0
110.8  -133.6  1742.4  157.0  -427.6  116.8
262.0  -179.2  1687.2  37.0  -198.9  67.5
87.2  -113.6  1662.0  365.7  -132.2  -47.0
166.8  -114.0  1503.6  50.5  -56.6  -31.5
177.6  -92.0  1522.0  133.2  -4.3  -89.9
120.0  -78.8  1461.6  70.0  -63.3  4.1
114.8  -121.2  1502.8  -40.3  -75.1  45.7
149.6  -149.6  1528.0  9.1  -50.9  17.2
120.8  -116.0  1505.6  7.9  -36.2  -26.2
195.2  -98.0  1573.2  47.6  0.5  -41.1
106.0  -92.8  1482.4  5.5  -68.6  -28.9
85.2  -80.8  1457.2  70.1  -32.2  -56.9
83.6  -91.2  1522.0  -73.5  -72.0  29.7
150.4  -114.0  1476.4  72.3  -26.9  -18.3
54.4  -105.2  1482.8  -15.7  -94.0  -10.2
152.0  -118.8  1510.4  20.6  -45.3  10.1
88.4  -117.6  1502.4  -21.3  -57.7  -16.8
172.0  -115.2  1556.0  44.3  -47.8  -7.5
120.4  -139.2  1465.2  12.9  -81.3  -37.3
132.8  -130.0  1510.8  38.8  -41.7  -10.6
88.0  -118.8  1517.6  29.6  -72.6  -31.2
141.2  -116.4  1535.2  31.6  -46.9  -10.8
112.0  -132.0  1462.0  2.4  -88.5  -21.5
140.4  -124.4  1525.6  26.4  -37.7  -23.0
128.4  -104.0  1475.2  23.2  -66.5  -31.9
84.8  -126.8  1480.8  15.7  -79.9  -3.8
148.0  -127.2  1491.2  38.4  -54.0  -18.7
112.8  -130.8  1481.2  25.4  -77.7  -4.6
174.0  -137.6  1526.8  16.3  -35.2  0.0
112.8  -130.0  1540.4  16.1  -80.5  -23.3
124.4  -148.8  1480.4  37.7  -55.4  5.8
105.6  -152.4  1467.6  -21.6  -112.0  5.7
140.0  -150.4  1550.4  15.3  -76.9  -3.5
124.0  -142.4  1514.0  21.6  -64.6  -12.7
132.8  -177.2  1470.8  22.5  -78.2  -3.7
127.2  -151.2  1489.2  -36.4  -91.7  -15.7
156.4  -144.4  1523.2  -7.0  -84.1  -3.5
158.8  -167.2  1483.6  -16.9  -100.5  -23.5
103.6  -170.4  1485.2  3.0  -88.1  7.0
132.4  -181.2  1481.6  -28.7  -104.9  16.8
150.8  -181.2  1474.4  -41.7  -123.6  28.3
176.4  -187.2  1435.6  -30.4  -154.9  -21.8
172.0  -204.8  1512.8  -54.5  -180.8  37.9
300.4  -252.8  1746.8  61.9  -75.9  79.4
470.4  -414.0  2026.4  -67.2  461.9  43.1
174.4  -312.4  2477.2  295.9  1020.3  -266.0
-11.6  -330.8  2140.0  602.4  869.0  -331.3
-321.2  -172.0  1197.6  534.2  234.4  -315.7
-294.4  18.8  928.8  -106.1  -1231.4  -219.2
-20.8  62.8  977.2  12.3  -1084.7  -160.9
108.0  28.8  821.2  298.5  -825.5  -122.1
153.6  46.4  890.4  132.6  -229.9  -97.9
105.6  38.0  976.0  166.0  193.6  49.6
100.0  14.0  1404.4  46.0  684.6  52.6
-32.4  -16.4  1562.8  -51.0  716.0  109.7
-110.0  12.0  1644.4  18.2  484.1  41.9
79.6  -149.2  1766.8  -34.3  610.7  12.0
-227.2  -103.6  1426.8  7.6  153.2  92.8
-131.6  -40.0  1518.4  -49.1  14.4  -104.3
-118.0  -77.2  1469.2  -117.3  -1053.9  277.3
-56.4  -49.2  1638.4  -66.1  -656.1  73.6
64.4  -136.8  1396.0  -46.7  -619.5  243.2
40.8  -37.6  1728.4  -89.1  -463.5  61.8
142.0  -99.2  1606.8  57.6  -214.6  155.9
178.4  -106.8  1669.6  27.3  -174.8  75.2
201.2  -128.0  1557.6  126.6  -89.3  10.7
126.0  -84.8  1484.0  74.0  -85.0  4.5
176.4  -108.4  1530.0  20.3  -43.8  61.2
128.8  -84.8  1519.6  65.8  18.3  49.1
168.0  -95.6  1496.8  26.5  1.7  48.1
138.4  -99.2  1518.8  19.7  -26.8  34.6
174.4  -102.0  1525.2  1.4  5.0  -12.1
105.2  -83.6  1531.6  41.8  -42.4  -29.0
122.0  -87.2  1482.4  -54.0  -84.0  -18.6
113.6  -94.4  1521.6  77.1  -18.2  -29.0
89.6  -90.4  1506.0  7.9  -83.3  -15.0
124.4  -111.2  1525.2  25.2  -47.5  -7.2
121.6  -96.4  1512.8  6.4  -70.0  2.4
110.8  -100.4  1484.8  35.8  -52.7  -13.3
137.2  -102.8  1520.8  19.8  -48.2  -11.8
121.2  -113.6  1522.0  31.4  -47.2  -30.0
87.2  -104.0  1463.6  53.8  -44.6  -42.0
111.2  -110.0  1462.8  34.9  -55.0  -12.4
114.4  -93.6  1560.4  16.4  -26.0  -18.9
96.8  -92.4  1519.6  41.6  -43.4  -28.0
72.8  -85.2  1439.6  61.0  -42.1  -29.2
84.0  -87.6  1522.0  4.3  -65.8  7.3
98.4  -90.8  1517.2  15.6  -61.8  2.1
101.6  -94.0  1504.8  33.8  -49.7  16.7
142.4  -127.6  1517.6  50.8  -26.8  0.2
106.8  -117.6  1500.8  32.3  -48.2  -9.3
99.2  -121.2  1500.8  17.1  -49.5  -3.5
111.2  -115.6  1532.0  35.8  -56.1  -19.7
73.6  -77.6  1472.4  30.0  -70.1  -29.4
86.4  -125.6  1508.0  3.7  -79.7  24.9
80.8  -97.6  1522.4  -30.8  -76.0  18.6
139.2  -110.4  1515.6  30.3  -46.4  -35.1
71.2  -114.0  1488.4  26.4  -59.3  -46.2
66.0  -131.6  1493.6  5.4  -58.3  4.9
96.4  -132.4  1503.2  9.8  -65.2  -12.5
113.2  -139.6  1494.4  23.8  -70.6  -9.1
130.4  -125.2  1490.8  -7.2  -85.8  -21.8
121.6  -136.4  1510.0  -11.5  -86.8  -41.7
85.6  -139.2  1516.8  -8.2  -87.5  -21.5
176.4  -151.6  1534.8  -96.7  -75.7  43.2
263.2  -319.2  1932.0  -281.6  187.6  152.9
390.8  -387.2  2509.6  -105.2  618.2  -116.5
-139.2  -313.6  2158.4  653.4  727.3  -495.8
-367.6  -157.2  1058.4  698.2  337.4  -286.8
-347.6  70.4  1031.6  278.6  -1190.0  -114.0
11.6  -1.6  804.8  331.0  -1060.5  46.7
157.2  97.6  845.6  202.2  -624.0  -109.1
236.4  60.8  976.8  119.6  -85.9  -108.5
63.6  109.6  1135.6  140.4  265.7  -46.8
-48.4  78.0  1382.8  -143.2  466.9  45.8
-4.0  32.4  1570.8  -118.5  562.4  141.0
-46.0  -13.2  1620.0  -57.0  367.6  43.0
8.4  -36.4  1596.8  59.9  259.8  75.5
-107.2  -10.4  1497.6  -64.7  92.3  -37.3
-92.8  -33.6  1688.8  32.1  -81.8  25.5
-112.0  -19.2  1482.4  -12.0  -166.0  -3.8
-171.6  34.4  1400.8  74.9  -498.3  83.0
-70.8  -5.2  1599.6  -198.6  -429.7  84.1
8.4  -33.6  1589.6  105.3  -234.3  144.0
33.6  -50.4  1526.0  -3.3  -89.0  84.2
53.2  -59.6  1596.4  18.8  -168.8  101.8
109.6  -54.4  1500.4  22.2  -149.0  125.6
23.6  -26.4  1470.4  -46.6  -95.5  86.9
12.4  -53.2  1516.0  -85.6  -73.1  83.3
106.4  -119.2  1519.6  -55.0  -109.7  152.4
26.8  -89.6  1478.8  -35.0  -80.9  66.3
95.6  -96.4  1547.2  73.0  -36.0  50.7
76.8  -75.6  1591.6  51.8  16.5  -25.6
20.4  -102.0  1491.6  68.5  -104.9  9.0
49.6  -51.6  1519.6  30.9  -42.9  -1.1
107.6  -124.4  1541.6  -3.4  -140.0  7.1
68.0  -94.4  1536.0  39.3  -92.3  -54.1
114.8  -95.6  1523.6  25.7  -68.4  -22.1
98.8  -81.2  1527.2  46.9  -23.4  -25.8
83.6  -89.2  1475.6  49.7  -37.9  -35.5
65.2  -86.4  1517.6  8.8  -46.9  -39.6
38.4  -95.2  1491.6  17.2  -51.1  12.7
101.6  -102.0  1516.8  18.7  -42.5  -33.1
42.4  -100.0  1494.4  8.5  -47.7  0.0
45.2  -81.6  1471.2  58.5  -38.6  -1.1
42.4  -58.4  1477.6  20.9  -82.3  3.9
104.0  -89.6  1582.8  44.3  -41.6  -23.9
44.0  -106.4  1482.0  54.3  -12.4  -26.7
101.2  -106.0  1493.6  16.7  -35.4  -5.4
-7.6  -89.6  1462.8  23.9  -59.1  -12.4
94.4  -101.2  1534.8  25.2  -52.7  9.5
96.4  -97.6  1512.8  41.8  -50.8  -43.3
48.8  -56.0  1528.0  37.7  -45.5  -29.6
14.8  -91.6  1495.2  13.6  -31.3  12.3
53.6  -81.2  1462.8  21.8  -41.9  13.2
86.0  -119.6  1515.6  21.5  -42.5  -26.8
9.2  -94.0  1495.6  42.1  -18.5  -42.0
10.0  -77.6  1459.2  37.4  -49.4  -10.2
48.0  -106.8  1517.6  -12.1  -94.3  21.1
51.2  -125.2  1543.6  17.7  -28.9  -14.1
50.8  -96.4  1510.8  49.0  -29.9  -23.7
6.0  -98.8  1468.8  22.3  -52.3  -51.0
-6.0  -98.4  1499.2  32.0  -65.4  5.6
37.6  -122.0  1484.4  50.6  -77.2  8.4
40.8  -114.8  1548.4  24.4  -87.7  -6.0
46.8  -104.8  1502.8  50.3  -65.3  -18.9
41.2  -88.8  1498.8  18.7  -54.9  -23.5
23.6  -108.0  1510.0  28.6  -55.9  3.9
28.0  -128.0  1500.4  30.3  -75.2  1.1
59.2  -101.6  1501.6  23.2  -67.4  -2.0
24.4  -109.2  1518.8  26.2  -68.1  -1.2
25.2  -122.8  1493.6  12.1  -39.1  3.7
59.2  -134.0  1511.2  33.6  -35.6  -26.2
13.6  -126.4  1512.8  45.3  -20.8  -19.9
50.8  -122.4  1461.2  19.0  -41.1  -1.1
3.2  -88.8  1508.8  48.5  -48.8  -57.6
42.8  -103.6  1560.0  60.4  -59.7  -47.4
-5.6  -95.2  1477.6  81.7  -60.3  -61.2
20.0  -96.4  1520.4  76.4  -56.2  -22.3
36.0  -103.2  1502.4  70.4  -50.1  -26.3
14.8  -100.4  1493.2  57.6  -63.2  -28.7
6.4  -93.6  1550.4  30.8  -48.2  -50.4
19.6  -93.6  1462.4  61.4  -54.8  -13.8
23.2  -82.0  1528.0  15.2  -59.5  -2.9
12.0  -84.8  1468.4  56.2  -69.0  -10.9
14.0  -76.8  1487.6  74.7  -68.2  -4.7
-4.8  -87.6  1479.6  47.8  -71.4  12.7
36.0  -97.6  1523.2  -46.0  -93.8  59.9
68.0  -88.0  1596.4  51.1  -19.1  22.9
64.4  -79.2  1444.8  139.2  -36.0  -44.6
17.2  -57.2  1466.0  85.6  -53.9  -23.5
-41.2  -64.8  1523.2  45.3  -50.1  1.2
42.0  -100.4  1490.8  -7.3  -55.3  79.0
68.0  -123.2  1541.2  4.1  -56.9  13.5
48.0  -74.0  1518.8  85.0  -30.4  -52.9
-7.2  -44.4  1444.8  72.0  -57.2  -63.1
17.6  -30.8  1501.2  43.8  -44.7  -2.6
-24.4  -59.6  1485.2  -16.6  -91.4  26.7
104.0  -107.6  1559.2  7.0  -72.9  1.5
-7.6  -80.4  1493.2  75.7  -51.3  -58.1
24.8  -70.8  1490.0  30.9  -80.4  -4.5
-14.8  -69.6  1451.6  45.6  -96.1  -24.7
54.4  -86.4  1506.4  5.4  -136.1  18.9
62.8  -57.2  1460.8  28.3  -165.5  -15.8
127.2  -93.2  1539.2  5.9  -202.5  -21.4
144.8  -126.0  1541.6  38.6  -183.8  -35.7
201.6  -134.0  1840.4  233.5  20.2  -14.7
149.6  -84.8  1971.6  -189.5  412.1  42.6
-73.6  -92.0  2412.4  103.6  398.7  -18.9
-148.4  -127.2  2056.4  724.8  970.1  -177.1
-388.4  62.4  1093.2  513.8  -443.6  75.7
-114.0  61.6  663.2  219.8  -1420.3  -0.5
132.0  97.6  671.2  273.8  -909.7  82.2
431.6  114.8  798.8  310.0  -329.6  -148.1
54.4  220.0  881.6  150.6  -324.4  -86.6
41.6  248.4  1232.0  -156.6  228.9  -2.7
77.2  121.6  1615.6  -307.7  512.7  64.7
-51.2  104.8  1600.0  -178.8  461.6  84.8
38.8  206.4  1601.2  -34.9  514.5  8.4
50.8  15.2  1509.6  -29.2  443.5  32.7
-357.2  178.4  1486.0  -104.9  -98.4  101.0
-56.4  44.8  1468.8  -266.3  -696.4  177.7
39.6  -10.0  1514.4  -38.7  -316.0  144.6
-61.6  9.6  1585.6  -208.2  -174.8  130.5
146.4  -59.2  1604.8  -192.6  -260.2  220.5
80.0  -127.2  1691.2  6.5  -95.6  120.0
81.2  -71.2  1678.0  134.8  40.1  40.6
124.8  -79.2  1647.6  41.2  -166.1  -29.8
73.6  -68.0  1512.4  69.5  -63.4  -23.3
48.0  -78.8  1482.0  46.6  -66.0  -0.8
84.8  -65.6  1543.2  2.8  -69.5  -14.1
64.4  -47.6  1485.6  33.5  -41.7  -16.9
96.0  -28.4  1520.8  22.8  -40.0  -36.8
95.6  -42.0  1527.6  102.6  -1.9  -101.2
16.4  -23.2  1428.0  51.1  -82.3  -78.8
21.6  -42.8  1546.8  27.1  -71.4  -1.8
47.2  -37.6  1495.6  33.6  -71.1  -27.0
49.6  -46.0  1505.6  61.0  -56.5  -14.3
18.8  -33.6  1481.6  54.6  -77.4  -26.6
65.6  -4.4  1511.6  21.0  -61.6  19.3
58.4  -22.4  1524.0  27.9  -57.6  4.4
76.4  -48.4  1511.6  7.1  -60.2  43.9
85.2  -44.0  1527.2  43.7  -45.6  -31.4
38.4  -64.8  1504.8  32.1  -60.8  -7.5
44.0  -56.8  1505.6  23.0  -65.2  -15.0
56.4  -51.2  1504.8  46.0  -64.3  -18.9
74.8  -51.6  1495.2  14.1  -95.7  -0.1
76.8  -52.0  1536.0  57.1  -76.7  -35.5
90.4  -38.8  1512.0  48.0  -51.1  -22.0
18.0  -1.6  1472.8  48.8  -37.3  -4.5
57.6  -38.4  1505.2  14.5  -63.6  -1.5
53.2  -29.6  1517.2  48.1  -29.5  -32.5
37.6  -34.8  1526.8  34.5  -28.1  -18.0
21.2  -26.4  1472.8  53.9  -37.2  -28.3
38.0  -61.6  1488.0  3.2  -75.7  20.2
60.4  -37.2  1525.6  0.3  -55.9  -21.1
59.2  -26.8  1524.4  20.2  -56.2  7.2
62.8  -41.6  1482.8  26.9  -88.8  -37.4
40.0  -26.8  1531.6  34.2  -102.0  -28.0
53.6  -36.4  1526.8  40.2  -36.4  -17.2
-0.8  -41.2  1473.6  3.8  -77.9  -6.4
29.6  -44.0  1492.8  7.9  -91.3  15.4
80.0  -60.0  1548.8  15.2  -81.2  12.8
114.0  -65.6  1531.6  18.1  -67.5  -4.8
70.0  -71.6  1521.2  34.7  -42.4  -24.8
0.4  -38.4  1488.0  63.1  -19.7  -53.1
-12.4  -46.8  1480.4  21.7  -68.8  -1.6
26.0  -52.4  1497.2  13.2  -100.8  19.5
51.2  -69.6  1516.0  63.0  -87.7  -3.0
99.2  -70.4  1517.6  35.5  -89.1  -9.7
65.2  -57.2  1524.0  16.9  -70.4  10.3
80.8  -57.2  1488.8  32.9  -53.5  6.2
62.4  -62.8  1458.4  24.0  -94.6  -6.1
26.4  -44.8  1486.4  45.8  -82.8  -23.8
60.8  -51.6  1503.2  41.8  -78.1  -5.4
67.2  -60.8  1491.2  30.2  -100.9  -15.1
63.6  -59.2  1519.2  -12.5  -115.5  6.7
83.2  -73.2  1469.6  11.5  -103.1  -6.5
120.8  -73.2  1576.4  37.1  -62.3  -0.3
96.0  -77.6  1509.6  36.8  -38.8  -23.1
106.4  -63.2  1523.2  33.9  -22.5  -36.0
87.2  -60.8  1466.4  9.5  -38.3  -54.7
29.6  -64.4  1478.8  -26.1  -66.9  1.5
76.4  -92.8  1500.8  -78.9  -40.6  48.5
95.2  -166.0  1604.0  -236.4  57.6  119.9
185.6  -258.8  1918.0  -215.1  209.6  193.3
290.0  -290.0  2378.8  -30.8  306.0  -33.9
-60.4  -253.6  2240.0  1237.6  869.0  -529.0
-495.2  -16.4  1295.2  751.9  8.5  -419.7
-394.0  173.2  962.8  212.9  -1418.1  -62.4
119.2  88.8  937.2  156.5  -1150.7  61.3
245.6  126.8  798.0  127.7  -822.2  -54.0
281.6  153.2  933.2  -0.3  -240.8  -159.1
201.6  132.4  1052.4  -33.7  127.3  -43.1
61.6  189.2  1344.4  83.3  489.7  47.6
13.6  158.4  1518.0  -151.9  578.9  110.8
16.0  89.6  1496.0  31.7  531.5  98.7
36.0  176.8  1686.8  -58.0  471.4  29.1
-61.2  23.6  1545.2  -54.3  248.0  68.2
-56.4  -0.8  1578.8  94.5  148.0  35.6
-174.0  69.6  1522.4  73.2  189.9  -86.4
-113.6  44.0  1486.0  -293.6  -575.3  90.8
-101.6  34.0  1553.2  -126.3  -381.0  -17.7
-11.6  15.6  1612.8  -100.8  -192.5  154.7
-15.2  21.2  1545.6  -86.4  -74.1  83.4
80.4  -25.6  1593.2  -53.0  -113.3  93.0
-6.0  -76.8  1540.8  -39.6  -75.0  2.0
8.0  -13.6  1603.2  -27.5  -160.5  -19.0
38.0  -68.8  1518.0  -79.5  -87.2  55.9
-18.0  -35.2  1483.2  -25.8  -61.4  49.0
48.8  -124.4  1573.2  -31.9  -36.4  96.0
2.4  -76.8  1543.6  103.8  11.8  -24.7
76.0  -105.2  1579.2  23.3  -91.7  25.5
107.6  -106.8  1579.6  133.4  3.4  -94.9
-93.2  -36.4  1446.0  61.6  -36.0  -94.5
-63.6  -62.8  1463.6  27.1  -36.9  10.5
-23.6  -16.8  1484.8  30.1  9.8  -20.1
4.4  -30.4  1521.6  82.3  -59.6  -36.3
-36.8  -42.8  1502.8  38.0  -55.1  -36.3
-28.8  -42.0  1498.4  30.7  -92.1  18.4
-42.8  -36.0  1530.8  19.7  -83.9  24.2
36.4  -102.4  1490.4  36.4  -53.3  0.3
4.0  -74.8  1515.6  29.3  -65.0  -35.3
-17.2  -61.2  1503.2  22.0  -48.1  -34.1
-24.4  -46.4  1494.8  33.0  -29.8  -22.6
-9.6  -59.6  1507.2  14.9  -53.4  -1.0
-23.2  -39.6  1532.0  25.1  -67.8  -21.1
44.0  -61.2  1521.6  27.6  -43.5  -13.2
-42.8  -47.6  1494.4  42.6  -34.6  -28.8
-47.2  -70.4  1479.6  13.0  -45.5  21.2
10.4  -70.0  1502.8  18.7  -66.0  -17.9
-30.8  -54.4  1525.6  -1.3  -57.3  -25.2
-17.2  -61.6  1488.0  44.1  -34.1  -24.5
-37.2  -65.2  1500.8  29.0  -69.9  -6.1
-5.2  -71.2  1483.6  40.0  -82.8  -25.1
-10.4  -61.6  1485.2  40.8  -51.9  -37.9
-19.6  -68.4  1517.6  51.1  -71.2  -11.4
-17.6  -51.6  1499.2  44.9  -80.4  -39.7
-41.6  -49.2  1495.2  18.5  -93.1  -11.5
15.6  -70.0  1510.8  12.1  -87.9  -2.0
-25.6  -82.4  1506.0  23.6  -104.1  -11.5
15.2  -76.0  1500.4  25.9  -86.7  -1.6
40.8  -81.6  1518.8  26.6  -84.3  -16.9
-2.0  -68.0  1526.4  17.1  -73.0  -26.6
-19.6  -60.8  1480.4  31.9  -73.2  -15.7
43.2  -92.4  1511.2  -6.3  -89.0  11.1
-2.4  -84.8  1434.0  -3.7  -118.4  -30.0
37.2  -106.4  1537.6  -71.8  -120.7  8.2
52.8  -148.0  1673.6  -63.4  -37.1  15.8
40.8  -191.2  2008.8  0.9  324.5  93.7
-39.6  -238.8  2394.8  32.1  368.5  138.3
18.8  -247.2  2280.0  1016.6  859.2  -362.0
-586.0  58.8  1125.6  631.2  -222.9  -253.1
-280.0  160.4  778.0  210.7  -1268.0  33.6
216.8  74.8  854.8  258.2  -906.5  153.7
205.6  136.0  791.2  141.6  -653.5  -11.9
170.8  198.8  876.4  75.2  -297.1  -5.3
70.0  137.2  1158.4  -123.1  235.9  -45.3
31.6  132.8  1550.4  -133.1  656.7  16.9
-56.8  86.0  1524.4  -235.7  640.2  -12.2
-151.2  82.8  1595.6  -91.0  439.9  7.9
-58.0  -19.6  1590.4  -135.2  355.7  44.0
-160.8  0.0  1508.0  73.8  132.6  -103.9
-50.8  3.6  1532.4  -65.9  91.8  -68.1
-205.2  28.0  1495.2  -31.0  -618.0  32.9
-46.0  22.0  1502.0  9.4  -372.7  0.3
-109.2  39.2  1406.4  44.0  -262.5  154.5
56.0  -21.2  1541.6  -81.9  -196.7  184.3
-94.8  42.0  1631.2  -42.9  -75.6  23.2
34.0  -15.2  1555.2  0.6  -206.8  80.4
6.0  -27.6  1568.8  -74.8  -25.7  26.2
72.8  -43.6  1579.2  75.0  29.0  -9.9
22.0  -28.4  1613.6  -77.9  -272.8  -99.5
52.8  -55.2  1528.0  -29.7  -116.6  -21.1
6.8  -76.4  1558.8  44.7  -110.5  -6.8
39.2  -65.2  1468.8  2.2  -90.1  -9.7
53.6  -39.6  1543.2  33.9  -74.1  -36.9
26.8  -32.0  1462.0  31.8  -80.7  -12.3
68.4  -48.0  1546.0  19.2  -94.0  -3.2
74.8  -54.8  1485.2  23.1  -66.8  -15.0
50.4  -34.8  1508.8  31.0  -59.1  -19.1
66.8  -56.0  1492.8  6.6  -90.7  0.5
123.6  -52.8  1541.6  37.9  -54.3  -31.4
38.0  -44.8  1464.8  22.1  -59.6  -50.1
32.8  -38.4  1524.0  22.3  -69.3  -7.3
57.6  -63.2  1534.4  1.4  -52.0  3.2
106.0  -75.2  1532.4  11.3  -72.8  6.6
72.8  -62.0  1495.2  5.5  -54.5  -18.0
25.6  -59.2  1499.6  10.6  -55.9  4.4
103.2  -82.0  1536.0  7.3  -42.5  2.5
48.0  -52.8  1495.2  15.8  -37.4  -15.3
54.4  -75.2  1480.4  0.1  -58.8  51.0
72.4  -80.0  1480.4  10.6  -79.1  -9.1
53.2  -85.6  1539.6  -17.3  -73.6  -14.8
55.6  -68.4  1460.0  46.1  -42.0  -34.4
60.8  -90.0  1476.8  -13.9  -88.3  12.2
87.2  -98.0  1513.2  -10.2  -73.6  -9.8
61.6  -94.4  1489.6  9.1  -66.0  -4.8
79.6  -100.8  1498.4  -37.3  -62.7  -11.9
90.0  -145.2  1538.4  -63.8  -36.9  19.0
88.0  -112.8  1576.4  -94.3  89.0  8.7
97.6  -190.0  1821.6  -290.8  323.9  139.3
-78.0  -264.0  2449.6  -122.8  647.0  -11.6
-90.0  -373.2  2182.8  700.0  640.7  -54.6
-351.6  -215.6  1240.0  747.8  516.3  -212.6
-308.0  41.6  866.4  275.2  -1172.7  -117.3
7.6  28.4  795.6  302.8  -1038.6  10.1
206.8  56.4  790.0  247.5  -609.7  -30.4
194.4  62.8  974.0  85.3  -409.1  -125.9
76.8  101.2  1247.6  -73.0  -70.3  -10.0
-13.2  125.6  1451.2  -2.2  366.4  33.5
-14.0  70.4  1455.2  -74.6  531.9  61.8
-146.4  35.6  1478.4  -6.4  259.7  108.9
-88.0  -46.0  1624.8  -216.8  116.2  53.5
-87.6  -49.6  1383.6  13.7  -27.6  85.6
-14.0  -48.4  1640.0  -50.9  271.9  -5.1
-244.8  20.4  1296.0  60.4  -643.9  244.0
50.4  37.6  1689.2  -225.8  -398.2  225.8
37.2  -28.0  1413.2  64.2  -83.1  301.1
-101.6  659.6  886.4  -927.8  -17.9  -22.4
211.2  -130.4  1789.2  -72.8  -622.9  24.9
184.8  -80.4  1711.2  110.8  -114.6  -152.8
41.6  -105.6  1431.2  -5.5  -42.8  -39.4
50.0  -76.4  1639.2  -117.2  -34.2  24.0
112.0  -129.6  1499.2  -22.2  -53.1  21.1
103.6  -104.4  1544.8  30.3  -72.8  -49.0
188.0  -151.2  1475.2  -22.2  -127.2  -45.1
138.8  -135.6  1534.8  -76.0  -105.7  -69.9
250.4  -230.8  1903.2  -221.0  35.2  50.7
232.4  -270.0  2565.2  48.6  113.7  -137.6
-270.8  -140.8  2304.4  481.8  673.3  -279.6
-119.6  -110.0  1014.8  521.7  637.2  -261.1
-116.0  99.6  690.0  -34.7  -1033.3  -61.8
65.2  66.8  878.8  108.2  -832.0  -41.7
214.8  68.0  825.2  241.0  -453.0  -109.6
214.0  46.8  1008.0  176.7  -44.8  -116.4
19.6  112.4  1276.0  52.6  273.2  -63.9
62.8  33.2  1526.8  130.7  415.2  65.5
-120.8  22.0  1482.8  -46.4  335.7  87.0
-5.2  13.2  1530.8  62.0  249.2  27.7
46.0  -42.0  1572.4  -75.0  228.4  131.6
-159.6  -74.0  1425.2  27.4  344.9  -119.9
-86.4  21.2  1673.6  -221.4  -660.3  129.4
-97.6  -36.8  1578.0  -29.6  -410.8  95.3
32.0  -5.2  1502.4  108.7  -75.1  103.7
-42.8  -11.2  1422.4  -152.6  -168.3  231.6
91.2  -100.4  1551.6  -189.2  -88.3  246.0
6.4  -61.6  1814.4  -148.6  -870.1  13.9
206.8  -140.8  1638.0  99.7  -346.5  59.5
155.2  -81.6  1497.2  38.6  -306.4  -70.0
236.0  -137.6  1564.0  -55.6  -139.2  61.4
232.4  -118.8  1473.2  -52.1  -83.8  -59.1
163.2  -115.2  1474.8  -71.2  -136.2  7.8
173.6  -133.6  1557.6  -18.0  -123.3  4.4
146.8  -95.6  1481.2  58.1  -32.9  -55.8
121.2  -98.4  1527.2  128.4  -60.1  25.6
103.2  -130.4  1400.8  174.6  -222.4  115.1
278.4  -141.2  1546.4  -9.2  -210.1  182.6
293.6  -114.8  1564.8  151.5  -110.9  18.3
166.0  -75.2  1508.8  132.3  -56.8  2.1
309.2  -101.2  1452.8  22.5  -88.8  123.1
151.6  -71.2  1535.2  -70.6  -137.4  88.6
279.2  -114.0  1456.8  -82.0  -120.3  255.7
327.6  -121.2  1515.2  -106.0  -150.7  132.3
315.6  -103.2  1490.8  -61.8  -152.3  113.5
274.8  -117.2  1431.2  -125.7  -212.1  93.6
256.0  -143.2  1518.8  -124.6  -193.1  134.7
313.2  -129.6  1493.6  -22.6  -140.7  149.7
432.0  -225.6  1584.4  -153.9  -87.2  202.4
384.4  -305.6  1536.0  -281.4  37.6  298.5
548.0  -454.0  1768.4  -510.7  248.1  532.9
547.6  -630.8  2515.6  96.6  1131.7  431.0
-306.4  -321.6  2504.8  1692.4  2049.3  -377.4
-577.6  -242.4  836.0  1514.3  286.4  -126.0
-294.8  142.4  351.6  17.8  -893.6  60.6
-19.6  148.0  882.8  1.3  -805.3  138.9
106.4  135.6  892.4  -1.3  -475.3  0.1
75.6  81.2  1082.4  -204.3  -340.3  22.2
-76.0  74.8  1518.0  -165.5  150.0  -70.5
46.4  -3.2  1431.2  72.9  414.2  6.3
-80.0  -11.6  1644.8  19.2  580.5  -32.2
-41.6  -19.6  1522.0  -234.0  -561.6  11.9
230.0  -41.6  1720.0  -283.4  -605.0  -54.0
-55.6  -36.8  1469.2  51.4  -101.0  -46.2
14.4  -57.2  1560.0  74.1  17.0  68.4
-10.8  -87.2  1412.4  -68.6  -123.5  172.8
114.0  -102.8  1752.0  -3.4  -658.7  -6.9
102.0  -100.0  1534.4  76.5  -230.9  -8.0
162.8  -138.0  1505.2  -32.6  -235.6  -1.7
104.4  -106.8  1602.8  -73.5  -51.1  -38.7
225.6  -163.6  1522.8  -30.7  -107.2  30.5
230.0  -150.4  1564.4  -55.3  -99.0  -34.3
208.8  -157.2  1460.8  -17.7  -150.3  -39.3
181.6  -159.6  1555.2  -95.9  -131.4  -114.5
189.2  -180.0  1448.8  24.3  -111.7  -21.2
168.8  -176.8  1498.0  -42.7  -136.8  -36.5
182.0  -167.2  1467.2  -1.8  -130.1  -14.6
230.0  -158.4  1497.2  15.6  -160.6  -32.9
245.6  -192.8  1532.4  -34.6  -138.6  -20.6
192.8  -159.2  1539.2  58.9  -65.7  -41.8
226.8  -170.4  1485.6  4.9  -46.5  7.7
229.6  -159.2  1453.6  35.2  -63.0  11.4
280.8  -197.2  1522.8  -11.1  -88.4  19.8
256.4  -202.8  1508.4  50.0  -30.8  -29.9
204.0  -182.4  1472.8  32.0  -30.1  2.2
220.0  -189.6  1488.8  16.9  -44.4  8.6
198.4  -179.6  1459.6  31.4  -52.6  -18.2
219.2  -194.8  1487.6  -26.7  -92.7  16.0
216.4  -203.6  1513.2  46.7  -52.4  6.8
232.8  -213.2  1489.6  19.7  -44.7  12.8
225.6  -207.2  1437.6  29.0  -83.5  -19.2
222.8  -199.6  1515.6  -2.8  -84.8  8.5
242.0  -190.8  1439.6  20.2  -83.5  -0.5
208.4  -186.4  1468.8  -4.6  -109.0  8.7
232.4  -188.8  1502.0  8.4  -96.1  4.8
248.4  -220.4  1489.2  22.2  -75.3  20.0
276.0  -218.8  1512.0  19.5  -67.0  0.4
264.0  -241.2  1497.2  1.8  -52.6  8.5
343.2  -272.8  1580.8  -37.6  -55.2  43.6
558.0  -416.0  2114.0  -65.2  304.4  167.8
490.0  -320.8  2857.6  271.5  992.8  74.4
-274.4  -227.2  1946.4  1239.4  1285.5  -192.1
-396.4  -102.0  840.4  819.2  9.7  -55.0
-80.8  100.4  607.2  162.0  -1284.6  179.2
187.2  68.0  687.2  120.8  -834.8  10.2
252.0  86.0  949.2  26.6  -417.9  -70.0
112.4  105.2  1174.8  -69.4  -131.7  -96.4
69.2  96.8  1422.4  21.9  299.8  5.2
56.4  61.6  1538.4  -114.8  506.6  19.9
40.4  48.0  1566.8  7.3  566.7  46.9
-24.0  23.6  1560.4  -52.4  408.4  14.9
18.8  19.6  1414.8  -81.0  88.4  18.6
-189.2  54.0  1630.4  -139.0  -233.4  88.2
39.2  -24.4  1565.2  -45.3  -393.5  39.5
-2.8  75.2  1452.0  32.3  -133.0  -84.5
31.2  -9.2  1462.0  -20.7  -71.7  51.0
-80.8  -9.2  1456.4  -23.8  -20.2  57.7
51.6  -6.8  1550.4  -70.9  23.7  102.1
109.6  -448.0  1769.2  -529.2  -769.3  109.3
175.2  -51.6  1762.0  227.4  -163.6  -115.3
89.6  -51.6  1483.6  27.0  -193.7  -12.9
106.8  -56.4  1520.8  132.6  -54.9  -13.3
142.0  -85.6  1493.2  -39.4  -92.9  38.8
144.4  -52.0  1502.0  110.5  -64.0  -56.3
168.0  -90.0  1500.8  -60.8  -117.4  -7.2
130.4  -43.6  1492.8  49.8  -98.1  -26.7
250.8  -91.6  1484.8  -18.2  -101.6  -55.9
54.8  -17.2  1470.0  117.9  -122.6  -127.2
174.0  -60.4  1487.6  -64.4  -119.2  -16.7
102.4  -58.0  1466.0  -24.2  -183.8  -24.1
191.6  -67.6  1627.2  -61.5  -100.5  -32.9
148.0  -68.8  1523.6  59.9  -88.0  -13.4
207.2  -68.0  1539.2  57.3  -44.3  -27.0
174.0  -83.2  1460.8  15.9  -74.2  -10.9
191.2  -67.2  1503.2  36.8  -47.4  -34.8
184.0  -68.4  1500.8  -7.3  -68.4  -2.3
146.8  -102.0  1459.6  23.6  -62.1  -15.7
202.8  -76.8  1514.0  23.6  -56.9  -4.9
176.0  -78.0  1487.2  49.4  -54.4  -36.9
164.0  -72.8  1474.4  12.3  -91.1  -16.3
188.0  -76.0  1532.8  -4.9  -60.4  -25.4
164.0  -74.8  1487.6  28.7  -60.3  -7.9
179.2  -97.2  1490.4  -18.1  -75.3  18.9
179.2  -96.0  1498.4  21.9  -66.9  13.0
207.2  -103.2  1500.8  5.3  -53.8  -4.6
208.0  -114.8  1527.2  -2.3  -67.4  7.3
208.8  -113.6  1535.2  14.7  -49.1  2.7
194.8  -86.8  1489.2  23.8  -55.4  -12.8
155.6  -93.6  1488.8  10.7  -80.0  -19.5
183.2  -113.2  1499.2  -25.0  -65.8  14.0
196.0  -118.4  1488.4  -1.6  -62.2  -2.1
219.6  -157.6  1483.6  -51.3  -71.0  19.0
206.0  -202.4  1581.2  -148.0  -17.0  51.4
370.8  -318.8  1956.0  -447.1  348.5  303.2
298.8  -364.0  2243.6  -182.5  1016.8  124.3
302.0  -485.2  2089.2  439.3  1395.3  45.9
-667.6  -161.2  1526.8  894.5  4.4  -168.4
-418.8  -27.2  957.6  441.4  -657.1  -58.2
-85.6  25.6  765.2  204.1  -1032.3  -18.6
102.8  13.6  860.8  155.1  -666.2  -104.6
168.4  66.8  1005.2  26.1  -284.3  -177.4
41.2  50.0  1266.4  2.4  -77.6  -141.7
-33.2  30.8  1357.2  37.9  321.3  -47.0
-59.2  16.8  1528.0  33.0  568.1  -5.9
-79.6  46.4  1464.8  47.5  400.0  3.8
-120.8  -40.8  1629.2  -171.4  396.9  48.8
-114.8  -114.0  1521.2  -48.2  142.1  64.2
-209.6  -32.4  1634.0  -64.5  -398.3  60.4
-30.4  -46.8  1525.6  232.6  -204.8  24.9
-103.2  -13.2  1452.4  199.2  50.5  15.4
-56.4  -36.0  1392.4  97.8  -198.8  58.3
-113.2  -13.6  1573.2  -202.1  -102.9  16.9
-288.8  -1.2  1435.2  -63.3  -472.2  61.2
26.0  -112.0  1652.0  -252.4  -499.7  84.6
26.0  -89.6  1514.4  146.4  -259.6  -42.7
124.8  -85.6  1637.6  56.0  -204.8  -14.8
63.6  -84.8  1430.4  104.8  -188.9  -3.2
99.2  -60.8  1620.0  10.3  -100.8  -15.4
84.4  -64.0  1410.0  192.4  -211.8  -10.4
163.2  -43.2  1555.6  7.6  -125.9  -5.4
110.4  -34.8  1432.8  72.6  -174.6  -21.7
210.0  -57.2  1560.8  -99.2  -97.6  37.1
159.2  -36.8  1499.2  60.8  -125.4  -2.7
189.2  -54.0  1567.2  -41.1  -111.6  16.7
138.4  -64.4  1482.8  30.0  -91.2  -2.5
162.0  -82.4  1547.6  -16.7  -74.8  21.1
161.2  -54.8  1498.4  41.5  -74.2  4.5
160.8  -78.4  1515.6  10.3  -48.0  -3.3
173.2  -92.4  1504.8  36.3  -73.1  -8.7
114.8  -94.0  1493.2  -3.1  -55.2  9.8
199.6  -75.2  1513.6  23.5  -73.4  -17.0
150.0  -84.8  1470.4  15.3  -78.7  5.4
142.0  -85.6  1475.6  -15.5  -75.5  8.5
178.4  -85.2  1507.6  17.8  -89.7  -3.0
157.2  -106.8  1513.2  -3.4  -71.5  5.1
172.0  -102.8  1482.8  22.3  -76.8  22.0
217.2  -103.6  1477.2  -3.3  -87.8  8.9
195.6  -114.0  1512.4  -16.9  -77.0  5.6
190.4  -94.8  1513.6  8.6  -81.6  -5.9
183.2  -98.4  1549.6  28.7  -60.1  -11.3
200.4  -113.6  1474.4  33.8  -68.8  -8.7
192.0  -147.2  1488.8  2.9  -88.2  -9.3
191.2  -128.0  1477.6  8.1  -91.5  -21.9
182.4  -138.8  1558.4  -47.0  -101.8  6.6
250.4  -139.2  1486.8  -61.7  -52.3  -11.4
285.2  -188.0  1495.6  -356.1  -10.1  -110.4
302.4  -386.0  2098.0  -818.3  357.7  231.9
372.0  -453.6  2360.8  -36.3  773.1  58.5
-230.4  -430.0  2282.4  1059.9  2158.2  -80.9
-422.4  -76.0  1260.0  1376.9  744.6  176.7
-256.0  -5.2  457.6  197.6  -878.2  111.5
-115.2  66.4  770.8  81.0  -974.0  6.9
94.8  46.0  855.6  -24.7  -702.2  -80.1
-42.8  46.4  968.0  -82.8  -544.3  -120.3
-24.8  21.6  1310.4  -37.0  -161.7  -58.4
-85.6  -37.2  1381.6  -71.4  356.9  18.1
-135.2  -20.0  1486.4  59.9  500.3  26.6
-154.8  -65.6  1656.8  -62.9  714.1  61.5
-208.8  -37.6  1551.2  51.5  -274.0  163.1
-142.4  20.4  1711.6  -255.8  -451.7  -45.3
-58.0  -60.0  1561.2  330.9  -218.9  124.9
-88.4  -25.6  1522.0  193.2  231.3  -54.8
-204.0  -8.8  1356.4  64.1  -487.3  71.9
16.0  -30.8  1642.8  -281.2  -740.7  -44.7
30.4  -60.4  1648.4  261.3  -388.1  -16.6
92.8  -50.0  1631.6  -57.6  -358.0  -39.3
108.0  -91.2  1528.8  106.1  -157.6  21.3
127.2  -64.4  1563.6  -78.5  -54.6  -21.2
85.6  -62.4  1503.6  53.2  -77.6  14.9
86.4  -87.6  1553.6  -108.1  -59.0  41.2
57.2  -101.2  1425.6  -24.3  -115.9  28.4
134.0  -97.2  1583.6  -117.4  -95.7  50.7
96.4  -115.6  1491.2  -41.2  -137.9  29.4
114.8  -105.6  1559.6  -58.9  -80.1  -7.0
86.0  -114.8  1509.6  53.6  -118.0  1.1
126.0  -118.0  1488.0  -19.1  -86.8  -17.0
101.6  -120.0  1528.0  57.6  -98.7  -4.3
150.4  -131.2  1507.6  5.6  -55.5  2.9
169.6  -132.0  1540.4  75.2  -31.2  -30.7
126.0  -109.6  1460.8  46.5  -58.0  -43.8
102.8  -110.8  1518.4  8.0  -67.0  -11.8
119.6  -112.4  1466.4  27.2  -74.5  5.7
153.6  -127.2  1525.6  -4.8  -68.5  14.3
102.4  -127.2  1483.2  5.7  -86.4  -6.0
144.0  -136.8  1551.6  -1.0  -67.9  17.6
139.6  -126.4  1495.2  29.0  -62.0  -22.3
148.8  -150.0  1491.2  11.7  -66.3  8.4
119.2  -142.8  1510.0  20.0  -70.3  -28.2
147.6  -140.0  1497.6  35.9  -70.6  -20.8
114.0  -139.6  1472.0  17.6  -84.1  -0.8
118.4  -126.0  1487.6  -7.9  -92.8  8.6
161.6  -150.4  1491.2  -26.6  -75.0  49.3
170.4  -156.4  1512.8  -22.1  -126.6  12.9
160.8  -158.0  1514.0  11.0  -90.6  6.6
188.0  -179.6  1501.6  11.0  -93.5  -5.4
147.2  -166.8  1506.0  9.8  -87.7  -20.9
184.0  -180.0  1517.6  -2.6  -57.5  9.8
168.4  -191.6  1489.2  5.0  -38.7  14.8
206.0  -200.4  1519.6  -24.7  -12.9  19.8
212.4  -263.2  1646.0  -126.6  98.3  78.8
349.6  -362.0  2017.6  -217.8  430.9  189.1
334.8  -381.6  2332.0  389.3  795.3  -53.0
-158.8  -299.2  1935.2  1253.5  1541.4  -457.5
-589.2  -102.0  1214.4  906.0  45.4  -138.0
-485.6  104.4  915.6  159.2  -1093.0  87.9
-39.6  132.4  818.4  204.5  -1173.3  109.3
127.2  136.0  851.2  39.4  -805.5  62.9
233.2  122.4  1028.4  -56.9  -447.7  -41.2
88.4  106.4  1292.0  -9.3  121.2  -115.7
-14.8  112.0  1373.6  1.1  531.0  -17.7
-41.6  84.8  1483.2  1.1  637.3  74.0
-45.2  28.4  1521.2  -40.9  536.5  77.0
-78.4  60.0  1535.6  49.6  389.8  -23.1
-100.8  -51.6  1461.6  -109.9  258.2  -95.8
-228.8  43.2  1664.0  -0.9  -387.4  105.8
-67.2  -21.6  1558.8  98.8  -87.3  -26.3
-115.2  45.2  1473.6  160.2  13.5  56.0
-133.2  55.2  1451.2  -24.2  -124.6  2.2
-178.0  47.2  1558.0  -352.4  -914.8  71.3
-21.6  -16.8  1645.2  -150.9  -458.0  -25.5
8.0  162.4  1238.4  -47.2  -369.5  -45.4
40.8  -63.2  1556.8  -151.3  -262.2  -43.8
84.0  -47.2  1614.4  149.3  -106.4  -17.4
53.6  -76.4  1472.0  -54.8  -142.5  30.5
175.6  -63.2  1537.2  27.7  -105.0  1.2
87.2  -73.6  1459.6  -94.2  -165.2  -32.8
120.4  -76.4  1513.6  -26.4  -144.6  17.6
126.0  -96.4  1502.0  -140.4  -176.2  28.8
163.6  -54.8  1546.4  -46.0  -171.4  49.1
164.4  -100.8  1498.8  -90.7  -147.5  23.1
182.8  -85.2  1544.8  36.6  -88.8  -15.5
115.2  -96.0  1483.2  48.2  -119.7  -33.7
166.4  -98.8  1449.2  14.6  -125.6  -31.1
208.8  -117.6  1546.8  -52.5  -133.3  16.5
158.8  -112.4  1532.8  61.2  -81.5  -50.0
164.8  -118.4  1473.2  38.6  -75.9  -20.2
215.2  -139.2  1490.4  -7.1  -89.9  -7.1
177.2  -123.2  1499.2  22.4  -66.4  -22.7
203.2  -106.4  1484.4  6.2  -59.3  -12.7
193.2  -108.0  1482.8  16.7  -62.6  -20.5
174.0  -112.0  1494.4  28.7  -65.3  -48.1
164.0  -117.6  1490.0  9.5  -87.3  3.7
178.4  -120.4  1469.6  41.4  -91.9  -0.3
246.0  -146.4  1518.0  -37.2  -101.2  32.8
200.8  -148.8  1498.0  37.2  -83.6  -10.8
209.2  -146.4  1500.4  9.2  -75.7  3.7
222.0  -150.0  1497.6  19.7  -79.0  9.0
245.6  -159.6  1531.2  -28.8  -74.0  15.0
214.8  -136.0  1476.4  26.5  -50.3  -14.4
237.6  -156.8  1507.2  -16.9  -70.0  -0.9
257.6  -160.4  1521.6  2.4  -33.8  1.8
296.8  -205.2  1558.0  -64.3  10.1  85.8
536.0  -344.0  2041.2  -456.6  377.8  289.1
324.4  -411.6  2475.6  32.9  871.2  -1.5
-257.6  -290.8  1870.8  912.5  1763.1  -243.8
-481.2  -84.0  1193.2  665.2  107.8  5.3
-254.8  -26.0  976.8  230.7  -1053.2  130.1
3.6  62.0  769.6  404.9  -1084.5  -80.9
122.0  78.8  760.8  60.7  -768.5  -85.8
145.2  83.6  974.4  32.3  -326.6  -125.6
-8.4  69.6  1345.6  -149.6  8.6  -32.7
32.4  21.2  1465.2  70.2  509.0  9.5
-107.6  21.6  1548.8  -160.5  484.3  42.8
-19.6  30.0  1498.4  73.5  522.4  11.5
14.4  -68.0  1494.0  -257.3  349.0  103.2
-62.4  -67.6  1530.0  -287.6  -398.1  124.9
-3.6  -69.6  1704.8  -85.9  -314.7  -57.4
-116.8  -95.2  1492.4  140.6  -168.6  69.7
-63.2  -48.4  1602.0  177.6  77.7  33.7
-19.2  -80.4  1425.2  112.6  -83.9  66.0
-21.6  -67.2  1627.2  -172.5  -629.5  -96.0
129.2  -89.6  1621.6  204.0  -226.8  4.4
48.4  -52.4  1540.8  137.1  -211.4  -184.7
66.0  -102.4  1461.6  7.1  -142.1  -27.7
117.2  -56.8  1547.2  -54.6  -111.7  -39.7
104.4  -76.0  1525.6  9.2  -144.2  -39.8
83.2  -67.6  1554.0  -56.3  -96.2  -41.9
149.2  -93.6  1551.2  -0.8  -78.9  17.8
51.2  -74.0  1482.0  15.5  -118.1  -54.5
140.4  -110.8  1540.8  -94.8  -114.3  48.8
147.2  -96.4  1532.4  27.0  -59.8  -29.5
136.4  -110.4  1553.6  22.2  -43.5  -37.7
101.6  -82.8  1494.0  55.4  -42.6  -43.5
85.6  -97.6  1472.0  18.7  -66.7  2.8
132.0  -66.8  1520.4  69.2  -45.1  -14.5
126.8  -103.2  1484.4  17.4  -60.5  20.2
110.4  -88.4  1524.0  37.4  -71.7  -2.5
122.0  -94.4  1484.8  24.3  -61.5  20.2
136.0  -104.0  1507.6  11.0  -59.6  12.4
122.4  -117.2  1482.0  -3.4  -51.4  26.1
116.8  -85.2  1504.8  11.6  -78.7  3.7
152.0  -134.8  1486.4  1.0  -62.2  2.0
112.4  -132.8  1525.2  15.1  -68.4  -1.7
157.2  -150.4  1514.0  22.2  -44.5  -41.7
122.0  -120.0  1480.8  47.5  -54.5  -39.3
137.6  -120.4  1521.2  -15.5  -60.1  -8.8
113.6  -124.4  1474.0  16.9  -70.0  -34.1
114.8  -126.4  1505.6  -1.5  -73.0  -25.2
103.6  -122.0  1492.8  10.7  -82.9  -11.2
151.6  -152.8  1512.0  -1.1  -68.5  2.2
106.4  -140.0  1504.0  17.0  -52.5  11.0
130.8  -166.4  1480.4  -20.9  -74.1  35.3
170.8  -168.0  1520.8  4.0  -68.7  11.7
140.4  -152.4  1493.6  -6.7  -77.7  -17.1
104.0  -158.4  1526.0  -1.9  -62.3  -5.9
186.4  -178.8  1557.2  9.7  -21.7  -1.1
140.0  -175.2  1467.6  19.9  -43.2  -10.9
99.2  -160.4  1481.2  23.5  -60.7  -22.2
126.8  -162.0  1529.2  -4.1  -51.9  14.0
140.0  -184.8  1500.4  8.5  -50.6  10.4
128.4  -174.0  1486.8  -4.0  -75.2  7.6
126.0  -202.0  1489.2  7.8  -64.6  -13.0
148.0  -206.8  1550.0  29.6  -38.4  25.2
124.8  -198.8  1489.6  65.4  -53.5  -28.0
172.8  -228.4  1572.4  45.2  -7.9  -5.0
184.4  -337.2  1789.2  -68.3  58.2  140.8
392.4  -461.6  2841.2  -61.6  673.7  147.1
-247.6  -299.6  2174.0  1227.0  1159.0  -492.9
-377.2  -176.0  976.0  611.9  -623.4  -236.3
-73.2  78.8  864.4  232.1  -1203.6  -61.8
90.8  119.2  746.4  267.7  -862.7  -6.9
156.4  167.2  880.8  36.2  -540.2  -79.1
260.0  163.6  1102.4  -20.4  -173.2  -72.1
78.0  105.2  1321.6  -130.4  350.7  -29.8
145.2  68.4  1327.6  19.4  704.5  89.7
-38.4  52.4  1571.2  -154.8  679.3  62.8
-43.6  -13.2  1516.0  -263.5  514.3  82.5
-58.4  43.2  1481.6  -64.2  283.2  54.8
-97.6  -45.6  1660.0  -280.9  -294.9  129.1
-17.2  -76.8  1684.0  20.7  -387.1  1.4
23.2  -126.8  1619.2  138.8  80.2  -67.6
-143.6  -60.0  1426.0  288.8  -95.5  59.3
-46.4  -30.0  1501.2  102.2  -62.8  -9.2
-264.8  -36.4  1334.4  -9.3  -379.4  59.3
22.8  -17.6  1670.8  6.9  -408.3  -71.1
28.4  -50.4  1474.4  171.1  -261.3  15.0
70.4  6.0  1573.2  70.3  -237.9  -62.7
88.0  -67.2  1440.4  -33.1  -169.2  41.6
162.4  -37.2  1607.2  -72.8  -106.3  0.7
129.2  -84.4  1515.6  -110.6  -128.5  5.0
108.8  -54.0  1543.2  15.1  -140.2  -52.4
85.2  -47.2  1459.6  -42.6  -101.1  -34.7
98.4  -59.6  1489.2  -16.8  -134.0  -25.0
174.0  -84.4  1492.0  3.8  -130.3  10.5
135.6  -70.0  1545.2  15.8  -98.0  -13.0
180.4  -74.0  1462.4  40.2  -116.0  -7.3
160.8  -69.6  1530.8  -62.6  -116.2  -13.2
155.6  -91.2  1580.4  48.2  -50.5  -16.2
101.2  -74.8  1519.6  41.8  -48.4  -28.4
160.4  -96.4  1476.8  41.5  -55.7  6.5
178.8  -115.2  1485.6  -15.9  -57.2  18.3
180.4  -105.6  1502.0  10.5  -72.8  6.3
156.0  -104.8  1479.2  -24.8  -81.0  1.8
182.4  -92.0  1531.2  13.4  -59.3  -32.9
146.8  -84.0  1481.2  16.2  -54.8  -36.0
139.2  -100.8  1497.2  -9.5  -75.9  -6.0
169.2  -113.2  1519.6  18.2  -59.6  -16.2
165.6  -134.0  1488.0  -3.9  -74.2  3.0
171.6  -150.4  1502.8  21.9  -55.4  -28.9
152.4  -128.0  1492.4  -23.5  -66.9  15.8
160.0  -136.4  1467.2  -0.8  -83.4  -7.0
170.8  -135.6  1486.4  -23.1  -68.4  19.0
149.6  -123.2  1519.2  31.0  -66.7  -3.3
168.8  -130.8  1479.2  23.5  -64.0  10.5
164.0  -144.8  1520.0  -10.0  -102.1  50.6
182.0  -146.8  1528.0  41.4  -51.4  0.8
175.6  -154.4  1489.6  11.2  -64.2  6.9
182.8  -154.0  1496.8  45.3  -67.2  -7.2
155.2  -139.2  1508.0  16.2  -70.5  -5.1
172.0  -158.0  1459.6  4.1  -82.1  9.1
200.8  -166.8  1492.0  -55.6  -74.3  19.5
260.0  -232.4  1616.8  -88.6  -8.5  57.8
319.2  -348.8  2067.6  -426.0  384.3  215.2
256.4  -444.8  2672.4  153.7  975.6  -32.4
-388.8  -270.8  2033.2  1225.1  1292.8  -318.0
-420.0  -70.4  911.6  813.3  -356.0  -128.9
-52.4  93.6  728.0  323.3  -1325.2  4.4
114.0  107.6  566.4  219.0  -918.7  17.1
306.8  130.4  877.6  11.5  -518.5  -92.4
168.4  104.4  1022.0  -28.8  -203.7  -94.0
2.8  140.4  1378.4  -166.2  110.2  -137.9
29.6  59.2  1370.8  -10.8  515.4  77.1
83.2  34.0  1551.6  18.4  782.9  54.2
-140.0  -27.2  1522.4  -36.2  532.8  82.2
-51.6  56.0  1622.0  65.8  268.8  -28.1
-82.8  30.4  1782.8  -213.0  -570.4  93.3
-30.4  -8.8  1550.0  236.0  -423.6  -33.3
105.2  96.4  1356.8  108.0  32.5  -36.7
-74.0  41.2  1426.4  147.0  -224.5  155.9
-70.0  86.0  1559.6  39.3  -97.7  25.5
67.6  2.4  1514.8  -24.9  -126.5  195.6
22.8  73.6  1686.8  -155.7  -704.7  -36.7
118.8  1.6  1541.6  -2.9  -220.4  39.5
129.6  -30.8  1514.4  -127.2  -246.5  29.9
126.8  -22.0  1587.6  13.1  -91.6  -11.4
152.8  17.2  1493.6  43.7  -118.7  -53.9
212.8  -33.2  1549.6  -79.1  -86.8  25.0
20.0  14.4  1497.6  79.3  -74.2  -87.9
121.2  -23.6  1496.4  -47.1  -80.7  13.9
142.4  -21.2  1470.8  -4.5  -136.3  1.7
160.8  -42.4  1499.2  -74.4  -126.8  6.1
141.6  -12.4  1549.2  61.0  -68.7  -78.0
76.8  -40.4  1490.0  -10.7  -113.3  20.6
151.2  -19.2  1507.6  35.4  -128.0  -15.5
157.2  -55.6  1500.8  -32.0  -90.3  7.5
165.6  -39.2  1537.6  32.1  -67.8  -28.3
142.4  -56.0  1472.8  -8.4  -82.4  -25.4
170.4  -50.0  1534.8  12.3  -82.9  2.2
189.6  -37.6  1505.6  -9.3  -62.3  10.3
164.0  -42.0  1528.0  68.0  -63.1  -36.9
170.8  -27.6  1489.2  27.3  -82.6  -8.0
144.0  -31.6  1490.0  12.5  -52.1  16.8
183.2  -57.6  1515.6  -10.2  -69.7  21.0
159.6  -65.2  1498.4  10.7  -65.0  17.3
190.8  -70.8  1509.6  -5.8  -62.7  -7.8
160.0  -75.6  1485.2  32.3  -56.8  -2.6
231.2  -85.2  1520.0  9.9  -67.9  20.5
128.0  -67.6  1458.4  30.2  -90.3  -23.2
217.6  -102.4  1510.0  -41.3  -73.1  40.4
162.4  -87.6  1504.8  4.6  -83.6  6.1
185.6  -84.4  1486.8  -18.5  -91.8  2.7
206.0  -109.2  1485.6  -42.0  -109.9  19.2
224.8  -118.4  1514.0  -67.7  -102.6  -9.1
269.2  -126.8  1576.4  5.7  -55.0  -9.9
170.4  -111.2  1502.0  7.1  -2.4  -16.2
136.8  -121.6  1459.2  27.8  5.1  -16.7
100.0  -127.6  1410.4  -5.4  -65.6  31.1
204.0  -140.0  1447.2  6.3  -128.9  8.6
185.6  -156.0  1529.6  -57.8  -165.7  34.3
216.8  -162.0  1511.2  -15.9  -109.3  20.5
278.8  -188.8  1577.2  -57.9  -71.3  39.7
296.0  -217.6  1576.4  -11.3  28.2  45.3
333.6  -294.0  1755.6  -104.0  224.9  143.9
392.8  -377.2  2302.8  275.8  447.0  124.6
146.0  -198.4  1809.2  746.7  1182.0  -347.8
-221.6  -62.0  1852.8  1149.3  785.3  -309.1
-351.2  43.2  1304.4  748.9  145.5  -144.0
-227.2  214.8  984.0  363.6  -857.7  -18.9
-43.6  252.0  904.4  164.9  -975.7  10.3
94.8  251.2  821.6  108.6  -777.4  -69.7
143.2  262.0  979.6  -161.0  -487.5  -118.3
186.4  174.0  1227.6  -0.5  145.9  -50.8
2.0  221.6  1448.0  -15.4  662.7  -84.6
-16.4  203.6  1480.4  136.8  810.6  -85.0
-194.4  252.8  1574.8  -60.3  605.9  -46.6
-62.0  106.4  1469.2  -10.9  297.5  45.8
-211.6  140.8  1533.2  -91.2  154.9  18.0
-266.0  142.4  1513.6  -258.5  -393.6  101.3
-142.4  114.0  1595.6  -237.7  -489.8  -34.9
-98.4  88.4  1508.0  -58.3  -209.0  99.1
-112.0  73.2  1450.0  -47.0  -164.4  55.3
-73.6  94.4  1511.6  53.3  -238.1  3.2
-3.2  46.4  1565.6  -104.2  -251.1  91.5
-119.2  65.6  1536.0  112.1  -137.5  19.8
104.8  11.6  1604.8  -205.5  -551.4  6.0
128.8  36.8  1607.6  75.3  -269.4  -18.6
155.6  -25.6  1677.6  -16.8  -131.6  -14.3
71.2  -9.6  1545.2  123.8  -37.9  -91.1
24.0  34.4  1466.0  26.5  -8.8  -33.2
84.4  1.6  1459.6  -49.7  -45.8  31.9
55.6  15.2  1506.4  -42.2  -29.4  -42.0
12.8  16.0  1463.2  -21.5  -61.9  9.2
21.2  -6.8  1505.6  -45.2  -84.8  23.0
34.4  18.4  1447.6  88.2  -84.9  -57.1
-6.8  11.6  1444.4  -30.2  -194.1  35.7
120.8  3.6  1488.4  30.7  -211.6  1.8
196.8  -45.2  1537.2  -14.1  -202.4  22.3
154.4  -6.4  1491.6  45.8  -195.3  -68.3
146.8  -36.0  1637.6  -46.3  -80.1  -42.7
110.8  2.8  1521.6  86.6  -41.8  -77.9
129.6  -40.0  1441.2  -19.7  -83.0  34.1
122.4  -11.6  1493.2  49.1  -81.3  -51.4
150.8  -23.2  1482.0  -36.3  -101.9  -5.2
144.8  7.2  1540.4  32.7  -90.4  -54.9
133.6  -22.8  1454.0  12.2  -113.6  -7.8
192.8  -33.2  1503.2  3.6  -139.0  -8.8
181.2  -37.2  1560.0  48.5  -142.6  -34.9
187.6  -36.8  1480.8  13.2  -129.3  -36.1
204.4  -44.8  1535.2  2.7  -117.5  -32.4
154.4  -44.0  1493.6  -12.7  -81.5  -22.0
187.2  -42.4  1531.2  36.1  -50.3  1.4
186.8  -43.6  1468.8  42.6  -50.6  -12.6
200.8  -46.8  1464.8  8.1  -88.1  -1.7
175.6  -56.0  1509.2  9.3  -77.4  2.7
199.2  -74.4  1486.8  24.9  -67.7  5.8
202.8  -63.2  1486.8  -20.9  -81.3  15.4
238.0  -80.0  1513.2  -6.5  -56.7  5.8
198.0  -60.4  1534.0  -28.7  -39.1  7.8
288.4  -89.6  1508.8  -127.0  -51.0  6.1
298.4  -122.0  1542.4  -409.0  55.4  60.3
318.4  -257.6  1844.8  -785.8  416.5  197.9
288.0  -343.6  2234.0  -59.0  1115.4  140.7
-230.4  -270.4  2389.6  723.0  1383.6  67.3
-486.4  -273.6  1764.4  1361.4  906.9  166.5
-460.8  -34.8  901.2  591.5  -354.5  86.3
-197.2  59.2  912.8  185.1  -1004.1  -23.0
-40.0  162.0  749.2  106.9  -811.0  -78.1
117.2  124.4  862.4  94.9  -645.6  -30.4
4.0  151.6  1119.6  -115.0  -382.6  -182.2
-4.8  103.6  1262.4  210.9  103.6  -39.6
-60.8  82.4  1533.6  -69.8  371.7  -8.8
-159.6  112.4  1422.4  112.9  364.1  -5.8
-173.6  194.4  1506.4  -169.2  271.4  105.2
-87.2  -40.0  1379.6  -104.5  235.9  -6.8
-263.2  -18.4  1709.6  -243.7  -268.1  158.9
-214.0  42.4  1606.8  -190.1  -576.0  14.3
-56.0  6.0  1660.8  166.1  -136.9  14.6
-66.4  -28.4  1473.6  179.5  -143.1  140.9
-130.8  25.6  1487.6  73.1  -192.4  20.1
-52.4  39.2  1519.6  78.5  -211.6  29.8
50.8  5.6  1656.8  61.6  -57.9  6.3
-152.4  11.6  1474.0  59.6  -575.2  -100.0
-18.8  49.2  1602.0  -114.2  -200.7  8.1
125.2  3.2  1553.2  70.5  -248.6  69.1
8.4  14.4  1626.4  -139.0  -159.4  -15.4
34.4  -22.0  1519.6  3.6  -88.3  -3.4
124.8  -39.6  1593.2  -126.9  -47.2  4.5
14.0  -31.6  1467.6  27.5  -79.1  -17.9
82.4  -12.8  1548.0  -12.3  -73.1  -12.4
2.4  -22.0  1411.2  10.5  -87.3  -0.7
102.0  -44.4  1584.4  -83.8  -92.8  48.9
74.0  -26.0  1506.8  71.7  -54.9  -6.2
42.8  -44.4  1506.4  16.0  -86.2  11.4
59.2  -38.4  1532.4  45.0  -63.2  2.1
137.2  -84.4  1509.6  3.9  -70.9  31.8
62.4  -53.6  1502.4  33.7  -59.6  -50.3
22.4  -38.0  1496.0  54.1  -24.3  -30.8
86.0  -51.2  1497.6  -9.6  -55.8  17.2
72.0  -58.4  1551.2  21.0  -25.7  -7.5
43.2  -30.4  1492.8  34.8  -33.2  -40.3
56.4  -54.4  1483.2  -4.4  -45.7  50.8
43.2  -67.2  1506.8  -8.3  -57.0  2.7
63.6  -68.8  1510.0  4.3  -56.0  1.9
51.2  -51.6  1497.2  30.0  -55.9  -7.1
48.4  -49.2  1463.6  -10.2  -86.2  -7.9
32.8  -66.8  1528.8  -15.9  -89.7  -0.7
56.0  -61.6  1489.6  -11.9  -97.0  -25.3
77.6  -82.8  1486.8  -50.4  -114.1  -19.7
60.4  -82.8  1540.8  16.9  -98.3  -24.1
84.4  -89.2  1474.8  -1.0  -111.1  -35.2
120.4  -114.0  1523.2  -140.9  -122.5  -2.5
139.2  -166.8  1615.2  -191.8  -68.7  51.7
187.2  -240.0  1802.4  -329.7  282.3  146.0
-92.8  -315.6  2747.6  214.3  1721.6  111.2
142.8  -450.8  1940.0  1190.3  2136.6  108.6
-623.2  -34.4  1117.2  927.5  384.3  -233.8
-795.6  98.0  747.2  159.9  -518.9  -61.4
-375.6  144.4  911.2  -84.0  -1204.2  29.6
-123.2  164.4  813.6  26.1  -1025.0  17.8
-27.2  145.2  905.2  -157.8  -737.1  -7.4
58.0  66.8  1116.0  -120.0  -298.3  -34.0
-157.6  22.0  1449.6  -265.3  169.9  -29.2
-250.8  -7.2  1385.6  -305.5  238.3  37.9
-356.8  -82.0  1754.8  -313.1  525.7  114.3
-238.8  -62.8  1379.6  -196.9  -17.9  230.5
-184.0  -144.8  1770.0  -345.6  -636.0  60.5
-112.0  -178.4  1667.2  152.7  -469.0  100.2
-105.2  -159.2  1475.2  344.8  -52.7  96.9
-106.8  -100.8  1447.2  304.9  -232.3  48.3
-82.8  -93.6  1546.0  1.3  -195.3  32.1
-167.2  -86.4  1466.8  147.8  -250.0  90.9
-16.8  -46.8  1590.0  53.1  -311.9  -71.5
62.8  -93.2  1506.0  96.9  -173.4  55.4
-28.8  -54.0  1526.4  -28.5  -171.8  -25.0
28.4  -80.4  1493.6  -36.4  -169.7  35.9
32.8  -61.2  1562.4  -10.1  -104.8  -21.8
65.6  -113.2  1449.2  -74.2  -146.4  47.2
46.8  -89.6  1530.0  -30.5  -233.1  -10.8
105.2  -114.4  1491.6  -25.4  -201.5  -17.3
62.8  -106.0  1560.0  -29.2  -194.4  -41.1
72.8  -125.6  1498.4  10.7  -178.4  -4.4
100.4  -118.0  1508.8  -4.3  -135.7  14.3
114.0  -112.4  1533.2  30.6  -86.5  0.0
153.2  -146.8  1440.0  -29.3  -126.4  22.7
174.8  -126.4  1596.8  64.0  -46.4  -49.6
109.6  -112.0  1489.2  33.7  -34.9  -32.2
154.8  -137.2  1462.4  -8.1  -81.1  -5.7
116.8  -131.6  1494.4  -45.6  -99.1  -19.6
121.6  -136.4  1517.6  -3.9  -71.3  -19.9
169.6  -144.4  1486.8  -8.6  -105.0  -41.4
135.2  -123.2  1525.6  -2.6  -111.1  -43.4
124.4  -145.6  1487.6  4.4  -90.8  -17.1
118.4  -134.4  1463.2  -34.5  -142.4  -24.8
151.6  -164.8  1497.6  -15.5  -139.0  -17.4
118.0  -154.4  1460.0  -10.2  -144.1  -9.5
189.2  -190.4  1549.2  7.5  -96.2  -7.9
198.0  -195.6  1510.0  -6.2  -86.3  7.7
265.6  -229.2  1554.4  -23.3  -64.4  -1.7
206.0  -202.8  1488.8  -19.6  -31.5  -15.4
186.8  -212.0  1537.2  -47.7  14.2  22.0
287.2  -280.8  1672.0  -91.5  141.3  87.0
364.4  -374.0  2022.4  -81.4  427.2  123.0
401.2  -414.0  2175.6  525.1  851.3  -143.3
-161.6  -300.4  2222.4  1029.0  1125.9  -583.7
-518.0  -82.8  1152.0  1376.3  550.8  -427.9
-456.8  121.2  820.0  403.7  -1273.7  -45.1
-47.6  233.2  741.2  293.8  -1045.9  107.6
158.0  226.8  800.8  76.7  -820.2  141.7
176.4  202.8  973.2  -175.4  -512.4  122.5
57.2  164.8  1254.8  -174.0  156.9  -37.3
82.8  105.6  1308.8  -292.6  530.7  14.7
-62.8  56.4  1534.0  -395.6  647.0  -62.6
-238.4  101.2  1644.4  -222.9  552.9  57.2
-67.6  -38.8  1631.6  -235.5  331.4  67.9
-160.0  -89.6  1613.2  -98.0  63.4  112.9
-68.0  -30.8  1630.0  -161.2  -596.9  82.2
-56.8  -110.4  1618.0  -4.6  -239.4  131.4
-151.2  0.4  1438.4  272.6  -183.6  55.3
14.0  -57.6  1495.6  -90.0  -224.8  92.5
15.2  -99.6  1432.0  0.3  -314.0  167.4
46.8  -69.6  1494.4  -176.2  -173.2  70.6
64.0  -147.2  1624.4  110.8  -176.9  79.6
104.4  -139.2  1652.4  -33.3  -454.8  45.9
84.0  -54.8  1542.0  233.8  -193.6  -96.3
142.4  -60.4  1495.2  -13.4  -141.8  -66.7
93.6  -68.0  1539.6  -8.3  -119.5  -0.2
112.0  -63.2  1548.0  18.1  -96.9  -9.3
108.0  -93.2  1492.4  42.8  -55.6  -33.8
204.0  -92.8  1511.2  -17.2  -96.4  -8.6
149.6  -65.6  1453.2  43.3  -110.2  -88.6
158.8  -110.8  1543.2  -70.6  -120.9  1.9
135.6  -85.6  1486.4  22.9  -88.4  -51.6
154.0  -111.6  1470.0  -41.7  -125.7  -24.6
167.6  -90.4  1473.2  54.6  -149.1  -86.2
111.2  -109.6  1555.2  -79.0  -132.4  -8.5
150.8  -127.2  1533.6  73.8  -105.5  -3.4
198.4  -138.4  1498.4  -24.4  -106.5  49.7
183.6  -105.2  1510.8  65.1  -59.4  -13.2
214.8  -145.6  1505.2  17.7  -61.4  23.0
210.4  -119.6  1489.2  1.1  -100.7  -12.8
204.4  -133.2  1539.6  -10.5  -71.0  -1.0
181.6  -120.4  1498.4  4.2  -60.7  -13.4
178.4  -123.6  1476.0  1.0  -62.6  -9.3
187.2  -136.8  1482.0  6.9  -91.4  -2.7
194.0  -138.4  1505.6  39.6  -98.3  -22.4
180.4  -138.8  1500.8  17.4  -97.6  -5.0
241.6  -150.0  1514.4  -2.9  -73.0  14.8
201.6  -150.4  1510.4  16.5  -34.5  -10.7
191.6  -148.4  1464.8  29.9  -49.2  -7.3
205.2  -149.6  1490.8  2.1  -75.4  -3.7
204.0  -151.2  1534.4  32.3  -59.3  -6.0
211.2  -133.2  1492.4  -4.0  -78.7  10.9
185.2  -130.4  1517.6  14.7  -25.7  9.4
223.6  -160.8  1476.4  19.4  -46.7  15.8
154.0  -171.6  1510.0  14.2  -65.9  -2.2
200.8  -163.2  1448.4  17.2  -68.5  24.3
218.4  -156.8  1487.6  -35.0  -98.3  20.0
240.0  -189.2  1521.2  -16.4  -78.9  5.0
245.2  -201.2  1526.8  6.4  -46.8  -21.4
256.0  -202.0  1529.2  -35.4  -18.9  -26.2
242.0  -224.8  1486.8  -43.1  25.1  9.4
272.4  -258.4  1641.6  -136.6  119.5  54.4
529.6  -380.8  1960.8  -41.9  561.6  88.0
507.6  -424.8  2246.0  536.8  916.5  -349.5
-241.2  -233.2  2038.0  1483.8  1547.7  -743.7
-693.6  -61.2  1082.4  1417.7  1048.3  -446.4
-716.0  190.8  722.0  474.8  -850.0  57.9
-395.2  293.2  884.4  131.4  -1207.2  164.8
-36.0  276.8  792.4  2.4  -960.6  196.1
96.4  220.8  961.6  -287.3  -720.7  67.7
128.8  215.6  1198.0  -122.5  -241.7  51.7
33.6  141.2  1282.0  -258.5  246.1  27.4
-69.6  114.0  1430.8  -79.7  587.0  103.9
-186.8  129.2  1540.8  -212.9  394.8  99.3
-63.6  86.4  1549.6  -109.5  314.6  84.1
-224.0  59.2  1561.2  -132.0  184.6  96.5
-303.2  46.8  1479.2  -102.7  -247.3  227.2
-66.4  36.0  1615.6  -242.9  -705.0  141.3
-29.6  -22.4  1607.6  -104.1  -315.6  114.0
-84.0  40.4  1522.0  73.5  -299.7  67.1
4.8  -34.8  1471.6  -197.8  -340.2  134.5
49.6  -14.0  1590.0  9.8  -179.8  37.3
16.8  -58.0  1496.8  -178.7  -246.4  104.5
113.2  16.0  1718.0  93.8  -159.5  59.0
82.4  -44.4  1578.0  -32.9  13.4  0.0
50.8  -45.2  1504.0  -12.2  -308.8  16.4
177.2  -104.8  1548.0  -143.5  -183.6  58.6
105.6  -53.2  1469.6  -31.1  -322.5  -22.4
196.8  -149.2  1556.0  -171.5  -278.7  29.5
135.6  -111.2  1562.8  17.2  -122.1  -30.1
148.0  -124.4  1505.6  -27.9  -116.4  9.9
199.2  -128.4  1478.0  -25.9  -121.0  18.2
173.6  -114.4  1491.6  -17.5  -111.2  -1.8
234.0  -142.4  1498.4  8.7  -122.0  -22.1
183.6  -145.6  1544.0  -29.4  -82.9  -38.3
179.6  -146.0  1492.4  53.2  -48.6  2.6
184.4  -153.2  1456.8  -5.8  -92.4  22.4
253.2  -148.0  1538.4  30.3  -84.4  -32.5
211.2  -128.8  1523.6  -6.9  -102.2  -24.6
186.8  -146.4  1477.2  34.7  -66.6  -8.9
178.0  -156.4  1472.0  -2.4  -88.1  1.9
210.4  -159.2  1498.0  19.5  -82.9  -8.7
206.4  -169.2  1462.8  3.2  -107.7  8.8
265.2  -173.2  1556.0  -25.2  -84.2  7.6
216.4  -166.4  1496.0  35.4  -61.4  -26.7
198.8  -156.8  1499.6  31.9  -52.2  -19.0
218.8  -167.2  1504.8  28.7  -50.1  -5.2
199.2  -173.2  1509.6  29.4  -48.9  -6.5
208.8  -177.6  1490.0  12.3  -45.3  5.1
213.6  -174.0  1465.6  51.1  -52.0  -4.6
210.0  -178.8  1494.8  -4.1  -65.5  0.9
191.2  -178.8  1482.0  -0.7  -68.2  23.4
227.6  -186.8  1522.4  14.7  -54.0  -10.7
192.0  -181.6  1478.4  22.3  -44.9  -9.3
218.4  -192.4  1482.8  3.8  -55.6  6.1
205.6  -186.8  1484.8  -3.5  -84.7  -21.2
179.2  -175.2  1470.4  -4.9  -73.2  -23.2
230.4  -204.8  1485.2  -50.0  -96.5  14.7
190.4  -197.2  1498.8  18.2  -66.1  -18.5
231.2  -216.0  1465.2  -27.0  -95.8  25.9
246.0  -228.4  1519.2  -0.2  -74.2  -2.0
300.0  -244.4  1528.0  4.7  -53.5  2.2
315.2  -251.2  1567.6  24.2  6.3  -27.5
254.0  -318.0  1688.0  -191.8  202.9  11.9
440.0  -446.4  2103.2  -125.3  574.4  286.6
265.2  -430.0  2264.0  481.0  1216.7  -184.4
31.2  -372.0  2038.8  1552.2  1729.5  -436.0
-692.0  -40.8  862.0  1562.2  998.9  -399.6
-686.8  250.0  507.2  436.9  -1129.1  92.9
-112.4  229.2  764.4  132.2  -1138.9  237.5
-24.4  249.2  858.4  -105.4  -983.9  124.5
35.2  220.8  1123.6  -260.6  -582.2  59.6
60.8  139.6  1330.0  -280.2  -109.0  3.5
-1.6  124.4  1440.0  -196.6  360.6  -15.3
-238.0  88.0  1555.6  -190.8  528.1  94.0
-216.4  -16.0  1565.2  -77.0  436.9  128.7
-192.4  6.8  1568.0  -42.9  362.1  12.5
-203.2  -10.4  1486.0  9.4  179.8  37.5
-251.2  35.6  1557.2  -97.7  -556.3  131.6
-150.4  17.6  1487.2  -96.5  -597.2  8.0
-144.0  14.0  1554.4  -16.4  -351.3  76.5
-68.0  -77.2  1502.4  -140.2  -448.0  101.4
-66.0  15.6  1567.2  117.6  -366.2  -16.3
4.8  -51.2  1498.0  -69.5  -281.4  71.0
36.8  4.0  1617.2  -29.0  -229.6  45.3
54.0  -47.2  1540.0  -11.7  -342.3  77.2
124.8  -50.4  1611.6  -47.2  -200.0  15.1
149.6  -90.4  1515.6  -14.0  -85.6  39.9
48.4  -46.4  1518.8  -4.4  -141.6  -0.3
66.8  -82.8  1410.8  -116.2  -144.6  89.7
138.8  -90.8  1545.2  -54.0  -153.6  70.0
204.0  -134.0  1486.8  -73.9  -142.2  13.0
113.2  -87.2  1534.4  13.6  -177.1  -40.9
199.2  -114.8  1550.8  -41.9  -134.2  18.3
204.4  -120.0  1546.0  29.6  -134.7  -32.3
234.0  -130.8  1505.6  6.8  -134.8  -36.0
173.6  -113.2  1483.6  75.7  -137.0  -93.2
162.8  -152.0  1516.0  -32.0  -120.2  -16.1
159.2  -126.0  1466.0  49.3  -104.9  -94.6
227.2  -151.6  1518.4  -17.0  -113.3  -37.6
196.0  -130.0  1493.6  45.3  -57.2  -86.4
212.4  -153.6  1476.0  39.1  -101.3  -76.7
207.6  -134.0  1467.2  11.8  -76.2  -56.8
247.2  -146.4  1517.6  14.3  -77.5  -33.6
187.2  -106.0  1494.8  9.6  -62.9  -94.9
302.4  -144.8  1500.0  4.5  -87.9  -46.4
254.0  -130.8  1491.2  18.6  -57.0  -113.1
228.4  -134.8  1493.2  37.6  -50.3  -101.8
228.0  -128.0  1500.0  -2.5  -65.1  -58.8
206.0  -132.4  1485.6  13.9  -71.3  -80.5
236.8  -158.0  1535.6  11.4  -63.2  -52.9
198.4  -134.4  1463.6  51.4  -73.0  -80.2
237.6  -160.4  1488.8  -56.5  -107.6  6.0
244.0  -148.0  1502.0  45.5  -56.9  -78.1
236.8  -151.6  1489.6  4.2  -73.7  -29.1
213.2  -132.4  1490.4  25.7  -66.9  -69.1
218.0  -146.4  1502.8  3.8  -73.1  -24.0
264.8  -174.0  1508.8  -5.6  -74.1  -27.6
250.0  -178.4  1517.2  7.6  -54.2  -32.6
239.2  -166.8  1502.8  24.9  -38.0  -52.5
208.8  -184.8  1470.0  -11.6  -53.2  -21.2
281.2  -189.2  1491.2  10.3  -38.2  -56.8
230.8  -187.6  1467.2  23.4  -34.9  -59.3
241.2  -154.4  1487.2  4.6  -30.9  -81.2
250.4  -158.4  1466.0  0.0  -46.8  -61.4
230.8  -176.4  1490.4  -20.7  -70.6  -51.1
224.8  -170.8  1546.8  -6.6  -43.3  -33.7
207.2  -159.2  1522.0  -13.9  -21.8  9.1
293.2  -214.4  1570.8  -78.4  26.5  76.3
396.8  -334.0  1892.4  -24.6  318.9  177.9
479.2  -337.2  2309.2  284.3  1118.2  39.3
21.6  -333.2  2157.2  1334.8  1978.8  -410.8
-454.0  -104.8  1517.2  1713.2  1453.3  -423.9
-829.6  116.0  892.0  1128.4  330.8  11.5
-320.8  280.0  717.2  434.0  -1154.3  205.9
-174.8  311.6  675.2  103.4  -973.3  146.7
45.6  300.0  848.0  -222.4  -858.8  89.9
4.0  274.0  1163.6  -354.3  -525.2  -81.6
-135.2  256.4  1407.6  -298.8  157.6  -72.1
-183.2  220.4  1390.8  -322.1  294.1  -17.7
-266.4  224.4  1416.8  -170.3  587.9  2.1
-293.6  134.8  1487.2  -248.3  482.3  101.4
-236.0  106.0  1501.6  -334.6  -389.7  176.9
-198.0  62.8  1734.4  -442.4  -869.2  82.3
-98.0  -13.6  1565.6  -25.4  -330.6  91.4
23.2  -16.4  1509.6  -84.7  -340.2  9.3
-30.4  -58.4  1544.8  -149.4  -361.6  62.9
-42.4  13.2  1544.8  -12.0  -192.0  -52.4
-2.4  -60.4  1514.0  -52.1  -230.6  79.0
32.8  -38.8  1512.0  -88.8  -134.0  25.5
79.2  -80.4  1509.2  -152.8  -147.4  104.3
65.2  -53.2  1581.2  8.2  -98.3  37.1
37.2  -54.0  1476.0  70.0  -151.5  9.3
91.2  -88.0  1537.6  -65.7  -115.0  65.6
28.8  -72.0  1458.0  -7.9  -147.7  37.8
125.2  -117.2  1538.0  -46.2  -114.1  43.0
83.2  -87.6  1464.0  23.4  -174.7  5.9
95.6  -130.4  1583.2  -83.3  -160.9  12.6
101.6  -116.8  1574.4  62.1  -108.8  -23.1
128.8  -111.6  1503.6  -10.9  -139.5  -8.8
116.0  -126.4  1553.6  2.7  -93.8  -3.7
126.0  -114.4  1508.0  38.7  -66.7  -11.4
133.2  -125.6  1489.2  13.1  -89.0  -14.4
179.2  -132.4  1538.4  15.7  -63.4  -12.6
129.2  -132.8  1487.6  22.6  -69.2  -76.3
131.2  -122.0  1499.2  34.5  -77.4  -39.2
142.0  -112.4  1542.8  24.7  -57.9  -76.4
130.0  -120.8  1509.2  22.5  -48.5  -17.1
140.0  -125.2  1483.6  14.7  -74.2  -17.7
135.6  -121.6  1518.8  0.0  -69.9  -14.1
125.2  -118.0  1498.0  30.7  -80.3  -21.5
129.2  -130.8  1524.0  23.9  -83.4  -2.3
155.2  -142.8  1490.8  32.0  -52.2  7.7
150.8  -136.8  1477.2  2.5  -69.7  5.6
136.8  -133.2  1503.6  15.2  -71.9  -0.5
134.8  -132.4  1491.2  12.2  -74.5  10.9
168.0  -129.2  1500.0  -2.4  -83.9  -25.4
115.6  -139.6  1484.0  6.2  -81.4  -20.7
136.4  -149.6  1484.4  -5.5  -96.1  16.2
161.6  -172.8  1521.2  -11.9  -90.3  19.7
182.8  -169.2  1465.2  0.0  -86.3  23.9
186.4  -168.0  1534.4  -43.2  -101.2  -22.9
168.8  -201.6  1539.6  7.8  -66.4  -22.2
246.0  -208.4  1612.0  26.8  55.2  -16.5
362.8  -298.0  1744.0  254.8  310.9  -20.0
428.0  -319.6  2340.8  259.3  770.3  -319.2
-6.4  -214.4  2331.2  1312.2  1424.4  -569.3
-358.0  -4.4  1326.8  1706.6  1816.5  -386.6
-764.8  215.6  690.4  639.5  -235.0  22.2
-378.8  308.8  813.2  -156.1  -1567.5  224.9
-47.6  305.2  821.6  -86.0  -1238.2  171.7
41.2  265.2  856.8  -308.6  -879.0  -14.3
78.4  216.0  1105.2  -298.8  -484.4  50.2
-8.4  167.6  1285.6  -214.0  316.9  -34.0
-101.2  128.0  1450.4  -112.4  737.8  53.2
-137.6  124.8  1571.6  -204.3  684.2  73.6
-239.6  96.8  1588.0  -139.5  609.4  59.8
-240.8  69.2  1586.4  -286.6  -211.0  142.4
-51.2  -19.6  1624.4  -444.7  -891.9  84.2
-36.8  -23.6  1615.2  -57.2  -51.8  46.9
-85.2  -24.8  1419.6  -102.4  -378.2  98.9
-51.2  -40.8  1541.2  -169.3  -481.8  -7.0
66.8  -108.0  1530.4  -147.9  -315.6  99.6
-14.4  -60.0  1543.6  -190.8  -344.0  -26.7
95.2  -131.6  1561.2  -17.2  -284.2  83.7
84.4  -94.4  1568.8  48.1  -139.1  21.6
58.0  -126.8  1497.2  -39.6  -223.4  70.2
407.2  -205.6  1644.4  61.2  108.0  118.8
61.6  -131.6  1480.0  -30.2  -142.0  61.0
151.6  -174.8  1549.2  -21.8  -183.4  47.5
149.2  -170.8  1473.6  -51.0  -195.8  71.8
166.0  -157.6  1545.6  3.7  -120.5  15.8
176.8  -190.4  1484.8  9.8  -130.0  3.0
260.0  -195.6  1602.0  -3.8  -148.8  -31.4
188.0  -204.4  1474.8  40.0  -98.7  -60.7
160.8  -170.0  1535.6  5.9  -58.0  -45.1
152.0  -169.6  1464.4  44.2  -40.6  -6.9
157.2  -170.0  1470.0  24.9  -65.1  -34.2
228.8  -180.8  1493.2  10.9  -95.8  -18.7
179.2  -190.0  1487.6  -14.0  -91.4  -33.3
188.8  -183.6  1516.4  28.1  -69.8  -35.8
206.4  -164.4  1508.0  26.5  -59.3  -20.2
130.4  -171.6  1474.0  30.6  -65.3  -19.1
178.4  -180.4  1444.0  14.0  -100.1  -3.5
192.4  -203.2  1485.2  -5.1  -102.5  6.0
223.6  -210.4  1524.0  7.5  -77.1  -10.3
208.0  -183.6  1492.0  20.5  -62.3  -14.8
218.8  -195.6  1486.8  21.0  -53.0  -6.5
197.6  -190.8  1480.4  -1.6  -86.8  -25.7
176.4  -183.2  1506.8  7.1  -75.6  -21.2
188.8  -181.6  1502.4  28.4  -59.7  -16.8
214.8  -231.6  1466.8  9.2  -80.4  16.3
222.0  -218.0  1493.2  51.5  -63.6  -30.4
252.4  -219.2  1560.8  19.1  -39.8  -21.3
234.0  -218.4  1517.2  38.8  7.5  -16.1
195.6  -213.2  1506.8  41.3  20.2  -49.8
198.8  -218.0  1488.4  35.9  37.0  -50.7
151.6  -180.0  1466.0  32.5  7.5  -59.2
91.2  -159.6  1452.0  36.9  -16.7  -7.9
115.2  -195.2  1469.2  10.1  -61.3  56.1
212.4  -205.6  1498.0  23.7  -101.6  4.8
208.4  -229.2  1545.6  42.6  -66.2  -28.1
229.2  -245.6  1551.2  84.6  -4.4  -26.4
267.2  -253.6  1536.4  133.1  -57.4  -85.6
242.4  -256.0  1758.4  95.0  7.9  -39.8
291.2  -281.6  1915.6  192.5  360.2  -9.8
203.6  -248.0  1919.2  427.9  506.3  -146.0
-12.4  -192.8  1838.0  1031.4  1082.0  -329.0
-318.8  -20.0  1447.2  745.7  330.1  -254.5
-406.4  202.0  1158.8  302.1  -1007.7  -30.5
-112.8  197.2  920.4  189.7  -1034.7  105.9
95.2  154.0  935.2  150.0  -767.8  47.8
186.0  203.2  1036.4  150.5  -319.0  29.3
158.0  178.8  1070.4  36.3  147.1  -49.8
66.8  202.0  1328.0  -117.9  496.0  1.6
-17.2  199.6  1443.6  -156.5  664.8  5.9
-48.4  120.0  1560.4  -214.2  464.7  161.4
-113.2  99.6  1633.2  -100.9  506.2  32.4
-193.6  118.0  1523.2  -56.4  309.5  46.4
-133.2  74.4  1513.6  -220.8  -246.3  120.0
-125.2  20.0  1518.8  -193.6  -569.4  -34.6
-134.8  26.4  1544.4  -191.1  -468.2  88.3
4.0  -19.6  1528.8  -135.0  -420.8  80.4
76.8  -69.2  1513.2  -366.1  -642.6  127.5
24.8  -58.0  1614.8  -102.2  -433.3  36.5
161.6  -53.6  1540.0  5.6  -146.5  61.3
200.0  -106.8  1601.6  -2.8  -160.6  73.1
186.4  -155.2  1536.0  6.4  -185.9  104.3
198.0  -108.0  1499.2  46.2  -94.3  9.1
183.6  -113.6  1444.8  3.6  -118.6  38.7
230.0  -106.4  1558.8  4.2  -82.6  57.3
214.8  -129.6  1501.2  -47.7  -101.2  46.6
184.4  -126.4  1549.2  40.6  -70.8  -20.9
272.8  -149.6  1480.0  16.2  -72.1  3.3
181.2  -122.0  1477.6  30.1  -68.6  -46.0
176.0  -106.4  1468.4  15.9  -72.8  -36.7
203.2  -104.0  1502.4  -24.3  -129.1  -22.5
181.6  -128.4  1510.0  18.0  -69.9  -4.6
229.6  -139.2  1529.2  32.2  -94.3  -20.3
258.0  -158.0  1496.0  32.8  -80.1  -3.4
219.6  -133.6  1518.4  45.0  -69.2  -49.9
211.6  -144.4  1516.8  4.9  -62.6  -13.6
213.2  -125.6  1503.2  27.3  -45.7  -24.1
194.0  -128.4  1489.2  20.5  -58.6  -14.0
207.2  -148.4  1455.2  -3.1  -83.7  7.3
234.0  -145.2  1558.4  -6.0  -89.9  23.5
243.6  -150.4  1495.2  11.4  -75.5  -17.6
215.2  -140.8  1484.8  8.2  -71.9  -15.0
257.2  -171.2  1499.6  -45.9  -85.7  13.2
252.8  -168.8  1559.2  25.5  -13.6  -25.6
262.0  -190.8  1508.8  8.1  43.8  -47.3
213.2  -187.6  1537.2  -20.5  85.2  -32.9
208.8  -201.2  1590.0  14.6  132.8  14.7
244.0  -308.8  1755.6  -31.4  287.0  106.7
332.0  -292.8  2143.6  328.9  628.1  8.9
58.0  -230.8  2004.0  512.2  813.8  -285.3
-228.0  -108.0  1613.6  1161.3  869.7  -325.5
-419.2  109.6  1102.0  330.5  -639.3  -45.3
-81.2  109.6  1073.6  34.0  -1198.3  60.1
135.6  104.0  948.8  -14.6  -852.4  51.9
159.2  133.6  1056.0  56.6  -459.1  -20.9
196.4  104.8  1134.4  -55.8  -74.3  -43.2
43.2  102.0  1229.6  56.5  442.1  -56.5
23.6  71.2  1487.2  -159.7  627.1  10.1
-50.4  124.0  1522.0  -126.8  439.4  143.6
-135.2  38.0  1641.2  -19.6  526.9  -42.0
-135.2  -8.4  1510.8  -73.4  325.8  190.4
-71.6  10.4  1634.8  12.0  -138.8  185.6
-46.8  -26.8  1544.0  -201.5  -325.3  -3.1
-54.8  -11.6  1574.0  -67.4  -568.4  22.1
43.6  -84.0  1521.2  -166.6  -419.2  65.5
-32.4  -60.4  1503.6  -100.8  -535.0  -1.2
56.8  -80.4  1479.6  -264.0  -443.1  115.2
161.6  -76.8  1740.0  106.4  -220.9  -3.9
156.0  -122.4  1586.0  15.7  -155.7  -3.0
172.0  -114.0  1530.0  62.0  -172.0  -1.0
220.4  -139.2  1518.0  -7.3  -86.2  27.0
108.4  -116.8  1440.8  -1.9  -200.4  6.1
179.6  -133.6  1547.2  23.0  -127.4  20.0
164.0  -132.0  1491.6  35.2  -201.9  2.5
305.2  -151.6  1526.4  -49.1  -110.8  27.4
194.8  -148.0  1476.4  -43.0  -117.0  7.9
266.8  -144.4  1577.6  19.8  -71.1  6.8
195.6  -124.8  1452.0  66.1  -113.9  -47.3
250.4  -153.6  1537.6  -2.3  -84.6  11.3
220.8  -147.6  1483.6  46.8  -69.2  -21.5
214.0  -150.4  1464.0  33.9  -64.7  -8.9
202.4  -136.4  1515.2  -9.7  -36.1  8.2
258.0  -162.4  1488.0  -16.9  -49.4  50.5
228.8  -145.6  1510.4  22.9  -62.8  -19.8
228.4  -166.4  1478.0  -3.6  -74.6  35.2
223.2  -157.2  1476.0  -9.7  -62.3  3.9
255.2  -155.2  1492.4  4.8  -77.1  8.3
235.6  -171.2  1468.0  10.9  -66.7  -1.3
182.0  -167.6  1480.4  16.4  -75.7  7.5
225.6  -168.8  1458.0  16.9  -63.2  -1.9
232.4  -197.6  1521.6  12.3  -34.4  25.6
248.0  -190.0  1478.0  28.9  -88.8  9.3
228.8  -175.6  1470.4  29.8  -37.8  -46.1
230.8  -202.8  1506.8  -19.9  -71.2  5.6
248.0  -204.8  1590.4  3.6  -41.4  14.8
265.6  -208.0  1531.6  33.3  -0.2  -7.9
240.8  -208.8  1532.0  12.3  -13.4  -0.7
239.6  -208.0  1498.0  40.9  15.4  -61.1
208.4  -214.4  1456.0  -3.9  6.6  -47.2
206.8  -210.0  1501.6  -42.5  0.6  -17.4
178.8  -215.2  1503.2  -13.1  -8.9  -32.3
175.6  -220.0  1472.8  -3.0  58.7  -46.1
151.6  -220.0  1532.4  6.6  24.5  -11.7
204.0  -244.8  1528.0  32.7  -14.2  40.9
198.4  -277.2  1649.6  135.8  7.0  0.4
351.6  -382.0  1811.6  -5.0  157.3  34.2
283.2  -353.6  1970.4  258.1  454.4  -132.8
10.4  -247.6  1836.8  766.3  1025.9  -341.8
-235.6  -81.2  1448.8  631.2  769.3  -224.4
-349.2  49.2  1394.8  288.7  -4.6  -149.6
-242.4  118.0  1080.4  282.2  -713.8  -114.3
-80.0  114.4  982.4  158.3  -775.4  -16.1
70.4  112.0  1055.2  121.5  -397.0  -28.6
17.6  115.2  1085.6  199.9  -49.7  -58.8
-36.0  90.8  1303.6  12.4  351.5  -43.6
-148.4  114.4  1446.0  29.8  506.7  29.3
-282.8  60.8  1592.8  -183.2  597.1  83.2
-253.2  78.8  1478.4  12.9  388.3  109.3
-193.6  44.0  1708.4  -300.9  -219.0  77.8
-114.8  -16.8  1621.2  -175.8  -595.6  -25.2
-59.2  -65.2  1542.8  114.0  -296.1  14.9
-30.0  -103.2  1454.4  -168.7  -539.8  24.8
-86.0  -42.0  1635.6  -118.0  -350.6  -124.8
-4.0  -51.2  1506.4  -12.5  -310.3  -4.3
-0.4  -72.8  1542.0  -189.4  -356.0  -31.7
70.8  -122.8  1580.0  71.8  -259.2  88.5
140.4  -82.8  1572.8  37.9  -150.7  -41.9
155.6  -140.0  1521.6  -38.9  -223.9  13.9
124.8  -84.0  1547.2  88.0  -144.6  -73.4
78.8  -125.6  1474.0  -28.1  -194.9  10.0
106.4  -86.4  1490.0  -25.6  -121.9  15.4
106.0  -105.6  1464.4  -35.2  -155.8  60.3
159.6  -94.8  1519.6  -19.1  -134.7  45.9
189.2  -144.8  1525.6  -26.6  -109.8  54.6
197.6  -133.6  1543.2  21.7  -80.6  -24.7
150.4  -146.4  1526.8  21.1  -86.3  3.4
181.2  -141.6  1524.8  28.8  -76.2  4.2
140.4  -151.6  1450.0  38.5  -67.4  -10.7
208.8  -177.6  1502.0  -7.4  -82.0  13.0
160.4  -126.0  1531.6  24.1  -25.7  -45.4
162.8  -137.2  1496.4  36.1  -58.6  -20.8
136.0  -123.6  1448.4  -8.0  -72.4  1.5
205.2  -143.2  1516.8  5.1  -102.1  23.6
178.8  -130.0  1525.6  23.1  -71.8  -17.1
173.6  -170.4  1490.4  29.4  -41.2  -12.9
138.4  -162.0  1504.0  4.2  -56.3  6.1
202.4  -182.0  1519.6  2.5  -32.4  19.6
204.4  -201.2  1534.4  10.2  -9.7  -14.5
182.0  -215.6  1544.4  -13.8  72.2  -7.4
235.6  -234.4  1662.8  37.8  132.9  -53.1
273.6  -305.6  1856.4  17.1  224.4  -69.6
213.6  -335.6  1961.2  470.7  495.1  -218.3
-139.2  -152.8  1778.4  887.0  1092.9  -335.9
-420.0  43.6  1432.8  574.4  478.7  -137.5
-387.6  100.8  1248.0  119.3  -584.9  38.2
-184.0  145.2  1130.8  77.8  -957.5  49.6
14.4  125.6  963.2  56.0  -813.2  65.6
162.8  113.2  1056.4  77.1  -400.5  57.9
78.0  138.0  1126.4  22.4  44.6  -114.5
-44.0  134.4  1295.6  4.0  263.2  -34.3
-75.2  75.6  1419.2  -103.1  332.9  88.2
-130.8  74.4  1343.6  -115.7  390.3  141.4
-96.4  46.0  1625.2  -148.4  372.7  131.3
-228.4  -15.6  1524.4  -155.9  -36.4  174.0
-66.4  7.6  1707.2  -76.1  -107.8  27.5
-100.4  -59.6  1391.6  -114.2  -409.7  124.3
28.0  -49.2  1600.0  -270.6  -583.2  6.3
-46.0  -117.6  1514.4  -249.6  -285.0  75.8
-73.2  -300.8  1663.2  -153.2  -313.4  126.8
74.8  -122.0  1483.6  -150.3  -321.3  126.9
67.2  -119.6  1636.8  43.0  -174.7  -21.2
63.2  -148.4  1369.2  82.1  -278.8  57.7
66.0  -137.6  1660.8  16.4  -164.3  21.5
81.2  -150.0  1470.0  -99.9  -475.1  55.8
334.4  -212.0  1629.2  -106.5  -400.0  70.9
214.8  -178.0  1537.6  -100.6  -262.1  -45.4
299.6  -229.2  1577.6  -73.4  -195.3  29.4
259.2  -232.0  1448.8  -82.5  -154.5  -37.4
306.8  -254.8  1589.6  -40.5  -95.8  43.3
309.2  -244.0  1518.0  -47.9  10.7  -49.3
338.0  -318.4  1660.0  -42.0  138.2  42.2
488.0  -482.0  2053.6  -23.5  489.0  91.5
474.0  -478.0  2538.0  638.1  1112.9  -369.4
-143.2  -348.0  1937.2  1220.2  1524.0  -513.9
-549.2  -38.4  861.2  1429.6  1175.5  -204.3
-482.0  292.4  570.0  213.8  -951.9  23.3
-141.6  259.6  674.8  59.6  -1122.5  107.2
55.2  220.4  887.2  -30.1  -849.3  7.0
45.6  172.8  1001.2  -214.9  -411.9  -94.9
-66.0  193.2  1398.0  -167.0  24.1  -67.5
-6.0  118.4  1430.0  -125.2  387.3  -0.9
-292.4  138.0  1444.0  -31.1  581.6  62.2
-198.0  106.0  1478.0  -81.6  501.8  102.1
-230.8  30.4  1564.8  -313.3  -10.1  244.2
-154.8  38.8  1526.0  -202.3  -463.4  129.7
-35.2  -0.8  1671.2  -288.3  -474.0  34.7
-102.4  -77.6  1522.8  -38.8  -373.2  181.5
28.8  -86.4  1501.6  -331.9  -404.0  99.2
-38.8  -92.0  1581.2  -49.5  -488.5  -20.7
26.8  -92.4  1496.0  -39.9  -284.0  22.4
151.2  -143.6  1614.8  129.1  -234.5  47.0
172.8  -90.0  1530.4  76.6  -172.4  -100.9
190.8  -147.6  1526.8  -70.8  -151.7  -2.2
88.0  -69.6  1532.8  18.5  -134.9  -83.0
129.6  -82.4  1552.0  31.0  -88.8  -18.2
166.8  -81.6  1457.2  51.6  -112.9  -9.0
151.2  -119.2  1491.6  -80.5  -96.1  47.6
140.4  -96.8  1576.4  60.6  -87.2  -9.5
172.0  -107.2  1505.2  -16.6  -141.0  19.4
166.0  -131.6  1480.8  13.4  -101.5  37.8
178.8  -114.4  1492.0  -17.7  -140.2  11.7
215.2  -144.4  1520.4  -40.6  -116.2  64.0
195.6  -121.6  1535.6  24.1  -87.0  -19.9
191.2  -153.2  1485.6  -5.6  -65.9  -24.6
220.4  -134.0  1512.0  35.9  -71.1  -15.5
205.6  -148.0  1503.2  7.6  -55.2  -9.4
217.6  -131.6  1513.6  45.4  -46.5  -35.0
218.4  -119.2  1524.4  15.9  -47.0  -26.7
168.0  -144.4  1457.2  49.8  -66.1  -16.3
191.2  -146.0  1489.6  2.1  -62.5  -15.0
168.8  -145.2  1478.8  1.9  -82.1  -8.1
164.8  -133.2  1509.2  39.4  -71.7  5.6
174.8  -134.4  1442.4  15.8  -77.1  13.7
247.2  -136.4  1500.0  -8.5  -79.6  -0.7
191.2  -167.6  1472.0  -10.1  -106.3  21.0
222.4  -130.8  1518.4  -25.4  -64.4  -5.7
239.2  -184.8  1510.8  -18.4  -57.8  33.4
289.2  -230.0  1621.2  -45.7  27.6  28.8
340.8  -320.8  1787.2  -294.1  239.9  147.7
455.2  -333.2  2062.0  20.5  549.1  -53.9
-63.2  -404.8  2311.6  497.9  790.5  -196.7
-342.8  -192.0  1944.8  1362.8  1196.5  -209.5
-413.2  49.2  923.6  1068.7  -6.8  -131.7
-268.0  210.8  716.0  135.6  -1421.4  69.2
116.0  119.2  934.8  44.7  -893.6  216.0
191.2  104.0  983.2  34.0  -419.0  13.3
75.2  141.2  1094.8  -105.8  -234.4  -61.5
22.4  143.2  1337.2  -112.4  270.9  -88.2
11.6  105.6  1373.2  -2.0  637.5  -42.6
-112.0  62.4  1438.0  -108.9  640.4  16.7
-120.0  42.4  1418.0  -99.8  576.8  42.3
-207.2  13.6  1538.0  -176.2  281.2  118.5
-134.8  79.2  1670.0  -163.4  -263.0  102.0
-131.6  -9.2  1576.0  -149.7  -483.6  -1.7
-107.6  -68.0  1535.6  -43.3  -329.9  86.0
-51.2  -35.6  1562.0  -44.9  -390.1  11.5
47.2  -93.6  1542.4  42.4  -323.6  -63.1
-121.2  -7.6  1461.2  43.2  -402.2  -118.3
57.2  -37.2  1467.6  -15.4  -248.1  -8.9
71.6  15.2  1642.0  57.1  -251.4  -9.6
162.0  -85.2  1642.8  -12.1  -137.6  27.5
161.2  -48.4  1559.6  132.6  -135.6  -94.4
116.8  -36.0  1490.8  11.7  -111.0  -66.4
78.8  -56.0  1466.0  83.5  -110.5  -22.1
124.8  -54.0  1499.2  10.1  -89.8  -13.0
93.2  -31.2  1443.6  68.3  -100.3  -49.2
130.4  -66.4  1526.4  -147.6  -161.8  56.7
146.8  -51.6  1560.0  28.1  -174.2  2.0
201.2  -97.6  1527.2  -93.4  -199.2  39.1
204.4  -68.0  1541.2  14.4  -147.0  -97.7
195.6  -59.2  1523.6  31.8  -138.5  -64.2
163.6  -73.6  1499.2  54.9  -106.9  -40.5
210.8  -70.0  1558.4  20.3  -75.8  -28.7
188.4  -99.6  1553.6  20.9  -75.2  9.6
210.8  -81.6  1434.4  27.6  -61.2  -21.5
221.2  -80.0  1460.8  1.4  -69.8  -4.1
163.6  -51.2  1519.6  27.6  -73.7  -16.7
193.2  -80.0  1434.4  -29.8  -66.7  22.5
197.6  -79.6  1501.6  -28.6  -57.4  1.5
233.6  -152.4  1554.4  -114.5  -22.4  61.7
272.4  -180.0  1638.8  -291.0  110.4  112.5
418.0  -303.6  1979.2  -425.8  370.3  189.8
382.4  -342.8  2339.6  -85.5  746.9  -64.3
-180.0  -234.8  1993.2  731.9  1271.3  -393.4
-571.2  -112.0  1197.6  1169.6  869.4  -90.4
-314.4  69.6  776.8  256.1  -891.4  74.7
-128.0  56.4  793.6  216.9  -985.2  137.3
127.6  31.2  848.8  34.2  -469.4  104.0
118.8  33.2  1034.0  -17.2  -208.9  5.3
-103.6  122.0  1384.4  -195.6  177.4  -60.7
-121.6  17.2  1382.8  -151.8  367.3  88.8
-148.4  -29.6  1615.6  -90.4  704.1  -12.7
-286.4  -9.6  1446.8  78.5  608.8  56.2
-324.4  -40.0  1687.6  -305.8  -612.7  277.7
-121.2  -76.8  1678.4  40.8  -546.9  -44.6
-50.4  -96.4  1553.2  168.8  -280.6  58.2
-94.8  -33.6  1494.4  104.2  -310.8  -104.7
75.2  -69.2  1586.0  61.1  -305.7  49.0
-134.4  22.8  1456.0  197.9  -272.6  -87.4
15.6  -38.4  1460.0  -58.9  -191.9  72.4
37.2  -5.6  1501.6  -4.1  -217.1  -1.4
109.6  -60.8  1526.4  -73.6  -174.4  42.1
66.0  -47.2  1468.4  -10.3  -257.4  8.6
219.6  -99.2  1470.0  -92.8  -285.0  -29.7
110.4  -61.6  1503.6  110.4  -188.0  -30.8
114.8  -50.4  1466.8  -65.5  -210.2  -40.9
116.0  -78.8  1520.8  -32.8  -257.9  -9.8
168.0  -93.2  1548.4  -69.0  -220.1  52.7
206.4  -88.8  1570.4  1.1  -159.5  -50.0
189.6  -96.4  1490.4  -73.4  -151.5  -7.4
192.0  -103.6  1490.0  -65.7  -149.6  29.7
234.0  -124.8  1552.4  -38.7  -139.7  52.4
256.4  -140.4  1505.6  -39.9  -110.2  30.2
264.8  -147.2  1522.0  5.6  -116.5  -13.2
238.4  -131.6  1509.6  -26.0  -74.0  -10.8
252.4  -146.0  1486.8  38.7  -95.6  20.3
264.8  -140.0  1486.8  -24.2  -79.5  -16.8
241.2  -152.8  1529.2  17.5  -80.9  -4.4
229.2  -156.8  1501.2  -9.6  -66.7  2.4
269.6  -169.6  1500.0  35.8  -52.0  18.9
280.4  -163.6  1475.6  -32.1  -78.0  11.2
216.8  -149.2  1514.4  25.8  -79.2  -24.0
278.8  -164.0  1497.2  -45.6  -76.7  44.7
278.0  -192.4  1487.6  -34.9  -71.1  32.1
285.2  -194.0  1482.0  -102.9  -59.4  53.4
313.6  -243.6  1551.6  -172.3  -8.0  99.8
295.6  -294.8  1577.2  -390.6  104.6  193.9
346.0  -400.8  1666.0  -556.2  419.0  267.3
409.2  -487.2  1984.8  -470.6  861.5  107.4
40.8  -521.2  1790.0  449.3  959.2  -265.0
-239.6  -416.4  1675.2  955.9  909.3  -135.3
-409.2  -361.2  1522.4  962.4  977.9  -57.5
-495.2  -226.8  1258.0  613.5  -146.8  -200.0
-302.8  -22.4  1217.2  388.6  -743.0  -154.4
-182.4  110.4  946.8  402.2  -763.9  -106.0
-22.0  120.0  840.4  124.0  -592.7  -102.0
0.4  111.2  972.8  152.0  -303.2  -28.8
-76.8  115.6  1125.2  17.5  1.0  25.3
-57.2  19.6  1328.4  54.2  384.9  -21.4
-237.6  106.8  1569.6  31.1  312.1  -32.1
-168.8  38.8  1539.2  -94.6  340.3  96.9
-165.2  19.6  1529.6  131.1  -83.8  264.3
-314.0  46.8  1643.2  -239.0  -648.6  59.9
-63.6  -68.4  1522.0  167.3  -774.0  88.2
-51.6  16.4  1580.0  79.7  -481.4  110.1
89.2  -108.4  1474.0  -28.3  -560.5  184.1
87.6  4.8  1602.0  -251.4  -240.2  20.7
150.8  -88.4  1561.6  95.9  -226.3  40.9
148.8  -42.0  1600.0  -6.2  -138.1  -38.9
237.2  -78.8  1490.8  52.3  -121.1  34.2
174.8  -66.4  1567.2  -81.7  -343.6  -61.7
179.2  -71.6  1469.2  -7.5  -227.0  -41.1
281.2  -104.0  1629.6  -168.4  -256.9  -18.0
172.0  -71.2  1507.2  55.9  -155.5  -101.9
224.4  -98.8  1494.8  -50.9  -189.2  7.6
281.2  -121.6  1530.8  -143.2  -143.5  33.7
269.2  -110.8  1544.0  54.2  -103.5  -10.1
300.0  -145.2  1484.8  -41.1  -114.2  12.0
243.6  -95.2  1521.6  64.1  -58.3  -43.7
312.0  -146.4  1432.4  -31.8  -117.5  14.8
315.2  -144.0  1522.4  82.2  -71.6  -53.8
269.6  -130.0  1455.6  33.1  -69.6  -62.7
286.4  -122.8  1518.0  1.7  -48.2  -17.4
256.8  -128.4  1460.8  -8.1  -54.6  -16.9
339.6  -142.4  1527.2  16.4  -63.6  -4.6
304.4  -147.6  1477.6  -5.9  -42.8  6.2
296.0  -143.6  1504.4  16.2  -51.0  -7.9
258.0  -149.6  1469.2  -47.2  -68.2  31.0
256.8  -140.0  1483.2  31.7  -63.9  11.0
297.2  -164.0  1492.0  4.5  -37.6  21.0
301.6  -150.8  1486.8  30.7  -45.6  0.5
304.0  -164.4  1476.8  4.6  -51.0  7.6
247.6  -139.6  1464.8  42.4  -26.6  -6.3
258.8  -169.2  1455.6  16.8  -96.9  24.2
274.8  -155.2  1482.8  15.0  -92.8  10.7
298.4  -168.8  1514.0  1.4  -81.1  12.1
288.8  -144.8  1485.6  41.3  -47.8  -26.3
338.0  -172.0  1482.8  11.2  -71.6  14.5
280.8  -176.4  1451.6  15.4  -76.7  -21.1
290.0  -162.0  1494.8  28.1  -66.6  -24.5
256.4  -159.2  1452.4  8.3  -67.1  3.0
299.2  -181.2  1459.6  -89.3  -105.9  19.3
263.2  -188.8  1508.0  -30.9  -75.3  37.5
347.6  -181.2  1484.8  -95.8  -94.3  55.7
368.0  -249.2  1523.6  -179.5  -20.8  97.1
377.2  -374.4  1629.6  -765.6  196.5  266.6
674.4  -654.4  2080.4  -646.2  794.3  384.3
305.2  -644.0  2341.2  243.0  1483.8  -236.9
-324.0  -515.2  1929.6  1567.7  1225.4  -470.4
-558.8  -287.2  1304.4  1721.6  1385.9  -226.8
-545.2  95.2  676.0  729.3  -483.6  -11.7
-211.6  108.8  926.8  64.3  -1135.1  121.0
60.0  85.6  828.8  261.4  -486.2  49.5
4.8  135.2  1076.0  -111.1  -448.3  -72.7
51.6  99.6  1204.8  -23.2  -120.6  -30.4
-190.8  114.0  1356.8  -104.2  204.9  -136.0
-110.0  -19.6  1416.8  -60.5  487.1  42.0
-280.0  73.2  1598.4  -42.2  548.8  -32.2
-387.6  104.8  1384.8  -19.0  138.3  57.0
-252.4  14.0  1740.8  -164.5  -463.0  152.7
-150.0  -83.2  1637.2  -188.4  -397.0  90.4
-195.6  -34.8  1497.6  -36.4  -460.3  21.1
-2.8  -86.8  1549.6  -314.3  -330.5  119.1
-100.8  -87.2  1574.4  -129.7  -369.7  77.5
7.6  -117.6  1552.4  -82.2  -222.0  86.0
42.0  -139.2  1546.4  -32.6  -236.3  14.3
-8.4  -108.8  1595.2  -5.6  -116.0  -15.7
13.2  -117.2  1468.8  151.8  -141.2  -3.5
28.8  -100.8  1457.6  21.2  -197.2  -45.1
-34.0  -110.4  1479.6  21.4  -236.3  -8.5
99.6  -128.8  1567.6  -3.6  -225.1  -23.3
13.6  -129.2  1462.8  77.9  -197.8  -61.4
132.0  -104.4  1466.8  -101.6  -229.1  -16.4
74.4  -246.4  1736.4  -115.1  -167.6  13.9
140.8  -181.2  1542.4  -76.8  -105.3  -29.6
100.4  -138.0  1442.0  -2.9  -44.5  -128.6
134.0  -199.6  1500.8  -34.8  -89.3  -67.2
69.6  -140.0  1522.8  144.7  -51.1  -78.8
95.6  -160.4  1493.6  49.3  -68.4  -14.7
180.8  -200.8  1484.4  8.4  -70.9  -19.8
108.8  -174.4  1514.8  145.9  -45.5  -59.7
111.2  -156.0  1539.2  -2.9  -79.9  0.9
106.8  -155.2  1506.0  38.4  -29.7  23.5
156.4  -191.2  1480.0  -40.8  -63.0  43.0
262.0  -248.4  1591.2  127.7  11.1  -66.2
148.0  -165.6  1558.4  -16.7  92.3  -10.0
115.6  -126.0  1469.2  83.0  61.6  30.4
89.6  -112.0  1515.2  78.0  23.8  16.7
75.6  -100.4  1500.4  89.1  30.6  12.7
85.2  -124.8  1430.0  98.8  -42.9  44.2
82.4  -92.8  1521.6  71.0  -56.4  -41.1
65.2  -86.4  1507.2  121.9  -88.6  -8.5
52.4  -65.2  1481.2  -33.4  -134.5  63.9
82.0  -125.6  1519.2  -112.9  -214.5  164.3
42.8  -75.6  1548.4  -34.7  -138.2  79.5
9.2  -104.8  1495.6  -105.2  -268.7  173.3
126.0  -152.8  1543.2  87.0  -199.9  191.6
149.6  -203.2  1468.0  -32.3  -214.1  135.6
197.2  -230.0  1584.8  46.3  -117.0  140.6
210.4  -216.0  1536.4  145.8  -49.7  26.0
225.2  -186.8  1471.6  162.1  -2.6  -15.0
100.0  -134.8  1454.0  97.2  -17.4  -46.6
174.4  -174.0  1529.6  99.9  -42.6  36.6
90.8  -128.0  1450.0  30.4  -10.1  -149.4
78.4  -148.4  1495.6  -14.8  -40.2  46.6
189.2  -98.4  1543.2  -74.9  22.9  26.7
105.2  -126.8  1623.6  64.1  134.2  9.2
46.8  -188.4  1436.0  72.6  136.8  53.7
0.8  -132.8  1533.2  157.7  150.6  132.2
-28.0  -75.2  1406.4  -17.3  39.4  146.8
-16.8  -69.2  1452.0  -13.8  -148.2  175.6
167.6  -79.6  1526.4  -92.3  -168.6  305.2
106.8  -183.6  1589.6  -118.6  -125.2  244.5
115.2  -148.8  1516.8  -65.6  -188.1  160.3
141.6  -166.4  1410.0  -41.1  -151.4  32.5
40.4  -191.2  1562.4  -169.3  -160.9  -8.0
78.4  -179.6  1584.0  -192.9  -58.9  23.0
116.4  -209.6  1498.8  -115.6  -38.7  39.8
130.8  -265.2  1484.4  -140.5  -36.8  44.9
62.4  -273.6  1491.6  -77.3  5.3  -166.6
26.0  -281.6  1492.8  -85.0  25.6  88.9
