75.6  -353.2  1382.4  -125.9  23.8  -17.6
-4.8  -464.0  1521.2  -120.0  14.7  -1.7
109.6  -475.2  1530.8  -81.5  176.2  -250.6
93.6  -507.6  1446.0  -461.2  89.0  -12.8
26.4  -419.2  1593.6  -590.3  -5.2  280.1
-138.8  -479.2  1287.6  169.2  153.8  -200.1
26.4  -478.8  1827.2  538.5  616.1  -386.6
196.0  -817.6  2764.4  -608.5  1940.9  782.4
-382.0  -571.6  1281.6  -1783.7  1656.9  1786.0
-645.2  -578.0  279.6  -1257.4  1823.0  722.9
-594.4  -229.6  -20.8  -292.3  283.1  -301.2
-1011.2  -669.2  442.4  599.7  -601.1  0.5
-692.4  -493.2  548.0  1045.0  -470.5  136.7
-711.6  -661.6  1475.2  416.7  -1791.1  -301.8
-680.8  -651.2  1469.6  298.1  -1333.5  -272.3
-521.6  -618.8  1244.0  -21.7  -930.9  -20.1
-346.4  -606.0  1441.2  185.4  -702.9  -311.5
-215.2  -518.8  1374.8  425.3  -835.5  -235.4
-172.4  -554.0  1432.4  627.7  -551.0  -426.2
-47.2  -498.4  1484.0  494.9  -452.9  -336.3
44.4  -501.6  1573.2  262.9  -218.0  -98.4
24.0  -395.6  1445.6  277.1  -213.7  -211.8
-28.0  -434.0  1509.6  246.5  -226.8  -31.1
-47.6  -347.2  1420.0  205.6  -146.8  -171.3
34.8  -346.8  1489.2  230.8  -170.9  -117.2
48.4  -324.4  1497.6  157.4  -78.8  -74.4
59.6  -332.0  1517.6  203.4  -90.2  -98.8
91.2  -327.2  1545.6  101.6  -59.5  -37.5
39.2  -291.2  1491.6  69.8  -66.8  3.3
26.4  -310.0  1488.8  54.3  -21.1  -29.2
73.2  -276.8  1463.2  61.9  -97.0  -24.9
41.2  -320.0  1504.4  72.2  -53.0  -17.3
57.2  -286.0  1459.6  12.0  -84.9  -25.1
19.2  -305.6  1491.6  91.7  -89.9  -2.2
32.0  -304.8  1494.0  32.0  -49.1  6.6
47.6  -275.2  1466.8  58.7  -73.3  -0.2
36.4  -258.8  1504.0  96.0  -58.2  -27.9
44.0  -263.2  1440.0  26.7  -56.8  -2.1
48.8  -258.0  1470.0  108.7  -100.1  -37.9
63.2  -257.2  1510.8  93.5  -104.7  -36.1
73.6  -276.0  1530.8  70.9  -58.8  -10.1
66.0  -256.4  1461.6  31.8  -66.4  31.2
33.6  -260.8  1500.4  59.7  -58.9  10.0
33.6  -254.8  1462.8  88.7  -68.2  -12.7
64.8  -254.0  1460.4  131.3  -120.7  -19.6
65.2  -236.8  1425.2  221.1  -197.3  -76.4
124.8  -198.8  1480.0  393.9  -317.6  -160.9
279.2  -88.4  2072.0  377.3  26.1  -212.2
589.2  -240.4  3230.0  -1073.2  2026.3  559.8
-156.0  90.8  1180.8  -2601.5  2373.8  1788.4
-833.2  -274.8  106.4  -1265.4  646.1  163.7
-602.8  -583.6  512.4  31.9  -16.2  -314.0
-437.6  -641.6  829.6  317.3  -259.6  -43.3
-430.0  -483.2  909.6  667.4  -401.3  68.4
-492.0  -382.8  1154.8  840.2  -54.6  252.6
-611.2  -238.8  1271.2  880.5  -336.1  338.3
-300.0  -408.8  1923.2  399.4  -1560.1  -722.0
-413.2  -299.6  1389.6  147.6  -595.3  -173.5
-278.8  -387.2  1468.4  -143.2  -440.3  -215.1
-182.0  -337.2  1365.2  281.7  -614.2  -423.6
-30.4  -387.6  1393.6  143.2  -564.8  -395.0
20.8  -406.4  1486.4  401.1  -461.4  -464.6
94.4  -260.0  1678.4  484.1  -399.8  -286.7
131.2  -278.8  1630.8  160.9  -141.9  -142.3
113.6  -191.2  1526.4  129.8  -85.2  -28.0
70.0  -228.8  1538.4  44.6  -61.4  16.6
67.6  -162.4  1468.0  81.8  -67.7  12.7
72.0  -210.8  1532.8  84.3  -96.2  -8.5
69.2  -192.4  1506.8  66.4  -66.4  -9.5
101.2  -219.2  1493.2  18.8  -58.7  17.4
64.0  -197.2  1498.8  9.9  -25.8  1.9
43.6  -206.8  1475.6  30.4  -59.9  18.8
52.8  -213.2  1521.2  39.3  -33.7  -6.0
59.2  -180.0  1495.2  56.9  -66.1  -8.3
65.2  -193.6  1532.0  46.0  -42.1  -15.2
55.6  -196.4  1501.2  38.7  -69.8  -7.5
49.6  -203.2  1495.2  30.4  -40.3  -13.8
56.4  -196.0  1486.4  44.7  -73.8  -22.8
37.2  -194.4  1484.4  27.8  -63.6  -51.1
63.2  -199.2  1502.0  76.0  -81.2  -35.5
69.2  -206.8  1514.8  19.2  -59.4  -32.0
86.0  -194.4  1500.0  45.3  -58.9  -21.2
34.8  -219.6  1542.4  3.7  -45.7  15.8
58.8  -188.8  1452.4  44.5  -59.5  -19.0
63.2  -208.8  1498.0  48.4  -78.2  -16.3
43.6  -195.6  1520.0  55.9  -57.3  -24.0
86.0  -216.4  1523.6  27.3  -52.1  2.5
43.6  -181.2  1476.8  60.3  -105.4  -14.7
62.8  -197.2  1502.8  47.0  -60.9  -17.0
66.4  -161.2  1552.0  109.8  -81.4  -33.6
228.0  -122.4  2289.6  71.3  471.0  -55.1
271.6  -269.2  2652.8  -1542.0  2430.5  884.6
-477.2  -96.4  1086.4  -1670.9  1438.2  1136.1
-673.2  -484.0  335.2  -335.4  351.5  -179.0
-562.4  -507.6  685.6  179.6  31.0  -200.9
-611.2  -476.4  929.2  589.6  -329.0  -63.1
-455.6  -410.8  1261.2  715.2  -338.3  -145.2
-1253.6  -499.6  976.4  424.8  -804.4  125.8
-463.2  -493.2  1598.8  341.7  -1031.5  -408.2
-377.2  -392.0  1422.0  -174.2  -578.3  -139.8
-233.6  -372.8  1338.8  63.7  -577.7  -301.8
-171.2  -419.2  1454.0  340.4  -650.7  -289.4
-15.2  -346.8  1510.4  356.4  -498.3  -342.0
48.0  -351.2  1617.2  343.3  -279.3  -278.2
89.2  -307.6  1577.6  158.5  -145.8  -78.0
-1.2  -294.0  1567.2  97.3  -76.4  -4.7
2.8  -287.6  1489.6  39.6  -51.0  -14.8
-9.2  -286.8  1494.0  63.4  -42.6  -48.6
-22.4  -306.0  1530.8  59.5  -84.1  -25.2
-23.2  -280.0  1504.4  40.7  -55.5  -9.5
-7.2  -291.2  1492.4  14.0  -21.4  -6.1
-25.6  -278.8  1446.0  31.4  -72.7  -14.6
-10.4  -290.0  1488.4  35.9  -73.6  -29.6
-2.0  -291.6  1490.8  52.3  -66.1  -18.1
-13.6  -297.6  1493.6  37.4  -39.5  -7.8
-4.0  -282.8  1465.2  63.9  -61.8  -14.9
-4.0  -256.8  1446.8  62.2  -60.4  -41.4
24.8  -306.8  1485.6  87.9  -88.6  -26.7
-36.0  -271.2  1498.4  76.7  -94.4  -24.6
-13.2  -269.6  1452.4  40.2  -56.9  -42.8
-26.4  -269.2  1463.2  108.6  -75.9  -68.5
-2.0  -281.2  1525.2  91.1  -64.6  -64.4
50.8  -239.6  1519.6  48.9  27.0  10.9
-21.6  -280.4  1519.6  45.6  -52.0  -3.1
5.2  -248.4  1485.2  31.2  -30.8  32.2
-8.0  -281.6  1534.0  43.2  -69.6  -36.4
124.4  -168.0  1779.2  46.9  94.6  -60.3
352.4  -307.6  3038.0  -965.8  1881.2  359.6
-65.6  -260.4  1333.6  -2760.6  2010.5  1552.1
-756.0  -286.0  47.6  -1637.0  228.6  745.9
-634.0  -533.6  428.0  86.5  256.4  -15.7
-730.0  -639.6  892.8  517.4  -355.4  309.4
-773.2  -644.4  1280.0  491.0  -870.5  -249.4
-596.4  -666.4  1274.8  363.8  -734.0  -428.2
-460.4  -628.0  1286.0  158.3  -766.2  -344.8
-358.4  -546.0  1246.0  309.9  -760.8  -436.4
-176.4  -492.8  1400.8  474.1  -657.2  -485.2
-100.4  -534.4  1504.0  572.8  -457.2  -413.2
-7.6  -402.0  1526.0  478.2  -384.1  -310.9
-3.6  -387.2  1499.2  373.7  -211.1  -191.5
-36.0  -358.0  1535.2  357.2  -312.3  -162.3
-12.4  -342.8  1572.0  183.5  -35.5  -53.6
-0.8  -338.0  1541.2  142.5  -177.6  -73.1
19.2  -326.8  1502.0  90.9  -59.4  -29.2
0.4  -296.0  1508.0  125.1  -82.3  -53.5
27.6  -296.8  1539.6  39.1  -23.0  -2.2
-6.4  -290.4  1460.8  57.6  -38.9  -2.9
-5.2  -299.2  1463.6  34.7  -44.7  -1.2
-24.0  -295.2  1490.4  43.0  -46.9  -9.0
-12.4  -297.2  1496.4  39.2  -37.2  -4.7
-31.6  -301.6  1465.6  43.9  -36.4  -20.8
-5.2  -304.0  1474.4  33.0  -54.1  -14.6
-30.0  -288.4  1511.6  64.7  -57.1  -17.2
-18.4  -303.2  1464.0  -3.9  4.0  3.4
-27.6  -285.6  1470.0  25.8  -56.2  -2.4
-19.6  -302.4  1468.4  29.3  -46.6  -22.5
-25.6  -308.8  1500.8  69.7  -83.5  -27.4
-22.0  -302.8  1501.6  18.6  -13.5  2.7
-27.2  -292.4  1494.0  34.8  -38.1  6.9
-31.6  -282.8  1459.6  25.7  -0.5  -12.1
-71.2  -295.6  1472.0  64.0  -80.2  -19.9
-17.6  -296.0  1488.0  71.4  -84.7  -39.0
-29.6  -302.0  1498.8  70.5  -72.1  -30.0
-12.4  -266.0  1482.0  64.8  -98.2  -30.9
-12.0  -285.2  1483.6  79.1  -108.2  -32.0
-2.0  -277.6  1557.2  138.4  -68.2  -41.1
118.4  -229.2  2246.8  104.8  460.6  -61.5
126.0  -379.6  2373.6  -1614.6  1997.2  782.5
-254.4  -215.2  936.4  -2194.5  1063.9  963.8
-672.0  -297.6  244.8  -1058.3  355.3  208.8
-648.8  -541.2  507.6  122.0  253.1  41.4
-644.8  -592.4  826.0  561.1  -457.1  45.3
-524.4  -696.8  1212.0  668.5  -1105.2  -536.8
-409.2  -679.2  1502.0  463.9  -956.7  -504.6
-333.2  -744.4  1539.6  247.0  -740.2  -311.6
-164.8  -543.6  1438.8  545.9  -739.1  -398.3
-132.0  -495.6  1560.0  550.8  -636.8  -295.7
-21.6  -457.6  1550.0  355.1  -256.0  -259.6
-27.6  -384.0  1480.8  373.5  -256.1  -219.1
9.6  -386.4  1468.0  253.4  -6.1  -143.3
-16.8  -336.0  1504.0  318.3  -78.6  -162.4
18.4  -325.6  1498.0  184.3  -107.2  -130.8
47.6  -323.6  1564.4  202.0  -115.1  -107.8
44.4  -294.4  1555.6  60.4  -25.8  -45.6
39.6  -311.2  1529.2  84.0  -68.9  -20.5
14.8  -288.4  1525.2  40.3  -34.0  2.6
4.8  -256.4  1484.0  23.7  -53.1  0.6
-23.2  -287.2  1455.2  35.5  -70.8  -6.1
6.4  -298.4  1466.4  75.2  -84.8  -36.8
9.2  -259.6  1460.8  39.9  -70.5  -22.7
18.8  -299.6  1478.0  37.2  -68.8  -10.5
0.8  -297.2  1505.6  25.5  -60.1  -20.3
10.4  -287.2  1480.0  62.5  -95.0  -26.9
-2.0  -286.8  1445.6  61.6  -110.2  -40.5
-1.2  -294.8  1466.4  76.9  -104.0  -69.5
8.0  -250.8  1496.4  90.2  -93.4  -74.3
68.4  -278.8  1514.4  51.7  -62.6  -44.5
30.8  -248.8  1484.0  71.5  -45.1  -45.7
88.4  -255.6  1734.8  77.8  139.4  -63.6
306.4  -318.8  2522.4  -683.4  1168.3  196.1
112.4  -280.0  1666.8  -2073.0  1349.5  1157.6
-362.8  -283.6  524.0  -1545.8  405.5  955.8
-743.6  -534.4  537.2  -142.4  66.2  342.4
-754.4  -635.2  864.4  231.2  -435.5  -91.1
-550.8  -698.0  1224.4  536.5  -517.1  -426.2
-263.6  -720.4  1312.4  260.9  -583.4  -421.7
-209.2  -668.0  1355.2  423.7  -720.2  -393.9
-136.4  -633.2  1410.0  494.7  -601.4  -358.5
-34.4  -524.8  1484.8  500.7  -443.2  -310.2
-27.2  -482.0  1506.4  338.7  -402.7  -217.3
13.6  -454.4  1540.0  344.5  -223.7  -214.2
59.2  -369.2  1453.6  228.3  -172.7  -146.4
56.4  -378.4  1481.2  291.9  -114.6  -156.7
46.0  -357.6  1526.0  277.3  -174.2  -178.1
102.0  -326.8  1533.2  149.2  -23.8  -88.6
115.6  -322.4  1506.0  115.0  -74.0  -46.7
78.0  -305.2  1468.8  90.4  -77.4  -31.0
76.4  -309.6  1474.8  54.9  -75.2  -23.9
83.2  -301.6  1482.0  85.4  -57.2  -41.2
124.0  -296.4  1503.6  97.9  -39.1  -31.5
55.2  -307.2  1487.2  60.3  -43.5  -20.3
72.0  -294.4  1503.6  26.0  -33.5  13.7
60.4  -283.6  1465.6  62.1  -37.2  -24.7
58.0  -294.0  1463.6  83.3  -61.5  -24.6
55.2  -293.6  1501.2  68.2  -7.8  -54.3
58.0  -298.0  1494.8  54.4  -22.9  -19.4
42.8  -269.2  1460.4  44.5  -47.2  -13.5
62.8  -286.4  1500.0  31.9  -11.6  -18.0
28.4  -261.2  1468.0  56.9  -73.9  -24.8
67.6  -262.0  1472.4  57.9  47.3  38.4
-26.0  -280.0  1487.2  103.8  -98.2  -90.6
34.4  -278.0  1463.2  83.2  -50.6  -50.0
35.6  -249.6  1489.2  156.6  -71.1  -89.1
84.0  -232.0  1585.6  146.0  -27.2  -92.7
351.2  -114.4  2221.6  -88.4  357.3  -133.2
456.8  -420.4  2793.6  -1736.5  1522.2  948.0
-246.4  -176.4  1009.2  -2597.7  1203.4  1633.1
-743.6  -350.4  45.6  -921.6  390.6  567.4
-650.4  -486.8  353.2  293.1  155.7  -57.9
-648.0  -621.2  869.2  812.2  -288.4  -194.8
-531.2  -720.4  1353.6  687.3  -910.8  -723.4
-288.0  -673.2  1328.8  266.5  -770.0  -419.4
-156.8  -663.6  1384.4  166.7  -640.5  -305.2
-117.2  -581.2  1497.6  415.8  -540.3  -333.8
-18.8  -541.6  1532.4  342.9  -352.5  -239.7
-46.4  -515.6  1466.4  304.9  -319.5  -207.2
-12.4  -488.0  1474.0  318.4  -117.4  -198.6
25.6  -474.8  1439.6  303.5  -164.8  -92.0
-39.6  -460.4  1483.6  232.5  -79.7  -194.4
15.2  -404.8  1450.8  304.0  -159.5  -146.1
57.6  -390.8  1558.8  221.8  -80.6  -133.4
80.8  -352.0  1498.0  210.6  -117.6  -78.9
61.6  -316.4  1534.0  125.8  -62.1  -22.2
56.4  -302.8  1471.2  110.0  -44.5  -49.0
47.6  -306.4  1460.0  41.8  -63.2  -7.7
37.2  -314.0  1470.8  88.0  -48.2  -41.3
44.4  -297.6  1461.2  81.3  -66.6  -48.7
14.4  -310.4  1486.8  111.3  -68.2  -40.8
33.6  -293.2  1490.0  74.0  -12.2  -45.5
24.0  -278.4  1468.8  77.5  78.2  -2.5
46.8  -278.8  1514.0  169.0  -183.9  -126.6
34.4  -292.8  1589.6  60.0  -78.3  -54.6
32.0  -266.4  1506.0  -32.9  -31.6  23.5
11.6  -282.0  1485.2  66.3  -39.8  -13.2
29.2  -272.0  1462.8  41.1  -41.6  -11.1
48.0  -275.6  1488.4  73.8  -68.1  -34.6
6.8  -265.2  1480.0  66.9  -60.4  -15.5
44.8  -264.0  1450.4  82.6  -62.3  -22.5
14.0  -250.8  1462.4  111.2  -66.2  -42.6
0.0  -234.4  1528.4  80.3  -52.2  -35.2
31.6  -235.6  1473.6  74.6  -52.7  -29.6
24.4  -243.6  1531.6  79.8  -57.0  -44.8
33.2  -224.0  1486.8  101.1  -79.8  -30.5
4.4  -209.2  1496.4  84.0  -75.8  -33.0
18.4  -199.6  1518.0  160.1  -62.6  -64.1
160.0  -133.6  1833.6  31.4  171.2  -89.5
486.0  -339.2  3242.0  -1208.1  1547.5  405.3
65.6  -150.8  1526.8  -3136.9  1474.7  1857.8
-680.0  -170.4  -56.0  -1905.5  215.3  997.8
-615.6  -445.2  191.2  15.7  234.0  188.7
-741.2  -589.6  485.6  837.0  -268.3  308.4
-668.0  -640.4  1238.4  903.7  -1316.9  -533.3
-431.2  -806.8  1394.0  625.9  -975.0  -744.0
-220.4  -709.6  1454.8  347.1  -784.0  -436.1
-130.4  -616.8  1346.0  440.6  -660.8  -513.3
-11.2  -530.0  1441.6  607.6  -541.3  -376.6
30.8  -464.4  1569.2  492.9  -357.1  -388.1
110.8  -366.4  1458.4  522.7  -274.1  -269.9
111.2  -326.4  1532.4  588.4  -110.3  -183.9
90.0  -229.2  1580.8  410.9  279.1  -29.6
6.0  -243.2  1584.4  327.9  -175.9  -65.0
66.8  -244.8  1586.8  125.4  -91.8  -119.0
56.0  -230.8  1560.4  82.4  -65.8  -37.6
57.2  -220.4  1534.4  75.6  -27.3  -22.1
65.2  -234.4  1534.8  43.6  18.8  -3.4
64.4  -183.6  1502.8  19.9  3.2  9.6
31.2  -207.6  1468.4  21.7  -71.2  9.5
21.6  -242.4  1486.8  54.4  -37.5  -14.8
44.4  -208.8  1500.0  60.8  -31.3  -17.1
32.8  -189.2  1496.0  23.0  -39.8  -5.6
2.4  -208.4  1512.0  37.2  -30.2  -2.2
17.2  -221.2  1486.0  39.5  -22.4  -21.9
1.2  -215.2  1500.0  65.1  -65.8  -13.2
17.2  -221.6  1513.6  45.3  -21.9  -24.7
16.0  -216.4  1463.2  73.1  -60.4  -5.3
-13.6  -224.0  1473.2  86.3  -44.0  -10.7
-21.2  -179.6  1454.8  139.9  -45.3  -47.5
-2.0  -160.4  1409.2  227.0  -34.4  -97.6
29.6  -142.0  1535.2  345.7  11.2  -155.6
79.6  -52.8  1736.8  252.7  26.0  -140.3
240.0  -36.0  2376.4  -152.2  705.9  -66.0
219.6  -243.6  2406.4  -1688.4  1224.7  761.7
-248.8  -67.2  1018.0  -2146.9  700.0  1187.6
-665.2  -264.0  263.2  -774.2  270.4  455.1
-736.4  -409.2  539.6  202.5  -22.3  42.4
-605.6  -535.6  898.8  551.5  -640.9  -475.2
-364.0  -603.6  1420.4  713.6  -609.7  -517.3
-158.8  -573.2  1586.8  272.6  -565.0  -405.7
-96.0  -465.2  1498.8  252.1  -444.4  -158.2
-88.4  -486.0  1546.8  267.9  -301.5  -126.1
-98.4  -315.2  1460.0  371.3  -303.0  -134.4
-39.2  -340.4  1520.8  319.6  -188.0  -90.1
-64.8  -256.4  1501.6  335.3  -149.6  -74.6
-62.0  -274.4  1496.8  247.9  -124.0  -62.7
-56.0  -247.6  1510.8  263.2  -167.6  -114.8
-66.4  -232.8  1510.8  163.0  -52.1  -69.4
-39.6  -237.2  1517.2  186.6  -12.6  -42.8
-40.0  -186.8  1498.0  178.2  -20.6  -61.7
-14.8  -170.4  1514.8  151.9  -19.2  -54.4
-20.0  -162.4  1590.4  96.4  -6.2  -40.8
-16.0  -162.4  1541.6  49.4  -44.2  24.2
-63.6  -156.4  1492.4  29.7  -43.8  1.4
-74.8  -165.2  1495.2  4.7  -24.7  20.9
-82.4  -152.0  1461.6  30.2  -54.1  -6.7
-75.6  -134.4  1481.6  67.6  -64.5  -32.5
-74.4  -170.4  1498.0  30.0  -68.9  -12.6
-74.0  -166.0  1508.8  28.2  -27.4  -12.7
-68.0  -167.2  1492.4  36.9  -49.9  -18.1
-60.8  -164.0  1508.8  41.1  -52.0  -17.7
-56.0  -178.8  1508.0  16.9  -63.8  -25.2
-105.6  -151.6  1428.0  85.1  -89.3  -33.1
-143.6  -134.0  1393.6  154.4  -82.2  -68.3
-167.6  -107.6  1318.4  289.4  -130.2  -119.0
-75.2  -75.2  1645.6  882.4  -54.1  -271.7
239.6  123.6  2118.8  82.0  483.4  -233.9
269.6  -265.6  2529.6  -1515.8  456.2  383.5
-54.0  -124.8  1596.8  -1842.7  -71.4  1000.4
-327.2  -244.4  851.2  -911.4  642.0  842.0
-654.0  -402.4  786.0  -311.0  361.8  490.2
-601.6  -488.4  842.4  17.9  104.2  -18.1
-480.4  -533.6  1033.6  324.8  -321.5  -251.5
-372.4  -543.6  1454.8  385.8  -378.5  -323.4
-248.8  -612.4  1573.2  -81.8  -97.6  -62.5
-201.2  -568.0  1485.2  -109.0  -85.1  -16.7
-258.4  -548.4  1450.0  -79.1  -117.6  49.0
-351.2  -521.6  1216.0  -120.5  -265.1  91.6
-485.6  -429.6  945.2  192.2  -652.0  -144.3
-279.6  -410.0  1072.8  765.6  -882.4  -562.2
-118.0  -430.0  1343.2  1050.6  -751.8  -722.5
150.8  -304.8  1748.4  875.9  -309.7  -643.9
78.4  -780.0  2267.6  1262.9  -443.2  -199.7
336.0  -49.6  1905.6  586.9  -25.1  -109.0
510.0  160.4  2675.6  -732.0  924.3  -64.3
58.8  -450.8  3005.2  -2188.0  1850.2  1244.0
-442.8  -70.8  616.0  -2189.3  484.1  1102.9
-588.8  -470.0  -38.0  -239.4  -87.9  -360.0
-368.8  -438.8  481.6  561.9  229.9  -223.8
-396.0  -536.4  1284.0  855.6  -243.4  44.5
-816.4  -672.8  1405.2  488.8  -714.2  101.8
-366.0  -561.2  1504.4  -206.9  -365.7  -138.2
-437.6  -488.0  1235.6  -97.2  -299.1  -34.4
-349.6  -452.4  1182.4  374.0  -569.9  -284.3
-224.0  -491.6  1395.6  380.3  -557.8  -285.8
-127.2  -430.8  1416.4  335.5  -566.0  -477.9
23.6  -453.2  1508.4  299.3  -273.1  -456.7
104.0  -289.6  1548.8  494.7  -467.5  -479.6
122.4  -282.0  1357.2  391.9  -360.9  -321.3
96.0  -295.6  1644.0  66.3  -453.2  -359.1
7.2  -392.8  1608.8  -31.9  -395.9  1.4
160.8  -351.2  1528.0  34.5  -261.5  285.2
147.2  -357.2  1488.4  168.6  -100.0  -44.0
146.0  -308.4  1492.0  185.3  -162.5  75.6
256.8  -331.2  1590.0  -33.3  7.7  102.2
184.4  -349.2  1520.4  -81.5  -45.7  157.0
111.2  -308.4  1430.0  -32.3  1.6  150.7
112.8  -322.8  1445.6  4.1  -17.7  47.6
139.6  -291.6  1472.0  25.1  -65.7  66.7
65.6  -290.0  1496.8  230.9  52.8  -102.3
133.2  -324.0  1576.8  69.6  -55.1  29.7
112.0  -283.6  1404.4  72.2  -93.8  -41.3
136.8  -317.6  1433.6  128.1  -129.1  -68.9
88.8  -277.6  1524.4  241.2  -189.0  -82.8
204.0  -283.2  1556.8  78.5  -83.3  -25.6
163.6  -254.0  1480.8  58.3  -99.5  14.5
140.4  -267.6  1484.8  -7.9  -18.9  -13.9
164.8  -274.4  1468.0  -2.8  -25.3  -11.6
161.6  -272.8  1516.4  -11.4  2.5  7.8
139.6  -270.4  1462.0  -0.3  10.5  -6.6
137.6  -292.0  1509.6  11.8  -54.4  19.1
111.6  -269.6  1469.6  63.6  -41.5  -7.2
129.2  -284.0  1458.0  42.4  -53.5  12.2
128.8  -269.6  1503.2  52.9  -79.9  -15.6
122.8  -299.2  1506.0  40.5  -39.6  -4.1
141.6  -265.6  1478.0  34.3  -68.1  -14.3
126.0  -287.6  1496.4  47.5  -61.3  -20.7
120.4  -281.2  1479.6  29.7  -51.6  -3.4
123.6  -265.6  1483.6  44.7  -62.7  -11.3
121.6  -276.0  1490.0  52.3  -71.2  -29.6
126.0  -250.0  1506.8  64.4  -94.7  -18.2
153.6  -278.4  1496.4  6.0  -31.5  -6.3
125.2  -273.2  1488.4  46.9  -73.5  -11.6
133.2  -262.8  1472.0  27.2  -68.0  -7.6
149.2  -278.8  1501.2  66.5  -79.8  -25.4
135.6  -255.2  1473.2  49.4  -71.5  -18.6
150.4  -270.0  1502.0  78.5  -88.9  -22.6
148.0  -255.2  1484.4  22.5  -55.2  -1.4
144.4  -248.8  1441.6  82.7  -123.2  -28.8
130.8  -232.0  1393.2  227.8  -186.2  -133.9
235.2  -81.2  1712.4  807.7  -99.8  -211.6
686.4  -654.4  3276.7  -1109.4  1835.0  119.9
70.4  -16.8  570.0  -3276.8  2209.7  2075.1
-489.2  -217.6  -282.0  -53.2  -217.3  -202.1
-584.4  -759.2  775.2  599.6  358.5  571.8
-629.2  -427.6  1221.6  518.4  -949.9  -331.8
-481.6  -632.4  1490.0  552.6  -685.2  -471.6
-278.4  -600.4  1424.0  40.3  -324.2  -44.2
-318.0  -563.2  1306.8  162.4  -499.5  -325.6
-215.6  -526.4  1334.0  319.1  -400.6  -294.5
-116.8  -462.0  1432.0  490.8  -451.4  -296.9
-56.0  -404.4  1387.2  239.7  -410.4  -242.1
-23.2  -455.2  1494.0  390.3  -387.4  -220.8
3.6  -355.6  1499.2  203.9  -307.0  -148.9
25.6  -438.4  1540.0  187.1  -251.6  -68.1
35.6  -326.0  1546.8  300.7  -225.5  -170.8
97.2  -326.0  1565.6  119.9  -166.6  -65.7
96.0  -311.2  1534.4  163.0  -91.8  -48.0
110.0  -294.4  1535.6  95.7  -124.1  -72.7
90.4  -283.6  1528.0  97.0  -4.7  -48.7
102.4  -280.0  1496.0  50.5  -12.2  -41.7
101.2  -290.4  1474.0  61.4  -22.8  -17.0
53.2  -289.2  1505.6  4.9  -16.2  -14.7
74.4  -270.8  1452.8  69.8  -34.6  -25.1
63.6  -272.8  1457.6  59.4  -31.8  -22.2
85.6  -271.2  1504.4  96.3  -34.7  -36.6
83.2  -277.2  1526.4  9.2  -59.8  -3.1
67.2  -270.0  1510.8  33.0  -45.4  -3.7
74.8  -292.0  1495.2  -9.0  -4.6  20.9
56.0  -267.2  1479.6  12.1  -28.0  -5.6
34.0  -309.2  1500.4  36.9  -55.0  -7.8
6.8  -285.2  1474.8  37.4  -38.6  -9.7
50.0  -284.0  1474.4  45.7  -43.1  -1.6
58.0  -275.6  1484.4  22.3  -33.9  -8.1
32.4  -302.8  1485.2  7.7  -26.2  16.5
32.0  -269.2  1443.6  31.9  -46.8  10.7
36.8  -283.2  1471.2  52.4  -75.4  -21.8
40.4  -286.8  1490.4  67.7  -66.2  -33.3
53.6  -290.4  1495.2  29.1  -44.9  4.5
26.0  -287.6  1506.8  45.4  -72.1  -3.5
20.4  -271.6  1459.6  34.8  -38.7  -9.8
46.0  -289.2  1488.8  60.4  -96.1  -18.2
12.8  -255.6  1407.6  117.1  -109.3  -49.2
43.2  -240.0  1344.4  339.8  -220.0  -162.6
53.2  -107.2  1460.8  846.5  -204.2  -166.4
507.2  -272.0  3276.7  -203.9  1405.1  -284.3
190.0  -158.0  1830.8  -3276.8  1813.0  1870.5
-630.8  40.8  -284.4  -671.7  -190.5  240.4
-706.4  -465.2  748.0  908.8  -417.9  -2.9
-446.0  -498.0  1495.2  310.1  -275.7  -400.6
-248.4  -569.2  1518.8  9.7  -180.7  -65.6
-222.8  -604.4  1275.6  -166.2  -235.3  -6.0
-292.8  -567.2  1289.6  280.8  -518.3  -146.3
-300.0  -556.8  1408.0  325.8  -295.9  -174.4
-170.4  -542.8  1474.4  260.4  -190.3  -168.7
-117.6  -491.2  1388.8  235.2  -225.2  -153.1
-111.2  -468.8  1455.6  269.4  -242.0  -140.8
-116.8  -401.2  1447.2  207.2  -142.4  -114.5
-116.8  -444.8  1485.2  175.2  -107.2  -112.8
-107.6  -376.4  1414.4  184.6  -45.9  -100.8
-64.0  -390.4  1484.0  150.0  -45.6  -84.2
-88.0  -365.6  1436.4  172.0  -175.5  -82.5
-68.4  -373.6  1517.2  188.4  -96.2  -25.8
-74.4  -330.0  1482.4  143.5  -116.1  -70.0
-69.6  -347.2  1450.8  163.2  -115.3  -43.9
-45.2  -288.4  1462.8  173.6  -117.0  -73.3
-49.6  -310.4  1494.8  144.0  -115.1  -31.4
-55.6  -266.4  1491.2  162.2  -115.3  -48.2
-36.4  -267.2  1528.0  93.3  -64.5  -30.1
-51.2  -261.2  1468.4  89.1  -62.0  -42.2
-32.8  -258.4  1478.4  83.8  -47.3  -14.0
-48.0  -281.6  1498.8  56.6  -39.4  -25.1
-49.6  -249.2  1493.2  56.4  -58.4  -13.9
-42.8  -236.8  1502.0  80.9  -51.3  -40.8
-49.2  -252.8  1524.8  36.0  -27.9  -18.4
-55.2  -246.0  1466.4  50.3  -33.0  -4.1
-48.8  -241.6  1487.2  37.1  -45.2  -15.1
-46.0  -239.6  1497.6  12.7  -52.7  -2.1
-53.6  -245.2  1478.4  70.4  -67.4  -31.9
-64.0  -248.4  1496.0  13.2  -40.5  -1.7
-40.4  -242.4  1495.2  45.2  -32.3  -9.8
-55.2  -252.4  1494.8  31.4  -49.3  -9.9
-64.4  -254.0  1483.6  35.6  -56.0  -2.4
-64.4  -206.4  1492.4  37.2  -45.4  3.1
-50.0  -232.0  1467.6  26.8  -48.5  -0.7
-76.4  -237.6  1470.8  62.9  -42.5  -33.0
-76.8  -222.0  1482.0  49.3  -62.0  -12.2
-42.0  -234.4  1483.6  41.7  -39.8  -17.9
-66.0  -238.4  1470.0  27.3  -63.7  -6.4
-72.0  -241.6  1482.4  90.9  -80.8  -45.4
-84.4  -234.4  1484.0  74.8  -53.8  -42.0
-56.4  -254.4  1502.8  99.7  -53.2  -37.9
-54.8  -226.8  1464.8  70.8  -45.3  -30.3
-67.6  -207.2  1499.6  126.3  -80.4  -46.7
-83.6  -196.8  1408.0  188.0  -81.0  -70.3
-68.0  -96.8  1810.8  567.8  46.8  -182.9
362.4  -636.8  3276.7  -1949.6  2721.9  377.7
-256.4  104.8  -943.6  -3206.7  319.4  1428.3
-513.6  -332.0  -206.0  753.4  -442.2  -560.9
-504.4  -433.6  1046.4  781.7  91.1  658.7
-430.4  -533.6  1862.4  561.0  -598.9  -648.6
-249.6  -555.2  1538.4  -339.0  -79.4  41.1
-320.0  -500.0  1237.2  -26.6  -387.5  -41.4
-344.8  -514.8  1366.4  257.9  -491.1  -158.6
-292.0  -484.0  1418.0  284.9  -233.9  -172.3
-196.4  -451.6  1365.2  239.7  -277.9  -150.7
-144.0  -457.2  1448.4  280.7  -230.0  -144.6
-121.2  -384.8  1412.8  314.7  -280.9  -118.7
-137.6  -425.2  1592.0  217.6  -284.8  -135.8
-106.8  -366.8  1490.8  183.7  -156.7  -84.6
-72.4  -364.0  1502.4  108.4  -111.0  -21.4
-63.6  -330.4  1487.6  129.4  -104.6  -69.9
-47.2  -317.2  1482.8  108.4  -119.9  -54.5
-48.8  -315.6  1460.4  147.5  -102.9  -73.2
-60.8  -329.2  1478.0  158.4  -133.7  -75.1
-33.6  -307.6  1469.2  142.0  -97.6  -57.8
-26.4  -299.6  1533.6  144.5  -100.6  -35.0
-49.6  -306.8  1521.6  79.1  -110.4  -27.3
-34.4  -270.4  1472.4  45.4  -67.2  -11.7
-20.4  -254.0  1480.8  89.3  -81.9  -39.6
-23.2  -255.6  1521.2  42.8  -58.1  -9.7
-26.4  -260.8  1508.4  20.6  -59.4  -0.9
-44.8  -241.6  1467.2  26.5  -80.9  -5.0
-60.8  -257.6  1481.2  63.6  -73.8  -28.0
-40.8  -262.8  1475.6  85.2  -54.7  -40.4
-39.2  -232.8  1510.4  89.5  -55.5  -45.9
-18.8  -231.2  1460.8  13.8  -39.6  -24.6
-23.6  -250.4  1487.2  75.1  -74.3  -33.1
-38.4  -246.8  1498.4  78.3  -85.6  -26.7
-28.4  -243.2  1502.8  81.6  -50.2  -25.8
-12.0  -226.8  1510.0  74.3  -109.9  -10.5
-30.0  -218.0  1530.0  56.6  -76.7  -16.3
-18.0  -223.2  1500.8  31.1  -55.2  24.4
-33.2  -217.6  1461.6  53.7  -55.4  -21.6
-42.8  -232.0  1470.8  78.0  -79.9  -23.9
-19.6  -219.2  1475.2  72.5  -29.8  -29.4
-24.0  -220.8  1523.6  90.8  -37.1  -58.6
-23.6  -196.8  1480.4  64.8  -79.5  -19.2
-47.2  -205.2  1446.4  119.2  -60.5  -49.3
-46.8  -151.6  1429.2  255.0  -93.7  -119.2
-10.4  -70.4  1452.0  678.5  -138.8  -140.6
79.6  -48.4  1708.4  478.7  101.3  -192.4
307.6  2.4  2556.0  -554.2  850.3  -113.6
214.0  -170.4  2281.6  -2494.6  1192.5  1149.0
-472.8  44.4  364.4  -2179.0  221.2  1146.0
-746.0  -420.4  395.6  237.5  108.2  102.5
-734.4  -595.6  1070.0  545.4  -417.8  -233.3
-431.2  -531.2  1288.0  492.2  -219.3  -316.1
-213.6  -585.6  1434.8  315.5  -332.5  -210.5
-194.8  -475.2  1363.6  379.5  -607.0  -174.7
-266.4  -438.8  1442.0  391.7  -428.4  -143.5
-206.4  -369.6  1475.6  354.3  -334.3  -215.9
-132.8  -351.2  1495.6  338.2  -284.4  -166.4
-110.0  -318.0  1496.4  294.5  -251.1  -151.0
-68.0  -311.2  1540.8  285.8  -141.4  -152.9
-36.4  -284.8  1486.4  171.3  -142.9  -69.2
-78.0  -276.8  1503.6  189.1  -156.7  -74.0
-66.0  -271.2  1498.8  187.8  -106.8  -57.5
-51.6  -248.8  1526.8  159.4  -61.6  -58.5
-22.0  -218.4  1560.4  118.5  -22.0  -65.2
-39.6  -190.4  1491.6  125.2  -53.8  -61.4
-50.0  -198.0  1531.2  89.6  -72.9  -29.8
-53.6  -173.6  1504.8  80.6  -71.7  -38.2
-54.8  -174.8  1491.2  99.3  -77.7  -17.3
-51.2  -156.8  1530.0  82.8  -51.6  -0.4
-50.0  -170.0  1506.0  39.7  -58.0  -8.5
-51.2  -166.4  1499.6  24.5  -41.2  -8.6
-75.6  -174.4  1479.6  43.9  -64.0  -11.4
-37.2  -170.0  1532.8  35.4  -48.4  -8.4
-64.0  -166.8  1478.8  71.7  -55.5  -18.7
-45.2  -164.8  1503.6  41.1  -54.6  1.0
-64.4  -151.6  1484.8  83.7  -79.9  -6.5
-61.2  -159.6  1497.6  93.6  -78.3  -18.2
-70.0  -145.6  1509.2  154.1  -74.8  -29.8
-85.2  -122.8  1464.4  208.3  -99.0  -42.6
-23.6  -109.2  1510.8  260.6  -97.2  -26.5
-38.0  -52.8  1515.2  270.4  -61.7  -86.6
56.8  26.0  1781.6  143.3  138.9  -122.2
284.4  -168.0  3276.7  -1144.4  2181.0  -20.3
-64.8  58.8  1518.4  -3276.8  1709.2  2088.9
-825.2  -53.6  -815.2  -683.9  -989.9  -52.2
-628.4  -433.2  539.6  863.5  252.7  116.1
-669.6  -489.2  1474.8  615.4  -714.1  -188.1
-507.6  -527.2  1375.6  85.0  -131.6  -116.8
-403.2  -563.2  1204.0  -52.0  -348.2  -16.6
-469.6  -485.6  1121.2  302.6  -656.7  -227.5
-360.8  -539.6  1353.2  372.7  -450.1  -233.9
-259.6  -428.8  1460.0  467.1  -559.1  -404.2
-132.4  -436.8  1495.2  180.6  -383.5  -176.0
-176.4  -455.2  1439.6  183.9  -428.5  -162.8
-124.0  -388.0  1468.4  357.9  -373.2  -178.4
-28.8  -349.6  1474.4  378.9  -234.0  -115.6
-80.4  -356.0  1542.4  322.9  -172.8  -153.2
-42.4  -280.0  1544.8  178.7  -2.3  -50.2
-37.2  -289.2  1547.2  194.5  -46.4  -75.3
-68.4  -256.4  1502.8  133.6  -76.8  -51.3
-34.4  -264.8  1524.4  154.7  -34.0  -60.8
-53.2  -253.6  1479.2  144.5  -66.0  -55.1
-46.8  -205.2  1525.6  111.8  1.0  -58.7
-33.2  -222.8  1543.6  91.2  -20.8  -33.7
-49.2  -206.8  1530.0  53.7  -36.8  -11.9
-62.8  -229.2  1501.6  16.6  -26.1  5.5
-81.6  -207.6  1475.6  71.8  -47.7  -17.1
-96.4  -182.4  1460.8  53.4  -60.7  -4.6
-87.2  -199.2  1475.6  101.8  -49.0  -35.4
-40.0  -197.6  1530.4  46.3  -28.2  -20.1
-75.2  -196.8  1506.4  32.3  -51.4  6.2
-78.8  -195.6  1472.8  53.9  -60.3  -18.1
-84.8  -197.6  1492.0  46.2  -45.2  -19.7
-74.4  -205.6  1499.2  28.2  -50.8  -4.3
-89.2  -196.4  1479.2  39.9  -56.8  -11.5
-69.2  -228.0  1501.2  54.5  -64.1  -19.6
-70.4  -194.8  1532.0  36.7  -45.0  -6.0
-102.0  -184.0  1469.2  74.0  -71.3  -21.7
-122.8  -157.2  1440.4  189.9  -103.2  -61.5
-57.2  -146.8  1545.2  171.8  26.1  -67.2
-8.4  -142.8  1526.0  53.9  -41.2  -4.7
-84.0  -172.4  1509.2  77.0  -107.9  -25.7
-116.8  -148.0  1474.0  141.8  -138.0  -12.0
-74.8  -123.2  1504.8  229.0  -91.7  -35.8
48.4  -26.8  1764.0  3.0  172.3  -102.4
-98.0  -303.2  3212.4  -519.2  1766.7  180.3
50.4  -153.6  1310.0  -2684.8  1390.9  1057.4
-503.2  -199.2  134.8  -650.3  -218.9  -37.2
-751.2  -305.6  221.2  71.5  142.7  285.1
-774.8  -471.6  984.4  548.7  -505.9  -377.1
-403.2  -544.4  1362.4  553.8  -453.7  -294.2
-235.2  -476.8  1420.0  339.3  -693.3  -219.9
-256.8  -438.4  1551.2  196.1  -647.8  -206.7
-280.0  -399.2  1522.0  195.0  -429.2  -122.7
-194.8  -334.0  1497.6  194.9  -310.6  -128.9
-111.2  -342.0  1492.8  201.0  -139.5  -55.3
-168.8  -296.8  1441.6  231.8  -283.7  -98.1
-143.2  -341.6  1494.4  215.6  -198.0  -124.5
-133.6  -310.0  1507.2  218.8  -203.4  -104.6
-151.6  -299.6  1453.6  157.2  -54.1  -68.1
-98.4  -292.8  1486.0  259.8  -89.2  -92.9
-96.0  -238.0  1544.8  196.4  -45.8  -66.3
-91.6  -230.4  1498.4  154.1  -25.8  -45.0
-102.0  -224.8  1565.6  276.4  -114.0  -75.2
-82.0  -170.8  1519.6  90.2  -54.1  -33.7
-90.0  -174.0  1515.6  38.6  -44.6  11.2
-100.0  -159.6  1487.6  41.0  -74.6  -16.8
-103.6  -175.2  1472.8  74.8  -55.0  -21.6
-97.2  -188.8  1509.2  65.6  -59.2  -15.2
-93.2  -190.8  1494.4  57.0  -41.2  -8.5
-93.6  -164.0  1502.8  12.2  -20.6  0.1
-88.0  -150.0  1473.6  50.9  -63.9  -6.2
-123.2  -170.4  1475.2  89.7  -71.8  -15.4
-114.4  -168.8  1488.8  115.3  -51.9  -17.6
-86.4  -165.6  1508.4  65.0  -11.7  -12.0
-126.8  -138.8  1498.8  58.9  -46.4  -11.2
-109.2  -149.2  1474.4  47.4  -65.2  -12.0
-110.8  -114.8  1488.4  82.6  -42.4  -22.4
-114.8  -154.0  1496.4  86.7  -71.0  -19.4
-99.6  -132.0  1475.6  123.1  -71.7  -25.4
-102.0  -144.4  1458.4  228.9  -91.3  -71.0
-7.2  -106.8  1366.8  368.0  142.3  -204.5
-22.0  144.0  1637.2  744.1  20.5  -242.3
-4.0  101.6  2931.6  40.7  932.2  56.6
-160.0  -23.6  2534.4  -2090.4  1833.6  893.9
-459.6  114.4  239.6  -2400.0  931.4  640.2
-549.6  -217.6  122.0  -269.3  -6.8  -76.9
-678.8  -351.2  734.8  446.3  -460.9  -18.8
-632.0  -300.8  1220.8  644.7  -849.6  -353.5
-442.8  -462.0  1560.8  355.7  -584.1  -220.0
-380.0  -318.8  1331.6  30.8  -501.2  -73.3
-346.4  -292.0  1414.8  278.6  -704.7  -117.2
-300.4  -268.0  1552.8  376.6  -385.9  -161.2
-186.8  -234.4  1556.8  227.8  -288.4  -138.3
-120.4  -228.4  1531.2  208.6  -267.1  -107.4
-172.0  -203.2  1489.6  178.2  -140.5  -83.2
-147.2  -239.2  1550.0  181.5  -76.5  -21.2
-180.8  -216.8  1517.6  102.6  -108.9  -39.4
-201.2  -190.0  1493.2  103.8  -11.7  -31.0
-186.0  -150.8  1409.2  121.9  -31.5  -68.9
-169.6  -158.4  1497.2  190.9  -28.4  -128.0
-145.2  -141.6  1514.8  197.6  -101.0  -67.8
-151.2  -149.2  1540.8  181.8  -8.1  -72.7
-195.2  -109.6  1520.4  136.9  -51.4  -44.1
-218.8  -154.8  1576.8  197.8  -12.9  -3.5
-158.4  -83.6  1503.2  134.2  -77.2  -0.7
-183.6  -78.8  1512.0  103.9  -60.3  -10.5
-203.2  -63.2  1486.8  81.1  -53.0  -3.7
-182.4  -72.0  1487.6  103.8  -57.7  -11.0
-182.8  -47.2  1498.0  112.7  -41.0  -20.7
-187.2  -50.0  1500.0  68.9  -63.1  -5.2
-175.6  -36.0  1484.8  28.1  -31.7  -9.3
-180.0  -26.0  1488.8  102.3  -72.2  -21.3
-203.6  -35.2  1484.0  54.1  -42.7  -14.0
-180.8  -35.2  1462.0  69.5  -66.1  -11.7
-201.6  -29.6  1509.2  92.1  -60.3  -21.1
-181.6  -22.4  1480.8  75.5  -49.2  -13.2
-174.4  -18.0  1508.8  84.2  -57.4  -18.9
-184.4  -20.4  1508.4  49.6  -60.8  -12.6
-154.4  -8.8  1502.0  48.3  -78.2  -16.3
-138.4  52.4  1705.6  -62.0  83.7  -72.0
-90.4  -70.8  2746.4  -342.0  896.1  -25.1
-191.6  -154.4  2142.0  -2158.7  1550.9  814.1
-324.4  -14.0  323.6  -1969.0  227.2  591.7
-680.4  -281.6  265.6  -175.5  301.6  -74.7
-726.0  -476.8  816.8  515.1  -377.6  -173.2
-690.0  -509.2  1299.2  499.1  -384.1  -346.9
-450.0  -524.4  1528.4  165.1  -378.8  -153.5
-412.0  -433.2  1345.6  56.2  -576.4  -71.9
-459.6  -450.0  1366.0  133.6  -437.4  -107.3
-392.0  -378.8  1427.2  288.0  -351.5  -156.5
-342.0  -410.4  1450.0  206.6  -371.0  -114.2
-288.4  -344.4  1445.6  202.5  -262.1  -107.8
-298.0  -364.0  1445.6  137.0  -248.4  -75.1
-272.0  -337.2  1383.6  102.5  -227.2  -48.3
-275.2  -337.6  1439.2  187.5  -184.2  -67.4
-257.2  -290.4  1436.0  173.5  -158.2  -98.4
-216.0  -312.0  1488.4  219.0  -73.2  -64.4
-183.6  -230.8  1462.0  172.2  -84.3  -62.5
-194.0  -282.0  1522.4  140.2  -32.8  -49.8
-196.0  -236.8  1510.0  147.4  -85.9  -63.2
-204.0  -245.2  1482.0  84.6  -66.9  -24.9
-214.4  -205.2  1468.8  120.9  -100.4  -46.6
-193.2  -207.2  1472.8  142.0  -58.4  -56.1
-216.8  -235.2  1476.4  259.3  -72.1  -14.5
-168.0  -199.2  1513.2  143.7  -79.6  -14.3
-209.6  -169.2  1461.2  112.5  -92.9  -22.5
-204.0  -166.0  1438.8  166.6  -52.7  -40.3
-203.2  -149.6  1513.6  157.1  -47.9  -27.9
-196.0  -148.0  1493.6  102.7  -56.4  -19.1
-194.4  -148.8  1468.0  42.8  -66.3  -3.2
-194.4  -149.6  1446.4  71.5  -70.3  -3.0
-208.4  -136.8  1483.6  108.6  -55.6  -22.9
-188.4  -126.4  1529.6  74.9  -50.4  -56.0
-186.4  -113.6  1512.4  77.7  -63.0  -13.1
-181.6  -117.2  1461.6  37.4  -56.1  -3.0
-220.0  -95.6  1477.6  55.2  -41.4  -15.0
-201.2  -120.4  1478.0  67.4  -75.6  -18.3
-221.2  -105.2  1486.0  55.8  -42.6  -17.8
-199.6  -85.6  1475.2  67.9  -56.0  -18.3
-210.4  -98.4  1450.0  124.4  -59.7  -30.0
-215.2  -84.4  1430.0  291.2  -99.3  -67.4
-194.4  26.0  1692.8  287.8  153.8  -138.5
-120.8  -78.8  3158.0  -540.9  1492.3  -226.1
-379.6  -113.6  1868.4  -2744.6  1482.0  758.7
-565.2  -116.4  58.4  -1585.1  -38.6  -101.0
-350.0  -414.0  162.8  6.9  237.5  -14.0
-579.6  -466.0  1070.0  561.5  -147.1  348.7
-666.0  -482.4  1334.0  321.9  -573.4  -314.4
-628.0  -603.2  1277.2  104.6  -327.2  -30.6
-457.2  -471.6  1274.4  194.0  -481.9  -147.8
-434.8  -437.6  1356.4  181.5  -495.3  -102.2
-414.4  -406.8  1337.6  341.9  -523.5  -138.2
-308.4  -382.8  1451.6  293.1  -372.4  -113.2
-281.6  -374.4  1426.8  210.8  -412.1  -69.9
-282.0  -376.4  1480.0  269.6  -385.9  -117.9
-237.2  -344.0  1476.4  276.3  -269.8  -49.0
-228.4  -341.2  1511.2  255.9  -140.5  -38.3
-238.4  -315.6  1428.4  177.7  -215.6  -67.8
-220.0  -268.4  1462.0  280.3  -221.8  -82.2
-184.4  -252.0  1513.2  190.0  -76.0  -84.3
-172.0  -236.8  1524.8  227.2  -80.3  -27.0
-182.8  -209.2  1533.2  100.4  -55.8  -37.8
-158.8  -228.4  1496.0  101.8  -15.2  -16.2
-158.8  -184.4  1497.2  107.3  -17.5  -35.0
-182.0  -196.4  1496.0  71.1  -35.7  -31.7
-162.0  -186.0  1538.4  107.8  -42.3  -12.7
-190.8  -170.8  1485.6  81.6  -61.6  -14.2
-189.6  -174.0  1468.4  63.4  -26.0  -5.9
-205.2  -159.6  1468.0  75.5  -33.3  -20.4
-166.8  -162.8  1464.8  73.8  -46.9  -11.1
-198.8  -161.6  1492.4  57.0  -76.7  -13.6
-203.2  -163.2  1481.2  46.7  -39.6  -6.8
-210.0  -158.4  1467.6  74.0  -47.1  -10.0
-187.6  -151.6  1476.4  94.6  -62.0  -10.2
-181.2  -158.8  1486.8  53.7  -16.4  -13.7
-207.6  -145.6  1478.4  83.4  -66.6  -7.9
-190.8  -136.4  1476.8  62.8  -27.2  -16.1
-206.0  -129.6  1471.6  81.5  -72.3  -12.3
-214.8  -122.8  1470.4  128.3  -49.1  -28.8
-206.0  -135.2  1436.4  194.7  -84.4  -35.7
-252.4  -119.6  1413.6  353.3  -93.4  -63.9
-184.8  -32.0  1523.2  499.8  -1.1  -142.6
-138.8  135.2  1733.6  358.6  178.9  -182.7
86.8  411.2  3276.7  -1029.1  2022.7  -213.4
-288.0  -16.8  2029.2  -3276.8  1936.5  1230.9
-588.4  49.2  -713.6  -762.2  -1140.7  -94.4
-747.2  -425.2  420.4  451.0  451.8  97.0
-781.2  -473.6  1178.4  502.9  -218.0  -87.9
-568.4  -442.0  1321.6  50.6  -30.1  -204.7
-542.8  -461.2  1185.2  137.8  -497.8  -104.1
-550.8  -404.8  1190.4  149.5  -649.6  -142.2
-537.6  -360.0  1243.6  91.1  -742.7  -86.9
-422.4  -409.6  1420.4  441.2  -592.5  -154.1
-288.4  -356.0  1534.4  212.9  -480.4  -130.3
-283.6  -342.8  1428.4  186.5  -438.8  -72.1
-278.8  -345.2  1459.2  225.2  -347.7  -98.8
-213.6  -320.4  1554.0  235.2  -208.0  -123.5
-203.2  -318.0  1482.4  62.4  -204.8  -39.9
-240.0  -328.8  1495.2  102.8  -118.7  -50.4
-204.8  -269.2  1452.8  115.8  -47.2  -60.9
-167.6  -253.2  1506.0  192.5  -59.5  -89.5
-162.4  -262.0  1507.6  127.3  -46.9  -82.4
-154.4  -270.0  1502.4  85.4  -62.4  -37.6
-199.6  -256.4  1466.0  71.7  -76.2  -16.5
-206.4  -229.6  1432.4  152.7  -60.8  -40.2
-205.2  -220.8  1408.4  148.4  -23.0  -70.3
-170.4  -224.4  1600.8  317.7  -75.8  -75.6
-163.2  -186.0  1493.6  44.0  -29.3  13.4
-196.0  -166.8  1476.0  131.8  -76.3  -20.2
-190.0  -170.8  1476.4  50.5  -0.9  1.6
-195.6  -163.2  1462.0  140.4  -48.7  -19.3
-211.6  -158.0  1488.4  99.4  -66.1  1.8
-187.2  -131.2  1491.6  142.7  -20.7  -19.0
-198.0  -142.8  1502.8  118.8  -77.0  -6.6
-202.8  -126.4  1473.2  157.3  -11.6  -13.7
-190.0  -100.8  1501.2  153.1  -59.9  -30.9
-188.4  -88.0  1501.6  93.5  -40.2  -6.3
-196.8  -83.6  1479.2  136.6  -71.2  -20.6
-218.0  -60.0  1465.6  215.1  -88.5  -30.7
-206.4  -49.6  1485.6  199.5  -44.5  -11.0
-195.6  2.0  1490.4  205.4  -70.2  -31.3
-181.6  5.2  1479.2  152.6  -67.0  -28.8
-204.0  32.8  1524.8  166.3  -65.8  -64.5
-26.8  224.8  2082.4  -305.9  477.7  -177.6
-270.8  -400.4  3276.7  -1517.6  2037.8  389.6
-452.0  100.8  926.0  -3276.8  972.4  848.8
-689.6  -152.8  -199.2  -827.1  -167.4  -158.6
-576.0  -464.0  294.4  279.3  359.3  141.8
-1285.6  -588.0  845.2  600.0  -610.4  73.2
-677.2  -521.6  1224.0  377.5  -563.9  -386.6
-512.4  -634.0  1351.6  230.1  -399.0  -90.7
-454.0  -519.6  1220.4  168.8  -748.3  -205.3
-383.6  -453.2  1310.0  485.1  -574.4  -199.1
-367.6  -438.8  1437.2  327.9  -467.5  -177.3
-294.4  -373.6  1392.0  450.0  -482.7  -169.5
-288.4  -390.4  1520.4  342.6  -425.0  -183.3
-227.2  -333.6  1498.8  358.0  -250.9  -192.9
-158.8  -344.8  1525.2  226.8  -144.8  -65.5
-178.0  -297.2  1522.8  233.2  -158.4  -89.5
-148.4  -284.0  1608.0  124.6  -60.6  -33.6
-170.0  -250.0  1469.6  127.5  -115.5  -30.9
-153.2  -272.8  1470.0  101.2  -23.0  -25.4
-176.0  -246.4  1469.6  149.2  -67.8  -0.5
-180.4  -239.2  1450.4  105.2  -75.7  -20.4
-174.0  -230.4  1480.4  225.5  -43.8  -28.5
-162.8  -220.4  1494.0  183.8  -62.9  -27.7
-167.6  -218.0  1499.2  134.9  -45.8  -5.6
-162.8  -162.4  1503.2  146.8  -26.4  -19.0
-175.2  -156.4  1454.8  139.5  -64.7  -10.6
-204.8  -149.2  1462.0  246.7  -33.2  -37.1
-158.4  -120.8  1482.0  208.8  -58.5  -45.3
-173.2  -112.0  1557.6  179.4  -33.2  -19.1
-157.2  -102.0  1476.4  39.9  -62.1  2.4
-183.6  -111.6  1503.2  103.1  -76.6  -8.1
-161.2  -84.8  1473.6  98.8  -58.1  -13.7
-223.2  -91.6  1500.8  125.0  -31.2  -14.8
-189.2  -53.6  1499.6  106.3  -47.5  -20.6
-154.0  -70.0  1461.6  58.1  -36.1  -9.9
-207.2  -44.0  1482.0  78.2  -44.4  -12.2
-186.4  -57.6  1478.0  82.3  -72.2  -13.8
-189.6  -29.6  1452.4  154.1  -64.5  -41.9
-222.4  -25.2  1462.0  267.6  -102.3  -49.5
-196.0  25.6  1417.2  412.2  -87.8  -72.6
-195.6  119.2  1515.6  475.7  -41.1  -130.6
-74.4  216.0  1859.2  63.3  353.4  -180.4
-268.4  -114.0  3276.7  -1319.8  2293.6  67.6
-448.4  139.2  1607.6  -3276.8  1519.3  719.3
-713.6  -60.4  -358.4  -1186.8  -370.3  -403.1
-482.0  -483.6  144.0  119.3  322.1  28.1
-676.8  -477.6  829.2  688.8  -184.6  277.9
-725.6  -530.0  1349.6  652.6  -687.7  -443.7
-542.4  -588.4  1459.6  307.2  -583.6  -120.4
-503.2  -481.6  1207.6  124.8  -731.4  -99.5
-551.6  -378.4  1340.0  418.7  -694.7  -195.5
-382.4  -368.4  1361.6  387.6  -609.6  -123.7
-324.8  -345.2  1430.8  416.0  -593.4  -165.1
-257.6  -319.6  1530.8  448.7  -450.8  -202.6
-228.0  -286.4  1550.8  240.0  -374.7  -119.8
-199.6  -285.2  1533.2  169.4  -230.2  -100.9
-159.6  -273.6  1536.4  199.5  -203.6  -81.2
-146.4  -251.6  1492.0  101.7  -136.4  -54.9
-166.8  -236.4  1471.2  126.1  -85.1  -56.1
-138.0  -210.8  1508.4  125.6  -22.7  -73.6
-131.2  -237.6  1515.6  103.8  -35.1  -43.7
-126.0  -288.0  1521.6  91.2  -25.8  -47.7
-148.0  -215.6  1506.0  133.3  -57.3  -9.3
-153.6  -174.8  1468.8  94.1  -59.1  6.8
-149.6  -160.8  1468.4  152.4  -50.3  -16.0
-157.2  -148.0  1501.2  153.2  -83.8  -8.3
-132.8  -131.2  1495.6  148.8  -49.5  -18.8
-159.6  -122.8  1478.4  152.0  -89.1  -22.9
-144.8  -113.2  1464.0  170.2  -45.8  -27.8
-136.0  -108.4  1503.2  209.5  -62.7  -30.1
-144.0  -81.6  1531.6  151.6  -46.3  -15.1
-138.8  -71.6  1485.6  71.6  -36.5  -0.3
-142.0  -61.6  1460.0  96.2  -45.2  -15.9
-161.6  -59.2  1505.2  69.9  -35.6  -6.5
-148.0  -51.2  1509.6  81.3  -42.8  -13.4
-167.2  -39.6  1486.4  59.8  -53.3  -3.8
-163.6  -35.6  1486.0  93.2  -36.1  -13.6
-133.2  -51.6  1479.6  84.9  -45.9  -8.6
-160.0  -34.8  1487.2  80.0  -63.2  -18.6
-163.2  -28.0  1480.0  62.6  -29.1  -17.3
-156.8  -32.8  1509.2  14.6  -37.7  -5.0
-170.0  -36.4  1478.0  41.0  -61.5  -10.1
-170.8  -27.2  1480.4  55.0  -47.2  -15.5
-168.4  -35.2  1495.2  25.7  -41.9  -7.2
-172.4  -16.8  1480.0  42.9  -0.3  -19.2
-162.0  -27.2  1483.6  62.0  -23.8  -29.4
-212.0  -30.4  1456.8  144.7  -62.5  -70.2
-246.8  10.8  1435.2  372.6  -33.0  -136.4
-127.6  90.4  1734.4  339.1  233.6  -243.3
-22.0  22.0  3276.7  -587.8  1747.8  -104.7
-288.0  37.2  1987.6  -3125.2  1319.2  937.5
-692.8  56.0  -94.4  -2247.0  -141.6  395.5
-640.0  -356.4  252.4  58.5  886.1  -59.1
-670.4  -475.2  824.8  179.6  224.4  284.2
-626.8  -500.4  1137.2  505.1  -587.3  -434.5
-633.2  -586.4  1314.0  298.6  -754.4  -97.8
-562.0  -511.6  1248.4  193.4  -677.1  -161.3
-413.6  -378.0  1162.8  372.3  -723.4  -230.3
-374.8  -410.8  1484.0  526.5  -490.2  -160.3
-299.2  -351.6  1522.4  374.7  -478.4  -135.0
-254.0  -334.0  1540.0  292.0  -400.6  -99.1
-274.4  -328.4  1491.6  181.9  -271.9  -55.1
-260.4  -273.6  1490.4  247.6  -243.9  -68.3
-248.0  -279.2  1417.6  181.8  -186.0  -60.2
-209.6  -265.6  1495.6  274.5  -116.3  -51.3
-193.2  -209.6  1460.4  180.6  -115.8  -98.1
-173.6  -218.4  1527.2  170.0  -48.6  -45.4
-218.8  -190.8  1478.0  189.4  -99.1  -83.9
-181.2  -158.4  1519.6  135.7  19.2  -53.9
-192.0  -163.2  1502.0  110.7  -39.1  -37.2
-164.8  -169.6  1505.6  92.6  -44.8  -34.7
-229.6  -202.8  1445.6  240.7  -135.7  -19.1
-192.4  -142.0  1503.2  163.1  -33.1  -12.3
-181.6  -112.8  1462.4  142.0  -98.8  -16.2
-185.2  -103.2  1465.6  120.5  -67.6  -19.8
-208.4  -87.6  1465.6  173.8  -83.8  -0.4
-197.2  -82.0  1489.6  143.2  -53.1  -24.1
-175.6  -78.8  1502.0  173.0  -78.2  -28.5
-184.0  -57.2  1485.6  143.0  -98.8  -10.3
-188.0  -44.4  1474.0  186.1  -72.3  -21.0
-204.4  -32.4  1486.0  134.3  -72.0  -5.9
-154.0  -10.4  1489.6  207.2  -79.1  -18.8
-172.4  1.2  1494.0  170.7  -51.4  -14.6
-176.8  40.8  1492.0  187.0  -64.4  -22.1
-176.4  48.4  1476.0  170.9  -109.2  -4.0
-186.0  72.8  1463.6  202.7  -53.9  -20.2
-179.2  90.0  1492.8  205.0  -103.3  -25.3
-120.0  122.8  1532.4  152.2  -102.1  -23.4
-164.0  120.0  1540.0  -38.2  -29.0  -14.4
-128.8  127.2  1606.4  -115.8  53.3  -61.4
-109.6  -15.6  2726.4  -484.1  720.2  28.2
-350.8  -43.2  2426.8  -2110.3  1121.6  858.4
-543.2  -66.4  583.2  -1992.3  512.1  435.9
-496.8  -324.4  316.8  -426.6  401.2  -60.3
-550.4  -365.6  638.0  183.0  -108.6  138.4
-569.2  -369.2  1089.2  653.5  -241.1  -196.7
-544.4  -442.4  1545.6  445.3  -534.3  -361.9
-414.8  -413.6  1437.2  128.5  -467.6  -113.7
-546.4  -511.2  1396.8  196.1  -538.9  -147.0
-361.2  -308.8  1390.4  452.0  -462.4  -190.6
-281.2  -284.4  1440.8  353.4  -422.6  -188.7
-215.2  -265.6  1532.4  385.2  -243.9  -147.4
-185.6  -264.4  1598.4  298.8  -316.1  -170.9
-215.6  -234.4  1549.2  283.8  -214.4  -63.6
-209.2  -205.2  1536.0  112.7  -23.6  -20.3
-183.2  -196.4  1492.8  95.8  -77.9  -16.6
-192.4  -156.4  1466.0  152.5  -60.0  -69.2
-190.0  -141.6  1494.4  192.9  -59.9  -61.5
-175.2  -153.2  1550.8  115.4  -2.1  -55.9
-190.0  -112.0  1495.2  109.1  -78.7  -24.0
-191.6  -113.6  1478.8  106.6  -37.7  -37.2
-208.4  -120.8  1469.2  129.8  -57.6  -38.0
-185.6  -91.2  1461.6  97.2  -4.1  -34.1
-206.0  -112.4  1538.0  283.3  -93.3  -48.1
-189.6  -75.6  1534.0  167.0  -50.6  -15.9
-172.8  -52.0  1534.0  63.2  -56.0  6.4
-203.2  -40.8  1478.8  42.2  -46.5  -12.6
-216.8  -45.6  1473.6  49.2  -51.0  -6.0
-202.4  -56.8  1473.6  84.9  -50.9  -11.8
-205.6  -36.8  1486.4  59.8  -57.9  -11.9
-199.6  -36.0  1460.4  59.7  -39.5  -15.5
-219.2  -33.2  1478.0  46.3  -69.6  -11.4
-216.4  -41.2  1463.6  62.7  -69.3  -13.3
-209.6  -23.2  1449.2  101.0  -65.0  -20.4
-208.8  -18.0  1484.8  87.7  -81.1  -26.0
-218.8  1.6  1500.4  104.7  -28.7  -25.7
-198.4  3.6  1598.0  -22.9  131.6  -19.2
-250.8  84.4  2286.8  -299.1  1058.2  -40.1
-396.0  -252.8  2714.8  -1812.4  2491.0  580.3
-528.0  -120.8  960.8  -2601.2  572.6  134.6
-562.0  -337.6  224.0  -914.2  261.9  -221.1
-586.4  -430.8  272.4  -103.6  289.0  91.2
-800.4  -569.6  752.8  419.4  -315.9  257.5
-898.8  -576.4  1062.8  641.0  -672.8  -345.1
-677.2  -621.6  1288.8  502.8  -687.0  -166.2
-605.2  -546.4  1306.8  256.4  -646.2  -178.9
-445.2  -517.2  1353.2  523.0  -692.3  -156.8
-414.4  -400.8  1351.6  415.9  -608.8  -93.9
-372.0  -357.6  1485.2  533.4  -494.4  -90.2
-371.2  -344.0  1558.8  343.4  -342.6  -97.0
-380.8  -336.8  1533.6  294.6  -405.8  -54.8
-335.6  -284.4  1461.6  178.1  -294.8  -49.7
-278.8  -254.8  1476.4  274.9  -179.5  7.3
-250.8  -235.2  1484.8  172.5  -162.7  -65.4
-272.0  -254.8  1492.8  219.6  -102.7  -34.4
-236.4  -215.6  1503.2  174.2  -89.8  -60.3
-236.0  -195.2  1486.8  135.3  -48.4  -33.8
-233.2  -164.8  1471.2  162.5  -42.3  -32.3
-238.4  -148.4  1467.2  135.7  26.6  -39.6
-188.4  -75.6  1456.4  269.6  -107.3  -48.4
-205.2  -114.0  1488.0  140.4  -49.8  -11.7
-230.0  -114.8  1508.8  76.8  -40.1  -4.4
-227.2  -99.6  1475.6  50.3  -47.6  -13.0
-253.6  -83.2  1481.2  43.6  -41.2  -7.2
-246.8  -103.2  1464.0  52.6  -66.9  -6.5
-281.6  -125.2  1462.8  77.5  -52.4  -16.7
-256.8  -103.6  1478.4  62.7  -73.0  -6.7
-231.6  -84.8  1471.6  52.0  -35.4  -17.9
-256.0  -85.2  1474.8  97.6  -61.7  -16.0
-243.2  -70.8  1484.4  109.3  -75.0  -22.6
-252.4  -66.4  1480.0  132.6  -6.4  -34.0
-244.8  -56.8  1562.8  85.8  145.0  -62.4
-250.0  24.4  2716.4  -254.1  1175.0  -97.8
-398.8  -207.6  2473.2  -2615.5  2107.8  647.1
-585.2  -4.0  566.0  -2987.1  609.1  196.6
-642.0  -342.8  26.8  -816.3  590.6  -67.1
-669.2  -492.8  222.0  185.9  -6.3  238.1
-814.8  -632.8  720.8  662.5  -519.7  -12.9
-904.0  -764.4  1106.0  885.2  -1190.3  -461.2
-680.8  -710.0  1228.8  481.7  -782.1  -246.8
-454.8  -580.4  1340.8  759.9  -700.8  -283.5
-440.8  -464.4  1296.0  519.6  -600.6  -217.2
-382.8  -418.0  1515.6  719.7  -587.2  -175.1
-386.8  -379.2  1534.4  445.7  -483.9  -139.5
-305.6  -310.8  1522.4  448.7  -230.6  -93.1
-331.2  -332.0  1448.4  232.0  -286.0  -82.1
-306.8  -311.2  1526.4  371.7  -172.3  -75.8
-286.0  -245.2  1400.8  210.1  -95.4  -81.9
-233.6  -238.0  1504.4  317.3  -74.6  -74.4
-252.4  -212.0  1508.0  225.6  -45.6  -72.7
-246.4  -190.0  1540.0  240.0  -41.6  -78.3
-250.0  -152.4  1516.0  208.1  -112.8  -7.7
-236.4  -112.0  1496.8  143.7  -31.7  -3.1
-271.6  -96.0  1476.4  124.4  -56.8  -4.7
-247.6  -86.8  1496.4  95.4  4.9  -18.1
-248.4  -120.8  1476.4  32.1  -57.0  -9.1
-272.4  -117.6  1456.0  45.7  -58.3  -11.1
-263.6  -110.0  1477.6  63.9  -33.5  -8.3
-279.2  -118.0  1469.2  72.4  -69.4  1.2
-271.6  -95.2  1463.6  71.5  -48.2  -9.5
-278.8  -95.6  1464.8  74.0  -67.1  -7.0
-260.4  -54.8  1455.6  118.0  -70.8  -22.4
-261.6  -52.8  1465.6  135.3  -116.4  -28.9
-250.8  -72.8  1544.8  77.7  -50.2  -27.8
-234.4  -57.2  1516.0  -31.9  -26.4  -19.2
-263.2  -81.2  1448.4  -68.9  -41.5  -7.7
-269.6  -73.6  1408.0  76.3  -56.5  -31.6
-264.0  -97.2  1521.2  158.0  27.7  -42.5
-236.8  6.4  2297.2  -115.2  680.5  -170.7
-494.8  -268.8  2739.6  -1952.0  2559.4  619.1
-546.8  -160.0  1060.8  -2861.5  1043.9  329.0
-602.4  -332.0  107.6  -1475.1  532.4  -75.2
-652.0  -477.6  6.8  -258.7  151.5  121.1
-873.2  -554.8  510.8  750.6  -482.9  42.3
-1047.2  -566.8  795.2  912.5  -1279.1  -624.3
-608.4  -710.0  1374.0  643.8  -869.1  -244.9
-575.2  -585.2  1236.8  577.2  -779.6  -214.1
-502.0  -500.4  1411.2  618.3  -600.2  -123.1
-411.2  -414.8  1497.2  484.0  -464.6  -182.8
-406.4  -367.6  1441.6  384.0  -495.7  -84.1
-360.8  -328.8  1422.8  437.1  -339.4  -123.3
-364.0  -340.4  1500.4  316.3  -250.4  -83.4
-308.0  -314.0  1535.6  290.0  -207.4  -69.0
-288.4  -272.0  1459.2  150.6  -113.0  -16.2
-293.6  -242.8  1500.0  202.3  -105.4  -17.9
-327.6  -222.4  1421.6  139.6  -65.3  -21.1
-301.6  -213.2  1471.2  183.3  -84.4  -46.2
-289.2  -229.2  1453.2  123.0  -27.4  -25.9
-305.6  -179.6  1472.4  132.0  -55.9  -27.6
-320.0  -154.0  1433.6  99.3  -49.7  -18.1
-293.2  -180.8  1508.4  114.1  -55.7  -15.7
-278.4  -156.0  1480.0  97.8  -58.3  -16.0
-281.2  -167.2  1462.8  77.3  -46.5  -8.1
-306.0  -160.4  1490.4  64.5  -46.1  -6.1
-301.6  -161.2  1438.0  53.1  -46.7  -12.2
-301.2  -148.0  1461.6  50.6  -60.2  -9.4
-292.0  -148.8  1460.4  46.4  -39.5  0.7
-305.2  -149.2  1447.2  67.8  -72.9  -4.8
-304.0  -145.2  1440.8  112.6  -79.8  -19.9
-331.2  -77.6  1415.6  211.7  -95.6  -41.4
-304.4  -2.0  1522.0  316.1  -14.6  -116.3
-155.6  4.0  2494.4  -636.0  932.8  -203.6
-512.4  -325.6  2476.4  -2648.8  2245.0  625.2
-652.8  -154.8  578.4  -3087.8  945.0  298.2
-530.4  -356.0  -124.4  -659.7  263.2  -236.7
-708.0  -573.2  319.2  413.1  -106.5  192.8
-879.2  -727.2  934.0  593.2  -251.0  24.5
-839.2  -712.0  1007.2  412.3  -422.3  -188.0
-688.4  -720.4  1101.6  243.0  -591.3  -170.4
-658.0  -668.4  1088.4  426.9  -732.8  -233.7
-507.2  -576.0  1276.8  633.9  -641.8  -121.5
-544.4  -514.4  1314.8  542.2  -590.1  -133.2
-485.6  -498.4  1419.6  523.4  -496.6  -133.8
-365.6  -447.6  1431.6  439.7  -464.0  -88.4
-399.6  -454.4  1438.4  324.9  -379.8  -66.3
-359.2  -420.8  1492.0  293.6  -234.5  -39.1
-322.8  -372.0  1384.0  163.9  -226.5  -35.9
-298.8  -366.4  1507.6  314.8  -237.9  -15.0
-282.4  -300.4  1424.0  220.1  -131.7  -62.3
-264.8  -291.6  1448.8  269.6  -85.2  -57.3
-250.8  -256.0  1471.6  244.7  -119.1  -58.6
-239.6  -257.2  1560.8  187.2  -13.2  -38.6
-266.8  -238.4  1486.0  90.9  -84.8  -2.3
-264.4  -248.8  1489.2  96.5  -39.0  -6.7
-250.0  -213.2  1461.6  158.3  -52.7  -13.4
-247.6  -212.8  1476.8  113.8  -32.5  -13.7
-244.4  -182.8  1476.8  32.7  -50.8  -0.5
-272.0  -212.4  1439.2  20.6  -51.3  -6.1
-267.2  -207.2  1442.8  22.7  -32.1  -7.3
-263.2  -198.8  1466.0  74.1  -62.4  -14.1
-254.8  -197.2  1456.0  40.3  -71.2  -9.1
-280.4  -191.2  1474.4  64.4  -60.5  -11.4
-267.6  -210.4  1481.2  36.3  -69.9  -8.5
-256.8  -186.0  1500.8  75.1  -17.9  -37.9
-206.4  -200.0  2037.2  20.1  509.1  -101.7
-412.8  -459.6  3120.8  -1041.0  2529.1  478.5
-478.0  -137.6  1037.2  -2587.5  1148.8  700.9
-653.2  -177.6  -52.8  -1233.8  587.1  -129.5
-661.6  -341.6  -17.2  -41.0  -39.2  -2.7
-772.0  -488.0  528.0  640.3  -288.6  87.9
-1158.4  -650.8  1038.0  877.3  -989.9  -301.5
-723.6  -587.2  1285.6  416.5  -845.6  -201.8
-569.6  -579.2  1282.4  148.7  -630.5  -169.2
-505.6  -472.0  1259.2  563.1  -742.0  -205.5
-432.8  -443.2  1389.6  489.6  -696.9  -107.6
-378.8  -341.2  1386.0  458.8  -520.3  -110.9
-356.4  -321.6  1434.0  465.0  -545.3  -112.4
-337.6  -407.2  1542.4  382.5  -325.5  -91.1
-317.6  -316.4  1487.6  288.1  -265.6  -79.0
-266.8  -312.0  1463.2  165.2  -77.7  -67.7
-250.4  -260.8  1490.8  305.1  -191.5  -79.0
-205.2  -244.0  1506.4  159.6  -48.1  -42.2
-238.0  -246.8  1483.2  218.8  -60.8  -40.7
-261.2  -182.4  1469.2  161.7  -37.4  -29.6
-252.4  -154.4  1474.0  207.4  18.9  -55.8
-226.0  -167.6  1489.2  104.7  3.7  -25.8
-261.6  -177.6  1516.0  127.5  -45.3  -15.4
-246.8  -165.2  1502.8  38.6  -49.2  2.7
-276.0  -153.6  1483.2  22.8  -34.5  7.0
-270.0  -165.6  1455.2  40.7  -39.4  -5.2
-252.4  -162.8  1454.8  71.0  -62.9  -21.2
-284.4  -170.4  1444.4  63.5  -59.7  -5.3
-280.4  -146.4  1432.4  81.9  -50.4  -8.7
-269.2  -136.0  1484.8  60.8  -36.5  -10.3
-275.2  -139.2  1474.8  46.4  -76.8  -3.3
-272.4  -134.4  1484.0  76.7  -26.4  -12.1
-274.4  -147.2  1451.2  66.7  -65.9  -17.0
-284.8  -138.0  1470.4  62.9  -62.1  -8.9
-269.6  -152.4  1478.8  41.9  -57.1  -9.2
-279.6  -135.2  1470.4  46.9  -63.5  -8.9
-296.0  -125.6  1384.8  83.8  -74.0  -20.1
-226.4  -42.8  1993.2  123.3  270.3  -122.0
-279.6  -406.8  2948.0  -1452.3  1982.1  464.4
-582.4  -136.0  1150.8  -2853.6  1003.3  759.6
-551.6  -298.0  306.0  -1235.0  722.7  27.1
-673.2  -449.6  218.4  309.4  44.1  382.2
-860.4  -504.4  622.0  548.7  -365.4  0.5
-842.0  -542.8  996.8  670.6  -707.9  -397.2
-604.8  -613.2  1356.0  400.4  -952.9  -318.9
-581.2  -533.6  1264.8  488.5  -716.5  -168.1
-481.6  -522.0  1384.0  497.7  -452.6  -145.2
-399.6  -408.4  1362.4  555.4  -483.1  -172.3
-366.4  -388.0  1421.2  500.8  -457.0  -121.4
-336.0  -325.2  1496.8  498.6  -368.8  -225.0
-293.6  -308.0  1504.0  335.2  -250.1  -109.9
-257.2  -276.8  1542.4  327.8  -274.4  -94.0
-219.2  -208.4  1517.2  181.2  -205.3  -42.5
-238.4  -212.4  1535.2  172.3  -197.6  -33.5
-230.0  -166.0  1438.0  147.0  -202.4  -37.4
-142.4  -167.2  1540.4  220.2  -271.5  -20.6
-192.4  -144.8  1542.0  124.9  -193.3  -35.6
-107.6  -165.2  1528.8  155.7  -243.9  -24.1
-118.4  -147.6  1523.2  82.8  -181.3  -5.6
-139.2  -117.2  1451.2  33.3  -180.9  33.6
-117.6  -104.8  1478.8  119.3  -121.4  -1.1
-100.4  -127.6  1481.6  67.1  -166.7  -89.3
-100.4  -129.2  1488.0  153.4  -194.1  -179.3
-59.2  -98.8  1526.8  73.5  -208.6  -95.3
-37.2  -178.8  1565.6  -30.5  -147.7  -137.5
-67.2  -157.6  1512.4  -58.7  -75.0  -26.3
-28.0  -171.2  1499.6  -7.1  -3.1  -3.7
-74.8  -142.0  1458.0  36.3  -44.4  5.3
-65.6  -144.4  1482.0  90.2  -18.2  29.2
-50.8  -174.0  1515.2  60.7  -61.8  47.3
-68.8  -132.4  1468.0  97.5  -53.6  22.0
-80.4  -96.0  1471.2  80.4  -66.0  50.2
-79.2  -100.4  1452.8  120.1  -14.9  6.7
-28.8  -86.4  1562.0  146.4  -130.9  -48.1
286.4  153.2  2408.4  -228.1  470.5  -301.1
99.2  -274.0  3197.2  -2488.5  2865.0  609.9
-480.4  -127.6  508.0  -3276.8  1539.6  996.0
-860.8  -380.0  -523.2  -671.7  303.5  16.0
-688.0  -695.2  294.8  271.5  -106.6  94.2
-805.6  -591.2  867.6  1183.0  -279.0  67.5
-542.4  -784.0  1438.8  820.7  -634.1  -359.6
-490.0  -724.4  1470.4  421.7  -799.0  -238.0
-521.6  -519.6  1096.8  693.5  -730.5  -116.3
-380.8  -429.6  1440.8  874.2  -693.5  -258.6
-249.2  -287.2  1402.8  809.4  -583.5  -279.1
-181.2  -308.0  1642.0  623.5  -462.2  -200.6
-197.2  -245.6  1543.6  359.4  -387.2  -116.9
-115.2  -242.4  1637.2  315.9  -179.2  -121.5
-136.8  -209.2  1484.0  148.4  -219.2  -22.7
-135.2  -220.8  1573.2  228.3  -115.0  -49.4
-118.4  -132.8  1476.4  104.4  -59.4  -29.6
-126.4  -171.2  1550.8  151.5  -111.0  -37.5
-109.6  -144.0  1512.8  63.3  -68.8  -15.2
-79.6  -162.8  1558.4  6.0  -76.4  -1.4
-152.8  -171.6  1513.2  -77.8  -44.2  33.7
-138.4  -202.0  1472.0  -47.4  -39.6  21.6
-171.2  -190.8  1453.6  -38.8  -43.9  28.5
-146.4  -195.2  1469.2  12.2  -44.5  -2.1
-153.2  -182.0  1503.6  -1.8  -52.7  5.4
-97.6  -184.8  1526.8  11.2  -73.9  5.8
-167.2  -202.4  1493.2  -9.6  -25.7  21.0
-152.8  -193.2  1465.6  -16.4  -57.2  25.4
-131.6  -203.2  1507.6  -1.7  -47.3  -2.5
-145.2  -218.0  1478.0  -8.9  -59.6  23.4
-136.8  -224.0  1466.8  -15.6  -78.9  21.0
-134.0  -234.8  1513.2  -15.3  -54.1  34.6
-140.8  -240.4  1487.6  -22.0  -65.2  21.0
-154.4  -245.2  1474.0  -0.5  -32.1  21.8
-148.0  -248.4  1482.0  -20.7  -64.5  23.0
-136.0  -269.6  1501.6  -76.4  -34.1  33.8
-164.8  -259.2  1467.2  -57.2  -65.5  62.6
-140.8  -303.2  1482.0  -73.2  -38.7  33.4
-136.0  -295.2  1464.4  -82.0  -69.2  68.5
-157.6  -309.6  1483.2  -124.3  -91.1  83.8
-184.0  -331.2  1440.8  -88.9  -34.3  61.9
-161.2  -320.4  1408.4  -66.6  -55.2  44.1
-200.8  -348.0  1424.0  -5.2  -69.9  9.2
-176.4  -358.8  1451.6  -26.8  -53.0  13.7
-171.6  -357.2  1447.6  7.6  -66.8  10.7
-170.4  -360.0  1452.0  -15.4  -57.5  13.0
-167.2  -369.6  1434.8  7.1  -52.3  15.1
-172.4  -382.8  1470.8  4.9  -42.5  6.3
-172.4  -368.8  1448.4  -11.5  -32.7  21.1
-174.4  -366.8  1438.0  -7.7  -23.6  17.2
-178.8  -362.4  1456.4  -4.0  -67.8  21.8
-190.0  -378.0  1442.8  -8.8  -30.3  11.4
-189.6  -382.8  1456.8  -5.7  -44.4  16.9
-200.8  -393.6  1445.6  10.7  -45.0  17.1
-192.0  -396.0  1437.6  -5.1  -44.8  13.7
-208.0  -399.2  1410.4  15.1  -72.2  5.3
-199.2  -397.6  1442.4  33.1  -53.2  -5.4
-188.0  -403.2  1438.8  16.6  -49.9  2.1
-198.8  -411.6  1436.0  16.7  -46.6  4.9
-180.8  -411.2  1426.8  46.1  -58.8  -9.8
-190.8  -406.8  1445.2  9.3  -64.5  -1.5
-198.4  -408.0  1440.8  16.8  -68.7  3.0
-229.2  -415.6  1426.4  21.9  -59.7  -0.7
-168.8  -408.4  1448.0  50.6  -75.2  -9.7
-179.6  -409.2  1476.4  26.7  -74.7  -6.1
-171.6  -401.6  1450.8  -41.9  -88.3  50.5
-171.2  -408.8  1445.6  -12.9  -112.9  9.7
-170.4  -430.4  1447.2  3.7  -172.0  8.7
-175.2  -414.4  1416.4  -21.8  -145.0  12.3
-106.4  -416.8  1396.4  -58.8  -188.6  16.6
-107.2  -475.2  1493.6  -80.7  -244.3  42.1
-105.6  -472.8  1458.8  -130.3  -242.8  76.2
-70.0  -478.4  1450.4  -176.8  -201.8  116.1
-186.0  -485.2  1491.6  -311.2  -122.8  114.2
-190.0  -522.0  1440.0  -264.5  105.9  5.2
-130.8  -590.8  1467.6  -326.5  -24.0  226.3
-179.6  -608.8  1330.8  -417.6  119.1  262.4
-177.2  -762.8  1337.2  -318.0  50.0  354.8
-239.2  -817.6  1148.0  -117.9  -150.7  470.4
-224.8  -819.6  1230.8  93.1  -257.1  302.0
-175.2  -799.6  1260.4  248.7  -333.0  311.0
-153.2  -717.6  1396.0  228.2  -259.8  267.4
-168.8  -576.8  1282.0  293.7  -305.3  241.9
-182.8  -524.4  1394.0  342.3  -309.6  169.9
-116.0  -488.4  1396.8  268.8  -307.6  245.1
-175.6  -473.6  1501.2  253.3  -414.1  356.4
-113.2  -542.8  1402.8  39.5  -172.3  424.7
-63.2  -514.8  1393.2  202.1  -283.9  359.9
-73.6  -510.0  1405.2  295.2  -336.1  404.2
-53.6  -408.8  1420.8  243.2  -324.3  327.4
8.8  -326.4  1443.6  267.0  -386.7  293.5
0.4  -376.8  1488.8  198.7  -274.6  236.6
33.6  -303.6  1452.0  190.2  -276.1  173.4
32.8  -316.8  1421.6  223.3  -235.5  119.2
80.0  -316.4  1521.2  359.5  -207.9  -13.9
118.8  -184.8  1495.2  200.4  -116.2  -48.7
73.6  -196.0  1540.4  281.5  -163.6  41.8
70.8  -168.8  1484.4  157.5  -109.7  16.4
92.0  -136.8  1468.4  250.9  -197.2  -13.4
90.8  -165.2  1530.0  97.5  -96.4  -42.8
140.4  -143.6  1534.0  93.3  -66.9  39.6
150.0  -202.4  1516.8  -10.6  27.6  44.8
116.8  -174.8  1441.6  41.3  -59.5  31.3
96.0  -182.0  1509.2  90.7  -107.3  -16.8
91.2  -178.8  1512.4  57.9  -59.5  1.9
109.2  -152.4  1504.8  44.9  -37.3  -0.4
105.6  -149.2  1509.6  3.8  -21.0  29.8
107.2  -158.0  1505.6  22.9  -26.4  9.8
108.4  -178.0  1457.6  12.4  -65.1  20.1
86.8  -212.0  1499.2  19.2  -61.9  0.3
53.6  -211.6  1495.2  55.1  -48.6  -1.9
129.6  -166.8  1504.4  47.0  -32.2  -50.8
102.0  -166.0  1529.2  35.0  -66.2  -5.8
77.2  -172.4  1519.6  -3.2  -34.9  1.2
87.6  -164.8  1472.8  38.7  -72.6  -18.7
104.4  -208.0  1510.4  -4.1  -30.5  -3.3
85.2  -175.2  1477.2  34.8  -71.7  -18.3
77.6  -203.6  1467.2  35.2  -63.8  -24.6
85.2  -181.2  1498.0  40.2  -58.3  -21.2
120.8  -157.2  1516.8  21.6  -70.1  -23.3
81.2  -185.6  1497.2  11.6  -68.6  -2.2
84.4  -186.0  1470.4  2.6  -49.7  -22.9
127.2  -209.2  1515.6  31.4  -76.9  -28.9
90.8  -199.2  1502.8  -4.4  -59.1  -5.7
98.4  -207.2  1478.8  22.1  -68.0  -26.4
88.0  -190.8  1496.4  33.0  -81.9  -34.0
104.8  -199.2  1509.6  41.5  -83.1  -26.4
94.8  -202.4  1508.8  7.9  -53.2  -8.7
102.8  -205.6  1470.0  -1.9  -43.3  -6.7
100.8  -191.2  1488.8  36.4  -94.0  -37.4
82.8  -208.4  1530.0  22.2  -68.3  -28.3
111.6  -224.8  1506.8  6.2  -54.6  3.2
82.0  -253.6  1500.4  41.9  -69.1  -25.0
100.4  -186.4  1490.8  67.4  -97.2  -53.5
118.4  -207.6  1538.8  30.5  -76.4  -30.2
111.6  -224.0  1500.4  4.4  -56.6  -0.5
113.2  -214.4  1478.0  36.8  -85.7  -16.2
104.0  -218.0  1488.8  47.7  -78.7  -34.5
134.8  -215.6  1528.0  40.9  -72.5  -35.0
103.6  -202.4  1490.8  13.8  -61.0  -6.0
133.2  -209.2  1508.4  43.8  -82.3  -21.1
78.8  -223.2  1501.6  15.9  -53.3  -9.8
133.2  -209.2  1504.0  29.5  -55.5  -10.0
102.4  -213.2  1465.6  30.1  -75.4  -15.0
112.8  -212.4  1508.8  54.1  -88.6  -28.3
140.4  -228.4  1522.8  42.7  -63.0  -11.2
126.0  -188.4  1490.4  49.5  -58.5  -21.0
126.0  -202.8  1477.6  28.6  -59.0  -5.9
146.0  -209.6  1490.4  39.2  -75.3  -8.4
104.4  -234.0  1525.6  27.4  -57.0  -7.6
144.4  -213.2  1506.0  43.3  -51.2  -4.8
131.2  -193.2  1464.8  54.8  -79.6  -15.1
151.6  -212.8  1544.4  26.0  -76.7  -11.5
115.6  -191.2  1471.6  28.5  -58.7  6.7
116.0  -210.8  1483.2  35.8  -62.2  -16.0
134.0  -219.2  1506.4  35.6  -77.4  -10.8
106.4  -182.0  1478.4  33.1  -61.9  -7.4
128.8  -220.4  1505.6  46.2  -79.0  -17.6
139.6  -221.6  1492.8  57.0  -61.0  -18.6
138.0  -193.6  1476.4  26.8  -59.9  -7.9
113.2  -206.8  1494.4  60.4  -79.8  -25.4
141.6  -192.8  1477.2  34.0  -59.4  -11.4
137.6  -202.0  1503.2  21.5  -59.4  1.9
144.0  -208.4  1486.4  36.4  -61.9  -7.1
142.0  -207.6  1503.6  36.1  -59.1  -6.5
132.4  -208.0  1493.2  25.3  -46.5  -1.7
143.2  -168.0  1497.2  23.6  -44.5  -16.6
119.2  -197.2  1546.4  -2.8  1.0  -23.3
132.0  -174.0  1507.6  -52.1  30.5  -23.3
94.0  -188.0  1489.6  -32.2  29.8  -53.0
75.2  -186.4  1516.4  -5.4  57.2  -117.1
74.0  -256.4  1549.2  92.5  93.9  -139.7
2.8  -154.4  1583.2  -54.0  246.8  -217.3
48.0  -359.2  1450.0  54.5  323.4  -67.4
-102.0  -145.2  1479.2  13.1  281.9  -267.2
52.0  -323.2  1374.8  29.5  146.5  -81.3
-60.8  -354.0  1417.6  80.6  -42.0  -153.9
15.6  -352.8  1430.0  11.4  -102.1  -70.8
-77.2  -319.6  1581.6  42.8  -113.9  -111.1
-45.6  -230.8  1450.8  -89.1  -1.8  158.7
-77.6  -313.6  1638.4  -123.4  99.0  77.9
-46.4  -170.8  1417.6  -162.0  87.4  346.7
-156.0  -388.0  1508.8  -397.8  328.0  173.7
-224.4  -238.8  1374.8  -101.3  88.5  113.0
-232.8  -386.0  1400.0  -199.5  172.7  18.1
-258.8  -309.2  1530.0  40.1  -80.7  -47.9
-193.6  -262.8  1375.6  -156.3  150.3  -71.6
-350.8  -403.2  1589.6  -78.0  -31.4  -105.4
-390.0  -408.4  1524.0  106.2  10.5  -68.0
-270.4  -461.6  1540.0  -258.0  574.9  -108.9
-207.2  -473.6  1175.6  -197.1  199.9  160.1
-374.0  -488.8  1366.8  100.2  -75.5  -193.1
-304.0  -566.8  1304.4  134.5  126.3  -154.6
-364.8  -520.4  1448.4  -42.6  -24.4  -40.5
-314.0  -631.2  1271.6  -37.2  170.7  -85.4
-360.4  -435.6  1411.6  107.4  -235.3  -106.2
-456.8  -537.2  1352.4  32.7  -40.0  -76.2
-303.6  -535.2  1376.8  59.2  -75.5  -50.7
-310.4  -483.2  1386.4  74.7  -72.5  -78.8
-337.2  -510.0  1480.4  -48.2  -45.5  -51.1
-386.8  -556.8  1248.8  -86.7  -122.4  22.4
-298.4  -499.6  1416.0  165.7  -131.7  -134.0
-333.6  -599.2  1372.0  -53.9  -109.8  44.7
-418.8  -494.0  1226.0  9.8  -172.4  -5.2
-296.4  -440.4  1488.8  306.8  -148.6  -198.4
-297.2  -490.0  1477.2  -7.1  -67.5  21.2
-340.4  -534.4  1344.0  -34.7  -42.6  37.1
-307.6  -491.2  1340.8  58.4  -27.6  -54.4
-298.0  -453.6  1433.6  48.8  -46.6  -50.7
-301.6  -485.2  1445.6  -0.9  -5.7  -1.5
-330.0  -513.6  1390.4  -87.9  22.2  46.2
-344.0  -535.6  1326.8  -21.8  -40.3  31.4
-349.6  -544.4  1362.4  0.1  -58.1  -7.9
-404.4  -536.4  1388.0  13.2  -76.4  16.7
-330.8  -521.6  1337.6  34.0  -39.2  3.4
-344.4  -551.2  1356.8  54.3  -84.9  -16.2
-348.4  -519.6  1378.0  49.8  -66.1  -2.4
-327.2  -499.2  1380.4  45.7  -50.5  -17.4
-362.8  -536.8  1376.8  41.8  -53.0  10.7
-316.8  -522.8  1377.2  46.0  -3.0  -21.6
-353.6  -514.0  1378.8  62.3  -56.1  -8.8
-319.6  -523.6  1400.4  21.6  -27.4  -10.3
-348.0  -512.0  1362.8  0.3  -40.6  7.2
-342.0  -558.8  1362.0  42.4  -35.8  -16.2
-356.4  -528.0  1354.0  26.9  -81.5  8.6
