-9.6  -154.0  1561.6  -369.5  -141.8  231.9
13.6  -129.2  1730.8  311.1  90.9  -39.7
86.0  -326.8  1506.8  55.7  823.6  -411.6
-36.0  -232.8  1545.6  -173.1  -103.4  25.7
20.4  -297.6  1531.2  -209.4  -119.2  -10.7
-56.0  -298.8  1494.4  46.1  50.5  -16.8
-36.8  -301.6  1436.8  13.9  -22.1  -16.9
-12.0  -285.6  1478.8  3.1  36.3  -70.2
-45.2  -276.4  1619.6  -29.9  77.0  -1.1
142.4  -336.4  2184.8  -15.3  316.2  30.8
12.8  -436.0  2621.2  127.9  394.1  -125.5
-265.6  -386.4  2488.8  841.8  382.9  -160.6
-458.0  -324.0  2092.8  659.2  -477.9  69.6
-248.4  -274.4  1153.6  777.0  -630.0  -18.7
-266.4  58.0  712.4  1147.1  -983.5  145.2
-190.4  289.2  56.8  1128.8  -437.1  104.8
30.0  278.4  -222.4  57.7  -394.4  132.5
133.2  102.0  151.6  -951.4  -8.5  -105.5
332.4  56.8  996.0  -810.2  682.6  -353.0
60.4  32.4  1609.2  -746.0  100.4  -158.7
-143.2  -306.8  1634.4  -418.8  480.2  -177.2
-473.6  -316.8  1869.6  -794.9  17.5  319.3
-131.6  -279.2  2636.0  -142.3  210.4  175.0
-72.8  -273.2  2564.4  375.2  99.3  47.7
4.4  -242.0  1562.0  520.8  -190.8  -135.9
38.0  -208.8  1354.4  64.6  -100.7  -39.1
-62.0  -182.0  1296.4  -39.1  -145.6  -148.6
-100.8  -167.6  1430.0  -47.2  -177.1  -146.3
-141.2  -192.0  1597.6  -73.9  -63.5  -108.3
-210.8  -172.0  1567.2  62.8  -30.1  -51.4
-11.6  -163.6  1563.6  68.6  -108.5  56.4
-64.4  -184.8  1492.8  -4.0  -12.8  10.6
-39.6  -192.8  1463.6  -43.6  47.6  -26.3
-175.6  -245.2  1465.2  -213.9  -148.2  65.7
-92.0  -205.6  1566.8  -118.1  -98.0  -16.5
-139.6  -266.4  1504.4  64.0  -96.1  -157.6
-96.8  -221.6  1508.0  93.7  24.7  -103.8
-58.0  -252.4  1390.4  51.3  -38.2  -4.4
-96.4  -279.2  1459.6  -111.6  -108.5  125.3
-123.2  -222.0  1518.4  58.3  -44.8  4.6
-136.8  -219.6  1472.8  13.3  -20.4  17.2
-155.2  -233.6  1523.6  -66.4  -65.6  121.9
-48.8  -267.6  1524.0  -87.3  -70.6  159.2
-42.4  -328.4  1499.2  -60.2  -47.0  57.0
-124.0  -318.0  1573.6  -32.3  -100.4  -2.7
-155.2  -280.8  1458.4  93.3  -33.4  -58.4
-150.8  -260.8  1483.6  35.6  35.0  -46.0
-114.0  -282.8  1465.2  20.5  -2.7  -1.9
-126.8  -298.0  1510.0  32.5  50.5  -71.5
-209.2  -296.4  1522.4  58.1  30.0  -76.5
-209.6  -270.0  1552.8  34.3  -73.5  66.2
-130.0  -332.4  1581.6  40.9  -94.7  114.2
-125.2  -304.0  1482.0  30.4  -102.0  65.6
-131.2  -266.4  1495.6  7.3  -108.6  40.4
-162.4  -260.4  1441.6  40.2  -78.5  42.7
-142.8  -306.0  1368.0  14.4  -60.6  43.8
-103.6  -312.0  1441.2  -52.2  -9.6  3.0
-223.6  -302.8  1508.0  -4.2  -8.8  13.7
-198.8  -267.6  1517.6  -148.3  -100.7  181.8
61.6  -723.2  2556.4  -121.1  56.4  380.4
-152.8  -508.8  3276.7  491.4  -975.2  109.6
-340.4  -474.4  1983.6  1688.9  -800.0  199.2
-235.2  -132.4  759.2  1188.4  -1240.7  297.0
-9.6  117.6  -52.8  284.2  -1098.1  320.4
306.8  206.4  -39.6  -224.8  -297.1  238.7
477.6  188.4  549.2  -331.4  -122.6  -65.9
346.4  -10.8  511.2  -54.8  471.9  -521.4
5.6  19.2  1074.0  -617.0  1066.1  -204.4
65.6  -71.6  1215.2  5.1  1474.8  -602.8
-53.2  -494.0  2028.8  -390.5  815.9  -322.2
-577.6  -496.4  2243.6  -610.8  -83.9  94.3
-454.0  -430.0  2702.4  -460.1  -232.6  167.4
-375.6  -334.8  2326.4  219.9  -55.6  163.2
26.0  -223.2  1608.0  360.8  -10.9  255.9
-168.0  -192.4  1396.0  -123.1  -676.2  35.4
-50.4  -196.4  1136.8  113.7  -52.0  -200.6
-125.2  -109.2  1359.2  2.3  -25.2  -152.4
-152.4  -195.6  1527.6  -211.0  -83.0  -38.6
-78.4  -187.6  1656.4  31.7  -94.1  -62.5
-60.0  -192.8  1602.8  -32.8  -67.8  -67.5
-117.6  -231.6  1547.6  25.9  -188.7  -101.2
-117.6  -213.6  1619.2  102.0  -80.9  -22.0
-92.0  -204.4  1437.2  37.9  -101.2  -32.2
-45.2  -193.2  1524.8  36.6  -49.9  -21.5
-84.0  -192.8  1437.6  36.8  -39.3  -70.3
-104.0  -209.2  1447.2  6.6  -6.1  -3.7
-91.6  -215.6  1440.4  -44.7  -44.2  50.9
-104.8  -251.6  1536.0  -95.7  -23.1  64.7
-84.8  -274.8  1558.4  -30.4  -47.0  14.9
-110.0  -232.0  1522.8  -19.1  -21.8  0.2
-96.8  -248.0  1444.0  -27.4  -80.4  14.0
-93.6  -260.0  1439.2  -47.2  -89.8  -21.6
-132.4  -277.2  1522.4  -43.1  -25.1  -6.6
-115.2  -276.8  1566.0  -11.6  -36.4  -31.0
-138.8  -282.4  1534.8  87.1  5.3  -47.0
-139.6  -294.8  1490.4  119.1  16.3  -70.8
-117.6  -282.8  1434.4  68.9  6.2  -29.1
-140.4  -288.8  1448.0  -41.3  -24.9  49.0
-124.4  -270.8  1459.6  -38.4  -27.7  48.9
-130.0  -290.8  1481.2  0.8  -2.3  4.8
-105.6  -280.0  1496.0  37.0  -40.2  -35.2
-160.8  -214.4  1384.8  98.4  12.7  21.3
-38.4  -418.8  2372.4  318.7  102.7  494.9
0.8  -496.0  3276.7  1211.0  -19.9  -259.7
-1045.6  -83.6  3020.0  1557.3  -769.7  70.2
-954.0  -94.0  1267.6  1426.8  -1280.6  491.6
-514.0  103.2  268.4  1078.6  -1448.0  886.9
391.6  210.4  -282.8  673.6  -658.2  687.1
841.6  254.8  -416.0  -606.5  -223.1  -41.0
661.2  227.6  207.6  -1013.3  135.7  -205.9
184.4  80.0  944.4  -810.8  1077.4  -443.4
65.6  178.4  1667.6  -181.3  1259.7  -525.5
-218.4  -24.4  1418.8  -427.0  880.0  -363.2
-368.8  -152.0  1572.4  -635.5  -11.4  -275.4
-425.2  58.4  2415.6  -377.8  396.0  -108.7
-321.2  -131.2  2474.4  -249.9  -226.1  29.9
10.4  -69.6  2135.2  446.2  31.3  -82.2
-81.6  -84.8  1410.8  186.9  -188.7  -61.6
-78.0  -20.4  1415.2  36.1  -192.5  -73.7
-158.0  -50.0  1344.8  -65.3  -73.0  -34.0
-172.0  -49.6  1518.0  -67.1  -33.4  15.0
-127.6  -61.2  1601.6  -69.1  -32.4  18.8
-159.2  -64.4  1560.4  93.3  -18.5  -38.6
-140.4  -74.0  1462.8  39.9  -70.0  -33.2
-153.6  -89.6  1452.8  -24.6  -23.1  -74.5
-191.6  -90.8  1509.2  -49.8  23.3  -31.9
-174.4  -103.6  1596.8  -24.7  -9.8  -7.4
-146.4  -122.4  1580.8  -24.0  -67.2  34.7
-119.6  -101.6  1481.6  4.5  -87.0  1.2
-187.6  -70.4  1495.6  -16.6  -101.7  -5.2
-231.2  -88.8  1533.2  4.9  -63.7  26.2
-205.6  -156.8  1522.8  53.0  -43.8  40.8
-128.0  -195.2  1547.6  -8.5  -59.7  0.8
-133.2  -163.2  1472.8  -56.2  -86.3  -87.9
-126.0  -81.2  1461.6  -73.0  -24.5  -113.9
-119.2  -99.6  1429.2  -103.2  -109.5  -158.8
-72.0  -175.6  1522.0  -87.1  -89.0  -209.1
-263.2  -178.8  1445.2  -72.8  -131.8  -8.0
-241.2  -201.2  1592.8  -3.2  -11.5  61.5
-170.4  -245.6  1544.4  52.0  -29.3  54.8
-146.8  -334.8  1508.4  80.5  26.9  38.1
-146.0  -212.0  1482.8  -55.5  -108.1  55.4
-178.8  -223.2  1586.4  54.2  39.8  61.1
-154.8  -230.0  1565.6  -107.1  -46.3  29.4
-183.6  -249.2  1506.4  -117.7  -33.8  -31.5
-206.8  -180.0  1371.6  -108.5  -96.0  -47.4
-83.6  -254.0  1440.4  79.2  183.7  119.4
-29.6  -481.6  2705.6  126.4  -192.3  309.8
-221.2  -274.0  2933.6  753.3  -187.4  -239.4
-490.8  -209.2  2559.2  1028.2  -685.5  -101.8
-643.6  -148.0  1674.0  879.4  -736.0  9.8
-543.2  50.8  524.8  110.8  -1631.1  241.0
-71.6  221.6  -140.4  -309.6  -1292.9  227.9
80.0  273.6  52.8  -610.8  -245.0  244.8
454.4  189.6  204.0  13.1  1037.8  355.2
184.4  -124.0  357.2  -326.4  1124.0  -175.0
257.6  -404.4  1529.2  -42.0  1469.9  -554.1
-312.0  -426.8  1526.0  -1076.3  -142.6  -234.9
-587.2  -331.2  3082.4  335.0  707.2  -333.1
-368.0  -296.4  2732.4  -306.9  -651.1  82.9
-224.8  -222.4  1809.6  840.6  132.9  -183.3
-230.0  -156.4  1492.4  115.8  -190.6  -9.3
-110.8  -168.8  1166.0  233.5  14.0  -2.2
-102.4  -123.6  1220.8  -111.4  -42.0  -58.2
-130.8  -148.0  1351.2  69.2  193.9  -75.8
-288.8  -130.0  1460.0  -279.0  -17.8  11.2
-289.2  -187.2  1682.4  -228.7  114.3  115.5
-224.4  -265.6  1501.2  -11.8  -21.2  43.0
-129.2  -313.2  1542.0  -3.7  -28.8  -59.6
-268.0  -208.0  1444.0  0.8  -43.0  -18.7
-292.0  -202.0  1478.4  116.4  -33.1  -70.3
-403.6  -191.2  1382.4  170.7  28.4  -100.9
-382.4  -233.2  1420.0  -32.1  46.3  -27.9
-220.8  -197.6  1649.2  298.3  45.9  -104.6
-293.2  -189.6  1578.8  54.9  -493.2  -9.2
-338.8  -189.6  1516.4  56.5  -220.3  86.2
-187.6  -189.6  1452.8  -73.2  -208.6  77.0
-199.2  -191.6  1585.2  -144.6  -299.7  99.0
-239.6  -165.2  1410.0  -87.7  -143.8  101.6
-189.6  -192.4  1469.6  -94.4  -159.4  138.2
-151.2  -234.0  1521.6  -87.8  -146.3  136.5
-147.6  -274.4  1529.2  -72.8  -224.5  21.7
-188.0  -239.6  1464.0  100.2  -124.8  -14.4
-188.4  -210.4  1400.8  -90.8  -154.8  117.2
-148.8  -259.2  1679.6  16.3  -152.0  111.4
-92.4  -280.0  1474.0  212.3  -97.2  -39.0
-110.8  -209.2  1296.0  82.1  -60.2  -33.3
-88.0  -220.4  1432.0  -77.9  3.8  7.6
-92.8  -174.8  1482.0  83.4  62.6  -13.0
-46.0  -142.4  1611.2  45.4  -60.1  20.8
-114.0  -234.4  1445.2  89.6  59.6  106.8
-309.2  -529.2  3200.8  61.3  417.6  490.9
-388.8  -458.8  3116.4  1063.5  -207.3  -41.0
-527.2  -152.8  2097.2  1372.1  -1119.0  -82.2
-521.6  15.6  611.6  931.7  -1625.8  177.1
76.0  196.4  -67.2  906.4  -593.1  427.2
379.2  70.0  -94.8  -40.1  174.6  225.1
344.0  276.8  582.0  -902.9  130.2  -194.3
239.2  19.2  1078.0  -598.0  739.1  -230.8
-76.8  -80.8  1632.8  -880.9  117.7  -233.8
47.6  -27.2  1664.4  70.9  1163.9  -288.4
-448.8  -76.8  1717.6  -267.7  182.5  344.7
-426.0  -303.6  1757.6  168.7  107.7  -179.4
-227.6  -154.4  2382.4  -62.7  257.5  -120.7
-184.8  -101.6  2091.2  200.0  -88.8  13.7
-85.6  -135.6  1473.2  382.6  -19.7  -51.0
-140.0  -36.0  1360.8  -50.4  -357.4  -17.9
-197.2  -10.4  1400.8  58.8  -64.5  -55.6
-206.0  -14.4  1480.4  -67.0  -140.7  42.8
-156.8  -19.6  1478.0  -14.9  7.5  -2.1
-184.8  -54.4  1557.6  -146.7  -43.4  18.4
-169.2  -91.6  1590.8  -46.1  -8.9  6.3
-150.4  -119.2  1459.2  80.0  -65.1  -34.7
-217.6  -66.0  1304.4  138.1  93.3  -126.2
-379.2  -69.2  1505.6  -233.2  121.4  63.0
-357.6  -134.4  1600.8  -297.6  -85.5  144.2
-232.0  -177.2  1574.8  -154.2  -118.3  141.2
-190.4  -159.2  1423.2  41.8  10.1  -17.6
-297.6  -154.0  1561.2  9.4  -29.0  -14.0
-168.0  -132.4  1643.6  90.3  -92.0  -1.1
-228.4  -113.6  1527.6  134.6  -231.0  -74.6
-273.6  -104.4  1446.8  104.7  -172.9  -70.1
-226.4  -78.8  1472.4  66.0  -136.2  -65.6
-176.0  -129.6  1516.4  73.8  -125.0  -75.2
-219.2  -107.2  1560.4  70.4  -146.7  -54.9
-154.0  -134.0  1436.4  8.4  -134.0  -84.1
-214.0  -89.2  1516.4  -77.7  -143.8  -19.9
-192.4  -125.6  1552.8  -47.7  -116.6  5.6
-124.0  -142.0  1504.0  64.2  -126.8  -56.5
-138.8  -129.6  1442.4  26.0  -140.1  -62.4
-154.4  -153.6  1405.2  10.0  -41.6  -60.5
-114.4  -135.6  1437.6  50.6  -9.5  -1.8
-150.8  -169.6  1427.6  -0.6  24.1  -18.7
-130.8  -155.6  1692.0  -5.4  -65.5  -54.2
-162.4  -198.8  1524.4  73.5  -31.6  -73.1
-144.8  -169.2  1436.8  115.4  184.0  -127.4
-188.8  -177.6  1507.6  115.1  166.2  -16.1
-179.6  -150.0  1512.0  206.8  218.0  -18.5
-438.0  -78.0  2892.0  594.1  -227.3  238.1
-472.8  -22.0  3025.6  1111.2  -139.1  175.5
-598.8  26.4  2484.8  1226.9  -715.5  399.7
-413.6  10.0  1012.0  937.2  -886.2  553.0
-250.8  94.8  493.6  -516.2  -1277.7  853.1
160.8  432.8  267.6  -397.8  -959.9  685.5
814.0  370.8  -68.8  -302.3  -504.6  175.2
545.2  152.0  193.6  -857.7  494.9  -135.4
270.8  -70.8  1425.2  -410.5  1076.4  -245.6
107.6  31.6  1440.0  437.9  911.4  -811.9
-189.2  9.6  1708.0  142.1  665.0  -296.7
-792.0  -124.0  1510.0  15.7  230.4  -401.8
-284.8  -0.8  2126.4  -256.8  119.7  -304.3
-300.4  -10.8  2316.0  -186.4  -59.5  -79.3
-272.4  20.0  1884.0  71.8  57.3  -92.4
-39.2  48.8  1817.2  226.1  -19.3  34.1
-202.8  52.0  1438.4  52.4  -277.0  22.1
-164.4  55.6  1378.4  39.3  -55.0  -19.0
-193.6  32.0  1336.4  -159.5  -158.5  31.3
-205.2  20.0  1583.6  -154.2  -48.8  -42.7
-257.2  16.0  1544.8  3.5  -104.5  -45.1
-196.0  8.8  1492.8  -44.9  111.8  11.5
-213.6  10.8  1499.6  -104.3  -39.6  0.2
-195.6  -39.2  1558.4  90.8  -49.9  -48.6
-203.2  -42.4  1480.0  112.4  -66.4  -101.6
-250.8  -27.6  1556.8  63.8  -175.6  -29.8
-216.0  -16.8  1493.2  4.6  -245.6  64.6
-161.6  -6.4  1525.6  1.6  -177.3  74.2
-167.2  -29.2  1531.2  -13.8  -190.3  69.9
-162.4  -26.8  1506.4  -43.6  -88.1  85.5
-160.8  -38.8  1544.4  -37.1  -93.7  83.8
-155.2  -66.0  1480.0  -96.9  11.5  -2.0
-221.6  -71.2  1515.6  -4.5  -43.8  -84.5
-189.2  -54.4  1414.4  32.0  3.0  -70.5
-177.6  -31.6  1558.4  -13.2  -85.9  -1.2
-156.8  -74.0  1635.6  54.8  -173.7  29.3
-133.2  -96.8  1472.8  120.4  -92.5  -30.6
-158.0  -101.6  1472.8  36.2  -11.8  -46.4
-137.2  -67.6  1576.4  6.0  -52.3  0.4
-109.2  -39.2  1512.4  -39.9  -95.4  23.2
-154.4  -59.2  1523.6  6.3  -93.1  -27.8
-217.2  -94.0  1462.0  -41.4  -78.4  14.6
-190.4  -108.4  1456.0  -99.7  -63.5  60.4
-165.6  -136.4  1490.8  -135.2  -38.2  60.2
-151.6  -110.4  1585.2  -27.3  -14.2  -8.4
-122.8  -152.0  1578.4  42.0  -55.3  -28.7
-149.6  -131.2  1439.6  77.1  -43.2  -115.9
-259.6  -25.6  1235.6  -138.6  -33.4  -81.5
-129.2  -396.8  1791.6  -221.4  343.2  528.3
-416.0  -346.4  3276.7  382.1  -567.6  -217.4
-754.8  -143.6  2314.0  2616.9  -309.5  -110.5
-526.4  148.8  569.2  1589.9  -1297.5  583.8
-256.0  244.4  416.8  853.3  -1170.7  590.0
111.6  304.0  291.2  200.3  -390.4  660.6
479.6  278.4  308.0  -383.7  -336.1  -31.9
288.0  291.2  609.6  -884.8  35.8  -302.6
87.2  321.2  844.8  -932.3  1266.3  -164.6
87.2  110.8  940.0  -986.4  1069.6  -291.3
-224.0  -6.0  1742.4  -701.8  1440.0  -238.6
-728.8  -257.2  1560.4  -758.1  -50.4  -415.8
-328.0  -261.2  2518.0  153.1  632.5  -166.0
-314.0  -211.6  2222.4  -261.5  -930.7  -102.5
-353.6  -130.4  1817.6  507.6  77.3  -265.1
-254.4  -45.2  1481.2  490.1  71.6  -148.2
-230.4  -26.4  1300.0  32.6  -226.3  -80.8
-276.8  -24.4  1421.6  -34.2  -151.4  -111.1
-408.4  -31.6  1556.4  -157.6  -296.5  -26.4
-282.4  -66.0  1578.4  16.5  -32.4  59.9
-227.6  -88.8  1516.8  40.0  -48.3  54.2
-199.2  -53.2  1548.8  -34.5  -28.2  23.1
-259.2  -60.8  1456.4  10.3  -74.7  -65.5
-323.2  -55.6  1492.8  1.2  -126.0  30.4
-267.2  -70.0  1558.4  15.8  -90.0  57.3
-199.2  -91.2  1566.0  31.2  -146.0  20.3
-228.4  -97.6  1472.0  69.9  -146.7  -22.7
-249.2  -107.2  1512.0  -9.2  -134.1  30.0
-214.0  -98.0  1529.6  33.1  -99.6  38.9
-210.0  -117.2  1466.8  -10.7  -93.8  22.8
-224.8  -77.2  1520.0  -32.7  -60.7  48.5
-210.8  -91.6  1512.4  -14.2  -124.0  60.1
-220.4  -90.8  1458.4  31.6  -74.0  45.9
-240.4  -116.8  1485.2  -21.6  -65.4  5.8
-229.2  -123.6  1532.8  16.5  -41.7  1.1
-184.0  -96.0  1460.0  61.1  -83.4  -22.5
-255.2  -138.0  1524.8  25.2  -125.9  1.6
-230.4  -111.2  1563.2  68.4  -86.5  -8.0
-196.4  -124.4  1476.0  132.9  -47.0  -55.6
-224.8  -111.2  1485.2  47.3  -41.9  -46.4
-197.2  -99.2  1552.4  -40.1  -93.0  39.2
-149.2  -55.2  1555.2  12.7  -60.9  14.3
-182.4  -82.8  1479.6  8.5  -92.1  7.0
-250.0  -93.2  1476.0  -7.3  -83.2  47.4
-253.2  -126.4  1456.0  -53.5  -31.6  72.8
-180.4  -166.0  1534.4  -1.2  -43.1  18.4
-172.4  -110.4  1328.0  -36.1  32.6  -16.9
-137.6  -24.4  1062.8  -81.0  173.6  -35.4
-72.8  -199.6  1226.8  206.1  266.6  439.6
-177.2  -360.4  2600.0  626.8  603.7  -51.8
-882.4  383.6  3276.7  680.6  -618.2  19.3
-1088.8  -1.2  2196.8  2170.7  -788.0  143.7
-580.4  -182.4  472.4  1164.3  -2087.4  687.2
-9.2  -66.8  -424.0  649.4  -1132.3  276.8
204.8  382.0  -58.4  -12.4  247.7  495.4
470.0  375.2  126.0  -859.3  888.4  -151.6
302.4  137.6  1011.2  -1470.4  447.4  -248.9
69.6  81.6  1219.2  -1190.8  579.0  -322.8
-125.6  -208.0  1466.4  -605.1  682.9  -441.9
-134.0  -211.2  1823.2  164.7  592.9  -336.3
-292.4  -203.2  2262.0  -482.4  -89.6  -214.4
-866.0  -166.8  2403.6  -126.3  -76.8  9.0
-708.0  -35.6  2026.4  247.3  203.9  79.3
-229.2  -101.2  1389.6  367.7  -6.4  98.4
-260.0  -76.4  1319.2  32.1  -117.8  45.2
-177.2  -103.2  1264.0  -69.4  -169.0  -114.7
-182.8  -49.2  1569.2  -139.9  -397.8  -23.9
-254.4  -97.2  1691.2  42.1  -79.0  -30.9
-269.6  -111.2  1523.6  145.1  -141.1  -29.1
-256.4  -42.4  1524.4  59.6  -176.8  -9.1
-282.4  -35.6  1421.2  23.4  -57.6  -54.5
-344.8  -70.0  1435.2  133.7  98.8  2.2
-254.8  -58.0  1394.8  129.1  135.1  -69.8
-259.2  -36.4  1605.2  -67.9  -91.6  12.4
-243.6  -62.4  1553.6  49.2  11.9  -60.4
-281.2  -44.4  1563.6  -35.2  -212.0  2.5
-260.4  -103.6  1408.8  91.1  -112.3  -74.1
-248.4  -62.4  1534.0  54.6  -238.4  35.5
-218.4  -87.6  1449.2  50.7  -81.4  7.3
-191.6  -52.4  1507.2  25.5  -196.6  27.5
-240.8  -48.4  1489.6  23.6  -131.4  4.2
-292.8  -58.4  1485.2  -88.5  -33.0  5.0
-310.0  -57.2  1550.8  6.3  188.0  11.1
-210.4  -94.8  1425.6  46.5  -0.7  -1.2
-205.2  -114.0  1470.4  -35.6  -90.3  -19.7
-264.8  -102.8  1545.2  -3.8  -98.6  -13.5
-223.2  -86.0  1510.0  34.5  -126.3  -21.0
-256.0  -94.0  1504.4  -0.6  -102.7  -34.8
-256.8  -101.2  1510.0  48.7  -24.4  -49.8
-194.0  -114.4  1530.0  19.5  -31.0  -7.3
-190.0  -117.6  1511.2  23.8  -57.7  -38.1
-246.8  -99.2  1508.4  5.3  -102.2  -8.0
-285.6  -104.8  1502.8  -23.0  -77.2  2.2
-242.4  -84.8  1509.6  65.6  -55.6  -28.4
-197.2  -82.0  1388.4  22.2  -11.4  -46.5
-208.0  -111.2  1288.4  -115.5  -10.9  -82.7
-49.2  -163.2  1301.6  27.1  295.6  -54.3
-905.2  -37.2  3276.7  542.5  460.2  175.9
-754.8  21.6  2843.2  1963.0  -133.3  7.2
-560.4  56.0  1906.8  1036.4  -1725.0  678.2
-77.2  72.4  661.2  1213.6  -1514.9  703.0
-23.6  272.4  255.6  -27.7  -1523.8  782.1
389.6  322.0  109.2  -144.4  -166.9  454.6
370.8  260.8  172.4  -817.7  100.8  51.2
366.4  94.0  724.8  -655.0  896.0  -300.3
169.2  147.6  1490.0  -754.1  870.4  -335.6
84.4  86.4  1419.6  -33.9  1019.6  -716.4
58.4  -474.8  1536.0  -274.7  356.0  -500.2
-232.0  -196.0  1540.8  -547.3  10.9  -187.1
-518.8  114.8  2634.8  -751.9  107.9  213.4
-450.0  21.6  2221.2  40.9  157.0  -112.2
6.8  -15.2  2052.4  526.9  192.8  -50.1
-174.0  -18.8  1282.4  245.4  -378.2  -0.3
-184.8  5.2  1376.4  146.3  27.9  -164.9
-319.6  38.0  1289.2  -53.3  -213.6  -13.7
-319.2  48.4  1550.4  -104.0  -11.7  9.0
-238.0  -5.2  1568.8  -91.8  -55.4  90.0
-136.8  -26.8  1530.8  2.4  3.6  74.3
-172.0  -18.8  1470.4  -79.2  -49.5  47.3
-223.2  -40.8  1489.2  -90.0  -7.4  -10.8
-314.8  -20.4  1534.0  -61.5  -30.2  -6.8
-254.8  -39.6  1461.6  87.9  29.6  6.5
-241.2  -27.2  1505.2  -8.6  8.0  -7.5
-248.0  -68.0  1558.0  -17.9  -26.9  -1.5
-209.2  -70.0  1547.6  80.1  -58.8  -54.3
-249.6  -65.6  1463.2  58.1  -83.0  -74.3
-286.0  -51.2  1500.8  77.7  -39.2  -57.3
-292.4  -271.6  1622.8  137.4  -4.2  -31.0
-251.2  -50.8  1454.8  60.3  -7.5  -50.3
-272.0  -32.4  1518.0  -27.6  -78.7  3.1
-286.0  -24.8  1503.2  -40.3  -126.3  45.1
-263.2  -41.6  1512.8  -51.6  -105.8  67.6
-273.6  -68.4  1509.6  -12.8  -98.2  59.8
-239.6  -63.2  1507.2  26.4  -80.4  15.8
-274.0  -73.2  1453.6  36.3  -93.9  -11.3
-262.0  -96.4  1450.0  -12.9  -81.1  -12.9
-254.8  -92.0  1524.8  -26.3  -110.5  -28.1
-221.6  -80.4  1501.6  50.3  -108.0  -58.3
-260.4  -82.0  1549.2  42.5  -110.6  -60.7
-256.8  -88.8  1537.2  41.8  -27.4  -5.2
-192.8  -84.4  1502.4  34.4  -49.9  -8.9
-240.4  -91.2  1445.6  -26.4  -87.8  -1.3
-294.0  -80.8  1395.6  -114.4  -94.4  53.3
-258.0  -82.4  1478.4  -186.6  -130.4  100.4
-240.8  -94.0  1444.4  -104.6  -57.6  72.9
-113.2  -78.4  1273.6  -84.4  24.0  41.7
111.2  -188.4  1114.0  -50.3  317.9  35.4
-430.4  -360.8  3276.7  426.2  -104.3  -71.9
-650.0  -34.8  3276.7  2420.0  -338.8  -325.5
-877.6  -163.6  1258.4  2296.6  -724.0  469.0
-378.0  167.2  545.2  1476.6  -1010.3  872.2
26.4  271.6  -294.0  172.1  -582.7  856.9
493.6  496.0  65.2  -796.3  -297.3  648.4
810.8  350.0  397.2  -1017.5  -7.1  -29.9
271.2  196.8  925.2  -1120.8  314.9  -532.6
115.6  266.0  1378.4  -543.2  1047.9  -541.4
-158.0  96.4  1272.0  -336.9  1076.5  -596.5
-331.2  39.2  1128.8  -499.5  155.6  -1150.6
-640.0  -231.6  2856.0  -973.1  -598.5  476.7
-433.6  -43.2  1998.8  618.2  720.2  -291.4
-510.8  -64.4  1950.0  -402.4  -571.9  77.6
-301.6  -31.2  1741.6  382.5  231.1  -51.5
-252.4  -52.0  1648.4  -15.2  239.8  -27.9
-236.0  -28.4  1522.8  179.7  -52.0  -103.5
-282.8  17.2  1452.0  54.9  -277.6  -13.9
-266.4  44.0  1397.2  53.7  -237.9  -36.2
-253.2  2.8  1375.6  -133.7  -164.2  -110.6
-280.8  39.6  1516.8  -160.2  -130.7  -20.7
-267.2  -18.0  1548.4  -3.9  -11.8  12.6
-237.6  -10.8  1501.2  25.5  -103.2  -7.5
-256.8  -40.0  1428.8  42.1  -59.0  -10.3
-272.0  -54.4  1518.0  -48.6  -85.7  8.4
-260.0  -93.2  1551.6  -62.8  -49.0  -22.0
-225.6  -34.8  1464.4  71.7  -46.5  -49.8
-232.4  -37.2  1546.8  -17.9  -129.9  10.9
-220.8  -51.2  1528.0  35.5  -115.9  36.1
-214.0  -71.2  1534.0  4.7  -115.3  42.5
-252.0  -93.6  1472.0  -0.7  -117.4  48.6
-234.4  -82.0  1460.4  -44.8  -73.6  45.4
-229.6  -65.2  1482.4  -42.9  -50.5  34.6
-237.2  -71.2  1535.2  27.2  -11.1  7.0
-184.4  -101.6  1522.4  78.4  -7.5  -54.5
-294.8  -127.2  1457.2  31.1  -36.4  -48.2
-210.8  -73.2  1554.8  8.9  0.7  -31.5
-238.0  -64.8  1490.8  57.4  -70.5  -60.4
-265.2  -48.8  1467.2  69.3  -59.0  -59.4
-274.0  -52.0  1525.2  17.2  -81.8  8.5
-255.6  -81.2  1472.0  -33.8  -63.9  46.0
-211.6  -104.8  1497.6  -54.6  -18.2  78.4
-210.0  -104.4  1453.2  -85.8  -11.8  83.1
-226.0  -48.8  1338.4  -78.3  19.3  35.6
-58.0  30.0  1055.2  94.0  108.7  -89.8
-168.4  -153.2  1050.8  205.2  261.7  -96.1
-793.2  -356.8  2902.8  -667.7  250.5  303.0
-994.4  -320.8  3276.7  1090.9  98.7  29.2
-1170.8  -309.2  2315.6  1619.4  -295.4  363.9
-495.6  -241.2  983.6  1126.2  -1341.7  641.2
-101.2  84.8  232.4  688.2  -1241.4  893.6
228.4  356.4  7.6  -138.6  -1132.8  873.7
806.8  423.2  175.2  -614.1  -298.3  265.4
844.0  238.4  496.0  -972.5  247.4  -297.4
273.2  203.2  937.6  -1069.9  738.8  -695.2
2.0  -30.4  1382.0  -130.5  975.2  -659.8
-324.4  -209.2  1180.8  -191.8  375.0  -840.1
-480.4  -592.0  1747.6  -590.9  -178.9  -177.9
-339.6  -146.0  2586.8  247.6  833.1  -27.9
-474.8  -115.2  2036.0  128.5  -211.1  -31.5
-139.6  -90.0  1918.8  565.2  169.6  -110.3
-146.0  -2.0  1570.0  251.4  2.4  -89.9
-261.6  25.6  1495.6  311.8  153.3  -89.4
-364.0  36.0  1490.0  70.5  -73.4  -28.1
-329.2  -20.8  1460.4  -8.9  -137.4  100.4
-232.0  -6.0  1522.4  26.6  -61.2  13.6
-307.6  -7.2  1546.0  -84.4  -165.8  152.2
-169.2  -23.6  1389.6  -41.2  -36.2  88.9
-165.6  -8.0  1381.2  10.4  -162.1  -2.9
-280.8  48.4  1407.6  -9.9  -34.4  -96.7
-387.6  33.6  1599.2  -21.4  -144.7  -55.5
-340.8  32.4  1539.2  196.4  -40.1  -64.1
-240.4  8.4  1452.0  166.8  -115.3  -70.2
-214.4  -2.0  1448.4  20.1  -90.9  -55.3
-233.6  -20.0  1546.8  -64.8  -161.9  -45.9
-217.6  -37.6  1503.6  84.5  -0.1  -125.7
-263.2  10.4  1567.2  10.9  -52.3  -118.1
-238.4  -11.6  1368.8  -56.7  -39.2  -65.4
-184.8  13.6  1528.0  -26.0  -118.8  -20.2
-230.8  10.8  1651.6  13.9  -195.6  12.7
-211.2  -11.6  1421.2  112.2  -2.1  3.3
-231.6  -37.2  1520.4  -14.7  -44.6  77.5
-216.4  -74.4  1469.2  -96.8  -181.4  132.2
-172.4  -25.6  1470.0  -41.0  -160.6  70.4
-233.6  -75.2  1580.8  -89.6  -211.4  71.9
-169.2  -48.4  1506.0  -86.5  -37.6  100.4
-92.4  -61.2  1596.0  -21.3  -132.6  8.3
-146.8  -101.6  1621.2  186.8  -115.7  -70.5
-183.6  -60.0  1413.2  197.9  -19.4  -41.3
-222.8  -36.0  1484.8  16.9  -9.4  20.0
-128.4  -12.4  1535.6  -11.6  -13.9  55.2
-155.2  -36.0  1482.0  56.1  18.3  37.2
-163.2  -9.6  1438.8  -32.2  -27.0  -27.6
-212.0  -15.2  1346.8  -103.7  42.7  22.6
-154.8  -8.0  1386.8  -242.8  143.1  35.3
94.8  -44.4  1188.4  -104.3  395.9  -108.9
-749.6  -464.4  2056.4  -495.1  -113.9  2.1
-1182.8  -133.6  3276.7  999.4  560.9  163.6
-831.6  -228.0  2272.8  1389.0  -942.9  239.2
-308.0  -98.4  1160.4  1412.5  -1240.0  218.0
-104.0  184.4  482.4  1044.0  -1305.6  599.2
179.2  361.2  -20.8  575.5  -708.6  563.5
515.6  499.2  103.6  -392.5  -84.0  135.5
530.0  302.8  432.0  -1194.9  412.4  -98.3
227.2  246.8  929.2  -1515.1  692.3  -370.5
-173.2  -124.4  1629.2  -837.7  455.9  -309.0
-120.4  -78.4  1596.4  30.4  1377.9  -295.8
-309.2  -192.4  1412.8  -765.5  -438.6  32.9
-544.0  -362.0  2251.2  -229.2  256.4  -76.5
-1003.6  -267.6  2281.2  -248.8  -98.9  128.5
-254.8  -102.8  2533.2  314.7  289.0  57.4
-90.8  -147.6  1484.0  335.3  -433.7  83.3
-196.0  -54.8  1379.2  320.9  -313.3  5.6
-151.2  -6.4  1063.2  183.5  -228.8  -48.8
-185.6  -12.4  1263.2  -181.8  -216.1  26.9
-189.6  -126.4  1426.8  -31.7  14.9  -45.7
-190.4  -67.6  1749.6  -76.1  15.2  -22.6
-123.6  -5.2  1531.6  170.3  -31.7  -66.2
-183.2  -12.4  1434.8  121.3  -118.3  -78.8
-271.2  -4.4  1446.0  39.3  -115.9  -40.8
-248.4  -41.2  1510.4  40.6  -53.1  -22.9
-196.0  -46.8  1571.6  50.2  -5.7  -26.7
-140.0  -36.0  1571.6  158.1  31.6  -157.3
-168.8  -23.6  1506.0  111.5  -168.1  -116.2
-231.6  -23.6  1472.8  39.2  -155.6  -79.2
-216.0  18.4  1540.0  41.6  -83.8  -69.9
-167.2  -6.4  1455.2  15.1  -38.0  -19.6
-159.6  -1.2  1495.6  -55.3  -53.9  4.5
-176.8  -2.0  1580.0  -6.9  -94.2  -22.1
-212.0  -7.2  1490.4  91.2  -91.4  -37.0
-255.2  -32.4  1442.0  56.1  -6.3  -30.3
-207.6  -24.0  1505.6  -25.5  -53.2  51.0
-113.6  -42.4  1579.6  -11.6  -85.5  72.8
-142.4  -52.0  1548.4  14.9  -176.0  21.5
-210.8  -53.2  1550.4  55.0  -117.4  13.9
-205.6  -45.6  1477.2  93.9  -40.7  9.2
-190.4  -65.2  1396.4  -2.2  -19.7  15.0
-150.8  -38.8  1448.0  -136.2  -23.5  56.5
-122.0  -20.4  1476.8  -134.8  -10.6  65.5
-84.8  -15.2  1375.6  31.2  99.2  7.5
-16.0  56.0  1068.4  135.8  62.9  -47.2
-99.2  -256.4  1472.0  -33.6  517.0  186.6
-935.2  -220.4  3276.7  -321.4  -172.3  359.9
-926.8  -99.2  3261.6  1828.6  -217.4  -55.3
-881.2  -297.2  1685.2  1178.0  -1575.7  168.5
-383.6  -154.0  358.4  1592.8  -1104.8  351.1
128.4  203.6  -403.6  780.9  -573.4  733.3
577.2  411.2  -161.2  -444.9  57.4  508.5
621.2  416.0  650.4  -1213.8  -144.3  25.6
412.8  254.8  1038.0  -719.3  400.5  -613.8
137.6  150.8  1391.6  -599.3  503.3  -767.4
-147.2  38.4  1426.8  -206.9  968.0  -483.2
546.4  60.0  1268.8  -335.6  164.7  -687.4
-443.6  -30.0  2231.6  -611.4  -414.7  113.9
-557.6  -250.4  1955.6  428.7  518.9  -317.7
-480.4  -30.8  2354.0  -359.0  130.3  12.0
-197.2  34.4  2079.2  299.9  88.0  131.2
-75.2  -63.2  1456.8  194.4  -254.7  80.4
-200.4  -18.8  1367.2  78.5  -40.6  -1.6
-240.0  18.0  1359.2  -50.0  -127.7  -7.8
-209.2  -11.2  1532.8  -36.9  -298.8  145.3
-106.4  -51.6  1476.0  121.8  -65.0  25.7
-178.4  -15.2  1560.4  88.8  27.9  -7.7
-269.2  34.8  1571.2  178.7  174.8  -25.1
-222.8  38.0  1372.0  108.8  -74.9  1.3
-219.6  10.8  1388.4  22.1  -97.6  28.1
-246.8  12.8  1510.8  -117.0  -144.8  90.0
-183.2  21.2  1576.0  40.6  -7.8  26.4
-156.0  18.4  1536.8  31.4  -75.9  -41.6
-234.0  -23.2  1505.6  89.5  144.2  -109.3
-272.8  14.8  1532.8  36.7  272.2  -78.4
-280.8  22.8  1442.0  -46.6  -80.6  33.7
-303.2  47.2  1536.8  -34.2  -59.5  -2.6
-312.8  27.2  1500.8  50.8  -89.9  22.4
-342.8  7.6  1447.2  -45.1  -100.6  45.4
-282.0  -24.4  1467.2  -98.6  -189.6  41.7
-227.6  -38.0  1505.6  -32.5  -214.5  32.9
-175.6  -1.6  1586.8  131.6  -304.9  -20.6
-227.6  -40.4  1506.4  159.7  -100.6  -89.3
-248.8  5.2  1476.8  94.7  -48.0  -85.0
-229.6  4.0  1482.8  66.3  -15.6  -32.4
-204.4  22.0  1519.2  23.2  -40.8  -9.5
-194.4  21.2  1481.6  45.6  -46.1  -2.2
-207.6  8.0  1407.2  -34.0  -53.5  6.9
-216.0  1.6  1483.2  -134.5  -115.3  48.4
-202.0  9.6  1380.4  -81.0  -126.0  1.6
-112.4  11.6  1126.0  101.4  87.3  -70.1
68.8  50.8  900.8  513.9  473.0  -200.0
-644.8  -387.2  1260.0  -13.4  71.8  -48.2
-1157.2  582.4  3276.7  -430.9  352.0  473.5
-1005.6  3.2  3066.4  1313.9  453.9  -6.4
-872.0  -160.8  1698.8  470.3  -1042.5  471.4
-495.6  -255.6  544.8  301.9  -1167.6  129.6
-207.6  126.8  103.2  236.3  -1093.4  707.6
412.4  488.8  141.2  -25.3  -665.6  782.8
712.8  348.8  368.4  -241.1  -312.0  -73.0
580.4  108.4  863.6  -828.4  153.4  -352.3
183.6  240.8  1210.0  -722.9  332.9  -632.8
-97.6  -64.4  1398.0  -150.1  830.0  -258.8
-146.0  -133.2  1454.4  -20.3  216.9  -472.6
-548.8  -513.2  1914.4  -234.5  122.8  458.6
-533.6  -51.2  2690.0  -301.3  -8.0  -44.2
-432.0  -53.6  2076.4  443.8  -218.5  -48.7
37.2  3.2  1711.6  344.6  -402.3  83.9
-57.2  5.6  1270.4  285.7  -220.9  -97.5
-104.0  30.8  1244.0  -35.9  -96.9  -97.2
-135.2  69.2  1538.0  -333.8  24.8  -31.2
-90.8  6.0  1742.4  -96.8  -138.6  52.1
-3.6  16.0  1625.2  264.0  -52.7  -57.0
-54.0  40.0  1490.0  212.4  -41.9  -87.3
-81.6  69.2  1480.0  61.2  -79.7  -24.1
-142.8  66.4  1414.8  22.6  -44.1  18.4
-146.4  39.2  1410.0  -36.2  25.4  76.3
-147.2  48.8  1503.2  -170.7  81.6  109.3
-151.2  42.4  1558.4  -25.1  41.8  46.1
-94.0  1.2  1613.6  141.1  64.5  -66.5
-124.0  4.0  1502.4  155.8  48.8  -135.2
-238.0  18.0  1536.8  -108.6  -3.9  -57.8
-220.4  38.0  1431.2  35.9  30.1  -44.9
-172.4  37.6  1518.8  -16.2  3.6  -83.3
-205.2  15.2  1538.4  24.5  -67.4  -61.2
-205.2  8.4  1487.2  35.4  -67.5  -51.0
-209.6  26.0  1528.0  17.3  -87.3  -16.4
-216.4  20.0  1398.8  -10.9  -71.9  36.6
-261.6  -92.0  1324.0  -217.1  -25.9  121.8
-84.8  -5.2  1397.6  -280.5  90.5  126.7
-224.0  -136.8  1680.0  -282.2  -9.0  91.7
-305.6  -51.6  1878.8  -6.7  -112.0  -8.6
-179.6  -99.6  1505.2  493.4  -157.4  -144.0
-135.6  -54.4  1121.6  122.7  -71.3  -58.2
-184.0  -142.8  1346.8  97.0  250.4  66.0
-489.6  -227.2  3276.7  -387.3  445.2  295.7
-562.8  -99.2  2902.0  1168.3  1.3  -85.6
-756.8  -68.0  2365.2  1141.3  -865.7  16.7
-736.4  -108.4  1011.6  1149.3  -1277.2  298.6
-237.2  117.6  228.0  568.6  -1393.0  635.5
419.2  459.2  -14.8  357.5  -633.5  620.8
811.6  483.2  173.6  -370.8  -270.8  432.7
595.6  220.4  765.6  -625.3  464.9  -208.1
102.0  270.0  1380.0  -699.3  582.2  -311.1
304.0  108.8  1030.0  232.4  1148.3  -417.7
-225.6  113.2  1342.4  -724.9  -67.1  -452.9
-659.6  -495.2  1540.0  -557.7  144.7  -446.3
-10.8  66.8  2724.0  25.3  428.1  204.7
-502.4  36.8  2375.6  -257.6  -446.1  111.9
-136.4  72.4  2071.2  622.8  246.2  -126.0
99.2  38.4  1662.8  121.9  -302.3  57.8
-74.0  12.8  1479.2  93.4  -236.5  26.8
-78.4  78.8  1349.6  1.4  -192.0  27.2
-152.0  84.4  1453.2  -199.9  -88.6  75.6
-68.4  75.6  1490.4  -8.7  -6.1  18.3
-94.4  42.8  1522.0  -57.6  -3.1  -13.8
-64.8  72.0  1522.8  29.0  -23.9  -45.0
-88.8  57.6  1491.2  -8.7  -12.3  -60.9
-110.0  71.2  1616.8  20.2  -34.2  -39.9
-52.4  38.0  1516.4  141.6  14.7  -105.0
-93.2  34.8  1498.8  81.6  -108.0  -70.6
-152.0  42.4  1560.0  -17.2  -124.7  -53.5
-128.0  62.8  1579.2  44.0  -76.5  -33.1
-89.2  56.4  1490.0  35.8  -42.9  -16.9
-101.2  39.2  1508.4  -15.8  -45.7  39.9
-88.8  56.0  1493.6  -43.4  -47.1  61.5
-138.0  40.8  1467.2  -21.9  17.1  25.3
-202.0  24.8  1546.4  -32.3  5.6  14.8
-123.2  -18.8  1488.8  -24.2  12.6  4.3
-102.8  -25.6  1516.8  -22.1  -9.8  -68.6
-158.4  -18.8  1596.0  -22.0  -21.0  -90.9
-129.6  8.4  1493.2  60.3  -55.8  -111.4
-146.8  -15.6  1517.2  17.7  -45.3  -112.8
-127.2  11.2  1578.0  48.4  -66.7  -63.3
-116.4  14.0  1540.0  36.0  -81.1  -48.0
-170.0  8.8  1486.8  33.9  -117.4  -8.3
-174.4  -7.6  1391.6  24.4  -68.0  28.8
-161.6  -16.4  1430.8  -126.8  -7.6  53.6
-129.2  -41.6  1484.8  -103.1  -6.0  56.0
-62.4  -47.6  1439.2  -43.1  25.0  -24.7
31.6  -141.2  1293.6  -11.1  180.1  -112.7
-310.0  -230.8  3058.8  34.1  184.9  100.7
-846.0  62.8  3276.7  1736.4  457.5  11.3
-715.2  30.4  1677.6  1832.6  -485.6  245.2
-303.6  75.2  677.2  994.1  -1696.1  573.9
-123.2  288.0  567.6  761.0  -1028.8  801.9
282.4  498.8  167.2  285.9  -613.4  664.6
652.8  498.0  102.8  -458.5  -325.0  19.3
563.6  321.6  489.6  -1036.8  324.6  -266.6
226.4  293.2  1090.8  -1300.3  269.8  -556.7
203.2  -30.0  1287.2  -657.8  486.1  -660.7
29.6  13.2  1630.0  -1053.1  29.8  -261.7
-676.8  -44.8  1718.0  -658.1  -65.9  250.3
-355.2  -168.8  2212.8  61.2  690.2  -329.4
-88.8  177.6  2531.6  379.0  338.9  -168.3
-56.4  84.0  2013.6  169.0  -220.2  98.5
48.8  30.0  1462.4  299.7  -155.7  3.5
-54.0  77.2  1359.2  81.9  -229.8  42.5
-47.2  48.4  1380.4  -22.8  16.5  40.2
-118.4  52.0  1458.0  -216.2  -24.1  70.1
-90.8  57.6  1680.4  30.7  3.5  9.0
-41.6  124.4  1494.0  128.2  -30.0  -48.4
-66.4  44.4  1511.6  66.0  -60.3  -45.5
-62.8  26.0  1550.0  54.2  -57.5  -43.1
-98.8  59.6  1506.4  90.1  -37.1  -80.8
-111.6  66.0  1507.2  43.7  -49.4  -67.0
-90.8  92.4  1585.2  35.9  -71.3  -19.4
-66.4  72.4  1527.6  28.1  -66.1  -6.4
-90.4  59.6  1497.2  8.6  -67.1  -24.6
-87.6  62.4  1513.2  -50.7  -82.5  33.3
-99.6  53.2  1513.6  -36.2  -65.4  27.9
-56.4  57.2  1586.8  -3.8  -47.7  0.4
-108.8  59.6  1547.6  83.2  -68.5  -47.4
-124.0  35.6  1451.2  103.8  -60.3  -63.5
-116.8  45.6  1523.2  -2.0  -79.7  -42.4
-46.8  54.4  1521.6  40.7  -36.8  -76.3
-78.8  66.4  1550.4  33.3  -68.5  -82.1
-120.0  73.2  1563.2  47.5  -62.5  -46.3
-124.0  40.8  1525.2  49.3  -57.0  -7.4
-101.2  26.0  1502.8  32.5  -48.4  -2.8
-52.4  28.8  1518.4  8.4  -63.2  3.1
-78.0  64.8  1456.4  33.4  -45.4  6.0
-98.0  46.4  1470.0  -17.7  -101.9  22.5
-9.2  56.4  1386.8  93.2  -6.9  -22.5
56.8  72.8  1196.0  137.2  -32.4  -75.3
-92.0  -60.8  1124.8  158.8  66.7  -57.9
-92.4  62.0  3276.7  -101.3  519.0  42.4
-619.6  279.6  3276.7  721.2  -458.0  -77.4
-898.4  63.2  1948.4  912.4  -899.9  78.5
-570.4  -340.4  866.0  473.7  -1251.0  287.6
-93.2  126.8  0.4  463.8  -955.6  719.3
671.2  454.4  -108.4  346.8  -487.2  718.5
827.6  387.6  62.4  -504.8  -132.3  187.6
596.0  166.8  984.4  -803.8  481.4  -109.0
400.0  250.0  1419.6  -397.0  600.2  -565.9
95.6  34.8  1118.4  -72.9  437.6  -404.8
132.0  90.8  1350.4  -205.6  234.6  -367.0
-124.0  75.2  1880.4  -861.6  -121.4  304.0
-470.0  -191.6  2050.8  -201.8  226.3  -90.1
15.2  -24.8  2074.8  552.9  400.1  -111.2
-142.4  -52.0  2033.2  -188.1  -20.8  132.8
43.6  -9.6  1791.2  339.3  143.5  -45.2
23.2  26.8  1452.8  81.0  -131.7  -44.4
-84.0  39.2  1498.4  55.1  -25.4  -36.1
-66.8  49.2  1442.0  -1.7  -148.9  25.1
-79.2  17.6  1498.0  -10.1  -31.7  21.3
-86.8  40.4  1554.0  70.6  2.6  5.4
-54.0  50.4  1482.4  92.4  24.8  -48.9
-91.2  51.2  1437.2  40.4  -44.9  -20.0
-124.0  26.0  1516.8  -7.0  12.7  -16.7
-78.8  41.6  1646.8  28.2  -60.4  -3.7
-38.8  35.6  1539.6  152.9  -90.5  -57.6
-91.6  42.8  1524.0  73.0  -68.6  -56.7
-120.4  39.2  1546.0  29.1  -115.3  5.4
-88.0  76.4  1524.0  68.4  -94.2  7.2
-82.8  56.4  1534.8  78.8  -125.6  15.4
-67.2  78.4  1558.0  153.7  -138.3  5.2
-62.8  53.2  1418.4  64.7  -84.2  -16.9
-67.2  89.2  1458.0  -45.0  -35.3  -11.9
-164.0  108.0  1551.2  -128.5  -59.6  0.2
-129.6  54.4  1634.4  3.9  8.0  176.6
13.2  19.2  1462.0  -55.2  -166.0  84.0
-50.0  26.0  1578.0  60.5  -94.5  -58.7
-76.4  57.2  1479.6  90.1  -47.7  -78.4
-70.0  54.8  1485.6  48.9  -34.4  -62.3
-61.2  54.0  1542.4  2.6  -52.3  -19.6
-60.4  45.6  1540.0  0.4  -87.0  -13.6
-62.0  30.0  1541.6  76.6  -81.7  -43.6
-65.2  40.4  1434.0  92.7  -57.3  -48.0
-110.0  69.6  1401.6  -39.0  -7.6  -12.2
-136.8  82.4  1374.0  -239.4  13.9  138.5
69.2  38.8  1305.2  -459.6  153.9  208.1
152.8  -254.4  2650.0  -361.8  414.9  426.1
-509.2  128.8  3276.7  771.2  231.0  -35.8
-1064.8  -54.8  2112.8  649.6  -1444.2  -27.1
-730.8  -104.4  1436.8  800.3  -1824.6  371.7
-193.2  -41.2  219.2  1143.1  -861.9  785.2
515.2  187.2  1.2  699.8  -423.1  891.9
825.6  275.2  30.8  -216.2  -393.4  71.6
786.8  404.4  580.8  -592.8  -91.3  -441.3
406.4  153.2  733.6  -646.7  488.6  -812.6
272.4  129.6  1454.0  -760.4  391.9  -589.5
-176.8  -49.6  1143.2  -713.9  87.0  -678.7
-444.0  -87.6  1709.6  -297.6  576.9  89.8
107.2  -48.4  2284.8  11.6  482.9  146.8
-185.6  -122.0  2160.4  -28.2  151.1  -165.5
9.2  141.2  2386.8  295.3  176.4  18.4
66.8  33.6  1353.2  609.0  485.3  -331.0
16.8  26.8  1343.6  281.7  -104.9  -157.5
-59.2  144.0  1513.2  74.6  -91.5  -74.8
-175.2  166.8  1536.4  -18.3  -112.5  -37.5
-106.4  129.6  1538.4  28.6  -52.9  1.9
-46.8  133.6  1545.2  116.1  -177.6  33.6
-24.8  133.6  1528.0  -20.2  -273.3  53.6
3.2  120.4  1511.2  8.4  -247.0  112.7
-13.2  124.4  1494.8  -13.8  -210.1  143.4
-38.0  104.4  1464.4  -77.9  7.3  122.7
-63.2  126.4  1537.2  -135.0  -21.1  97.2
-39.6  90.8  1574.8  -60.0  38.7  76.7
-20.8  97.6  1438.8  -33.2  29.7  16.0
-62.4  105.6  1424.4  -107.2  102.6  0.1
-82.8  62.8  1555.6  -274.9  63.9  80.6
-44.8  18.8  1641.6  -165.5  29.7  81.3
-40.4  6.8  1596.8  7.5  -55.0  -15.3
-77.2  -58.8  1549.6  77.1  -71.9  -67.4
-146.8  -86.4  1532.4  35.7  -65.1  -43.6
-92.4  -69.2  1488.4  -6.0  6.0  -33.4
-89.6  -2.8  1577.6  18.9  -64.1  -43.9
-137.2  9.2  1483.2  99.8  -93.3  -54.1
-161.2  -7.2  1455.6  78.5  -74.5  8.5
-65.6  -20.4  1491.6  -22.5  5.1  34.2
-74.8  -47.6  1448.8  -191.7  8.6  17.8
-119.6  -67.6  1429.2  -380.9  116.8  -17.6
-79.2  -48.0  1616.4  -129.2  34.8  -32.2
-45.2  -54.0  1210.0  78.2  49.3  -145.3
82.4  -71.2  1056.4  72.3  227.6  -83.1
-456.4  -366.4  1736.8  11.2  140.1  -50.5
-1138.8  183.2  3276.7  480.0  -124.8  239.2
-698.4  -156.4  2378.8  1546.5  -496.9  153.2
-230.0  -273.2  1437.2  810.4  -1465.2  398.9
-130.8  60.0  673.2  1103.5  -998.5  557.6
266.8  181.6  106.8  733.3  -836.8  443.2
400.4  396.8  430.4  -44.4  -238.2  136.0
408.4  448.0  652.0  -689.1  102.1  -12.9
624.4  278.8  809.6  -688.3  606.0  -221.5
460.8  348.0  1288.0  -757.3  60.7  -470.1
49.6  9.6  1059.6  -176.3  439.1  -414.6
-247.6  -458.0  1775.2  -806.0  136.7  -410.9
-95.2  -230.4  2194.0  44.5  314.6  312.4
-484.0  -300.8  2224.4  182.1  366.9  -125.8
-328.0  99.2  2468.4  -238.1  125.0  -6.4
-23.2  17.6  1667.6  257.8  57.6  55.1
114.0  -38.4  1441.6  187.3  -82.6  -18.7
56.0  133.2  1362.4  180.8  -2.7  -218.8
-170.0  25.6  1578.4  -75.8  -91.8  -76.3
-122.0  62.0  1555.6  22.0  9.8  5.1
-48.8  73.2  1519.6  113.4  -3.2  -24.8
-26.4  69.6  1611.2  106.0  -57.8  -9.0
-83.6  14.4  1567.6  -44.2  24.6  1.5
-224.8  32.8  1466.4  87.5  -55.9  -91.0
-197.6  105.2  1411.6  88.0  -155.7  -42.3
-191.6  102.0  1436.8  -10.1  -7.0  -30.7
-104.0  68.4  1520.0  48.1  5.5  -0.7
-97.2  49.2  1552.8  70.6  -85.2  -52.7
-138.8  58.0  1513.6  73.3  -114.8  -76.5
-184.8  76.8  1500.8  -26.9  -124.9  15.2
-137.2  69.2  1487.2  -54.7  -135.4  85.2
-100.8  58.8  1516.8  -117.2  -158.0  101.9
-86.4  20.8  1571.2  -93.8  -22.7  186.1
-64.8  2.0  1485.2  -115.6  -57.0  112.4
-121.2  -26.0  1516.0  -47.7  -63.0  71.0
-148.4  -61.6  1559.2  -35.7  -14.3  37.3
-116.8  -40.4  1491.6  39.6  -20.2  -32.6
-103.6  -28.4  1450.0  3.4  -10.3  -49.0
-141.2  -30.0  1570.4  -31.1  -44.8  -32.2
-102.0  -8.0  1567.2  14.2  -62.9  -62.0
-109.2  -39.2  1505.2  73.5  -62.7  -80.0
-150.8  -26.0  1497.2  13.8  -24.4  -49.9
-147.2  -49.6  1540.0  -22.9  1.2  -0.5
-96.0  -70.0  1523.6  -15.4  -33.4  7.3
-141.2  -35.6  1498.4  -16.6  -58.1  22.0
-179.2  -40.8  1485.6  -48.5  -50.2  43.3
-186.8  -48.4  1576.0  -36.0  -27.7  60.3
-192.0  -50.8  1634.0  8.3  -29.5  63.0
-161.6  -38.0  1534.4  152.1  -59.3  57.3
-100.4  -34.8  1268.0  32.5  -104.5  31.6
40.0  -73.6  962.4  -221.9  -4.5  -66.9
28.4  -215.6  894.8  -510.4  492.1  -35.3
-488.8  -397.2  3090.0  -369.5  387.1  143.8
-664.4  -102.8  3276.7  1041.6  -146.4  -81.2
-839.2  -239.6  2088.8  978.2  -964.1  102.4
-424.8  -17.6  1299.6  758.7  -1465.2  120.8
-206.4  35.6  570.0  354.8  -2012.3  173.6
308.8  280.8  583.2  598.7  -1197.5  455.6
560.8  290.4  78.8  427.5  -103.1  210.7
865.2  308.0  563.6  -293.8  244.4  23.2
763.6  243.2  622.4  -195.1  1046.0  -445.8
387.2  35.2  896.0  -176.8  638.2  -660.9
-277.6  -68.8  1908.4  -451.9  741.1  -464.7
-524.8  12.4  2071.2  -922.5  -14.5  76.3
-76.8  -44.4  1956.8  405.0  403.5  -42.1
-300.0  15.6  2389.2  -327.5  277.3  -14.5
-113.2  16.4  2116.0  39.8  7.7  53.0
20.4  -17.2  1430.4  176.3  -82.5  -18.1
-64.4  42.8  1363.2  -53.5  -96.4  -0.4
-137.2  9.6  1508.0  -65.5  -48.0  -1.9
-98.8  21.2  1602.8  73.9  -15.6  -8.5
-66.0  3.6  1541.6  85.9  -94.9  3.1
-43.6  46.8  1488.0  143.2  -19.1  -19.6
-55.6  62.0  1440.0  53.2  -90.3  -24.5
-162.4  74.8  1396.4  13.6  -35.4  -34.5
-172.4  75.6  1512.8  -18.6  -22.9  26.5
-125.6  42.0  1567.2  -31.6  12.4  57.4
-72.4  20.4  1588.8  37.3  -50.2  15.5
-42.4  30.0  1542.0  54.7  -91.6  -30.5
-56.4  32.4  1493.2  40.6  -161.7  -27.8
-127.6  5.6  1489.6  1.1  -103.2  -50.4
-147.6  26.8  1545.2  35.0  -68.5  -7.7
-80.4  14.4  1532.0  0.3  -31.4  21.4
-6.4  46.8  1546.0  0.0  -41.4  6.8
-73.2  13.6  1469.6  43.4  -33.5  -20.6
-126.4  47.6  1470.0  -47.5  -66.4  -1.8
-188.0  35.2  1562.0  -43.6  -65.5  15.2
-136.8  6.8  1554.0  60.3  -49.8  20.0
-68.4  0.0  1465.6  29.4  -97.8  1.5
-114.0  -8.4  1596.8  62.4  -102.8  -40.5
-83.6  -3.2  1502.4  131.0  -109.7  -70.8
-92.4  16.4  1522.0  52.9  -95.2  -69.9
-62.8  22.4  1592.8  71.5  -62.9  -53.4
-41.6  36.4  1560.8  56.1  -103.0  -34.0
-74.4  28.0  1512.8  110.1  -146.0  -29.2
-130.4  43.2  1377.2  106.0  -115.0  -14.2
-108.0  34.0  1339.6  -140.2  15.5  63.4
-65.6  -51.6  1354.4  -400.2  169.4  74.3
-154.0  1.6  1918.4  -156.4  20.3  45.3
-144.8  13.2  1713.6  204.1  -62.4  31.1
-8.8  -47.2  1264.4  121.8  -136.5  9.4
32.0  -72.8  1264.4  -327.8  -19.5  80.2
-145.2  -288.4  2821.2  43.4  241.3  205.7
-527.2  -82.8  3182.8  252.9  -576.3  -114.3
-637.2  -59.2  2487.6  889.1  -1048.7  62.3
-248.4  -250.8  762.0  1231.4  -1235.0  503.7
146.8  132.0  337.6  612.0  -1658.3  623.3
613.2  389.2  126.4  952.9  -666.3  342.5
798.0  352.4  -191.2  -78.2  205.3  -20.8
737.6  248.4  645.2  -688.5  709.4  -359.6
549.2  258.0  1173.2  -684.6  576.2  -641.7
187.2  69.2  1291.6  -71.8  1012.2  -623.5
-97.6  50.4  1380.8  -639.2  -68.9  -531.6
18.4  186.4  1987.2  -361.8  395.2  204.3
-278.4  194.4  2843.2  -525.2  455.3  -25.7
-343.2  -28.0  2532.4  196.7  318.3  46.5
149.6  -91.6  1652.8  475.6  35.9  -41.4
114.8  -25.6  1340.0  93.9  -169.7  -68.4
-38.8  113.6  1438.0  119.1  -11.3  -69.1
-101.2  70.4  1432.0  -104.5  -82.5  5.5
-110.8  88.8  1604.8  -49.2  -58.7  31.9
-79.2  46.4  1527.2  -0.2  0.5  28.8
-2.8  30.8  1473.2  46.0  -6.0  -20.8
-106.4  28.8  1430.0  -37.4  -36.6  -59.2
-152.4  56.4  1560.8  -77.2  -106.7  -9.9
-101.2  30.8  1549.2  23.0  -8.8  -5.1
-68.4  8.8  1595.2  55.2  -37.9  -35.7
-44.0  -14.4  1562.0  91.8  -73.3  -66.3
-58.4  -12.0  1538.0  67.2  -72.0  -76.6
-78.0  4.0  1517.6  51.7  -102.0  -63.6
-106.8  22.0  1464.4  6.2  -118.6  -74.7
-108.0  75.6  1537.2  20.4  -58.5  -41.8
-87.2  41.2  1485.6  22.4  -46.7  15.7
-92.8  22.4  1565.6  -11.3  -63.1  19.6
-65.6  20.8  1583.6  47.5  -63.0  42.6
-74.4  29.6  1570.0  32.9  -75.4  9.4
-138.8  40.4  1466.8  93.4  -97.8  -18.3
-151.2  15.6  1395.6  40.8  -33.2  30.6
-88.8  -27.6  1545.6  -62.4  -33.8  71.2
-36.0  -2.4  1697.2  38.0  -106.8  2.3
-38.8  -4.4  1532.8  79.2  -79.1  -58.1
-90.8  20.0  1529.6  53.0  -86.5  -27.1
-98.8  69.2  1497.2  27.5  -101.8  5.4
-120.0  40.0  1468.4  60.6  -90.0  -11.5
-116.8  5.2  1443.2  21.3  -6.1  28.2
-63.6  -16.0  1416.4  -103.3  28.5  73.8
-118.0  -13.6  1613.6  -193.2  -42.9  65.0
-77.2  8.0  1505.2  49.3  35.9  -56.5
-62.4  11.2  1346.4  52.9  20.7  -73.7
14.0  -11.2  1049.6  -64.8  138.4  -21.9
-290.0  -256.0  2280.8  -234.9  107.4  400.8
-765.2  221.6  3276.7  837.0  -137.5  -106.1
-892.8  -26.0  2673.6  1363.6  -1174.4  53.1
-545.2  -266.0  1342.4  1157.0  -1686.5  208.6
-82.0  -52.4  155.2  1403.7  -767.7  535.3
374.4  312.8  -242.8  604.4  120.1  737.5
814.4  552.4  105.2  -580.4  13.7  538.9
893.2  495.2  842.4  -656.5  266.4  -223.4
487.6  336.4  992.0  -568.6  606.9  -539.9
395.6  254.4  698.4  -153.6  1085.2  -831.4
-244.8  54.4  1181.6  -1072.0  -24.4  -535.6
-638.8  142.8  1399.6  -1887.2  -564.3  73.1
-309.6  90.0  2752.0  340.9  1183.3  -281.4
-260.0  0.0  2457.2  -5.1  231.9  45.5
-116.0  -61.2  1714.4  196.4  12.0  122.6
51.6  22.0  1388.4  137.5  -153.4  -26.5
-121.2  70.0  1528.4  61.2  -239.2  -138.3
-235.6  59.2  1434.4  57.4  -85.7  -77.2
-167.6  82.4  1611.2  63.9  -78.4  24.7
-52.0  79.2  1479.6  72.9  -62.8  28.5
-68.8  82.4  1408.4  53.8  -71.9  -32.3
-162.8  69.6  1475.6  -93.8  -116.2  2.2
-157.6  87.2  1623.6  -49.2  -102.1  49.6
-123.2  63.6  1468.4  49.7  -64.7  17.1
-114.8  54.4  1528.4  -16.9  -62.2  -8.7
-79.2  32.4  1498.0  -21.7  -15.1  6.1
-93.2  27.6  1580.4  -36.2  -78.8  -43.6
-135.6  36.4  1538.8  74.6  -87.4  -86.6
-155.2  62.8  1492.0  49.8  -87.1  -36.2
-125.6  57.2  1520.8  -32.5  -78.9  23.6
-116.0  43.6  1499.2  -37.8  -68.8  65.3
-117.6  2.4  1520.0  -20.1  -68.8  67.5
-130.0  0.8  1529.6  -55.0  -67.5  69.4
-166.4  -33.2  1534.8  -57.5  -47.1  52.4
-140.4  -7.6  1575.2  18.7  -55.0  -12.8
-126.0  5.6  1450.4  84.3  -68.3  -69.5
-162.0  -24.4  1505.6  -11.3  -54.3  -34.2
-131.2  -13.6  1578.0  -11.9  -77.9  -6.5
-114.4  -8.8  1545.2  53.7  -106.6  -36.3
-119.2  -14.8  1498.8  51.6  -137.0  -17.0
-112.0  -24.8  1552.0  -21.5  -96.5  11.9
-122.8  -49.2  1509.2  -23.6  -69.7  41.2
-90.0  -27.2  1498.0  -20.5  -21.4  22.0
-68.8  -6.8  1511.2  71.3  4.7  1.5
-152.8  -28.0  1526.8  93.6  -0.2  -23.6
-164.0  -11.2  1439.2  72.2  60.8  -3.0
-100.4  58.0  1232.4  -53.0  39.7  36.8
232.4  -48.0  1224.4  -304.7  441.4  177.8
-779.2  -288.4  3276.7  -20.9  -31.0  -28.1
-835.2  167.2  3276.7  1245.4  -228.3  46.0
-405.6  -362.8  1406.4  1035.6  -761.1  174.6
-264.8  -87.2  986.4  992.6  -1071.8  399.8
104.0  115.2  414.4  897.0  -673.1  780.3
643.6  484.8  46.0  594.2  -279.3  174.5
388.4  528.0  429.2  -583.6  -156.8  -176.9
472.0  416.4  742.8  -940.0  668.7  -254.7
632.4  320.0  1020.0  -987.3  511.7  -583.4
121.6  -16.0  1079.6  -284.6  247.0  -966.7
-645.6  -250.4  1678.4  -1436.6  -136.4  -499.0
-750.4  -26.8  3192.4  -523.3  392.7  633.1
-643.6  -294.0  1976.0  272.4  420.4  -5.7
-9.2  -52.8  1939.6  430.8  51.9  -10.1
-226.4  -98.8  1261.6  380.3  280.6  -117.0
-165.6  76.4  1628.8  295.6  -257.9  -112.9
-349.6  100.8  1685.2  181.1  -379.9  -53.7
-304.0  81.6  1456.8  380.2  -209.5  -21.1
-136.0  56.4  1394.8  123.9  -225.6  -17.3
-125.2  124.4  1408.4  -164.6  -144.3  -21.0
-186.4  140.0  1460.4  -108.0  -87.7  18.2
-242.0  151.6  1612.0  -91.3  -70.8  61.4
-189.6  78.8  1486.0  -15.4  -76.2  125.1
-110.8  72.0  1500.8  -25.4  -75.2  119.1
-131.2  26.4  1500.0  -61.9  -70.3  77.6
-239.2  55.2  1572.8  63.0  78.7  136.1
-216.0  58.4  1512.4  132.3  45.3  -63.6
-239.2  67.6  1524.4  82.5  -47.9  -53.7
-213.2  83.2  1398.0  52.9  -120.5  -61.7
-262.4  82.8  1463.6  -32.1  -169.0  -55.4
-179.6  74.8  1583.2  -18.3  -214.1  -37.5
-111.6  94.8  1474.8  26.4  18.8  -28.8
-129.6  136.4  1536.0  -16.3  -65.9  -39.1
-239.6  136.0  1609.6  -48.7  -91.4  -2.3
-220.4  73.6  1506.4  25.7  -34.5  24.2
-161.2  68.8  1579.2  -4.3  -110.8  68.6
-179.2  71.6  1490.4  9.5  -119.1  90.4
-148.4  54.8  1472.0  -44.5  -186.4  135.9
-138.8  1.2  1454.0  -73.7  -128.9  125.1
-72.0  14.4  1384.8  -171.5  -61.2  70.6
54.4  22.8  1318.4  -127.8  62.0  -22.1
-40.8  46.8  958.8  -119.4  148.8  -37.9
-310.8  -227.6  1860.0  1.7  308.7  107.8
-898.4  145.2  3276.7  102.1  58.9  244.2
-1048.4  -2.0  3050.8  1127.0  -31.8  92.6
-668.0  99.2  1875.6  474.3  -1174.4  486.3
-364.0  -302.0  580.8  805.1  -1392.5  817.3
200.0  80.8  -87.6  739.4  -1006.1  484.5
492.8  395.6  216.4  161.7  -394.4  481.3
803.2  294.8  463.2  -290.6  -285.8  -255.1
626.8  314.4  1020.8  -470.1  153.5  -466.0
328.8  354.8  1243.2  -298.1  546.5  -526.7
-170.8  258.8  1274.8  -217.1  399.4  -451.5
112.8  164.0  1385.2  6.7  520.4  -356.4
-190.0  66.4  1691.2  -780.0  -479.1  -99.1
-214.4  120.4  1994.0  -169.6  161.8  -37.6
-100.4  -51.6  1191.6  233.9  142.2  -81.8
-270.0  125.2  2004.4  -494.2  120.0  -5.1
-358.4  101.6  2384.0  -80.4  270.7  -3.8
4.0  61.6  1835.6  431.0  143.3  -69.1
50.4  48.0  1319.6  255.5  -173.7  -107.6
-112.4  119.2  1319.6  -42.6  -202.9  -90.3
-196.8  118.0  1388.0  -129.5  -31.6  -37.7
-215.2  109.6  1558.4  -121.0  -25.0  27.0
-104.4  90.8  1558.8  32.3  7.2  20.4
-94.4  74.0  1562.4  -9.1  -66.4  22.4
-68.0  66.0  1561.6  23.1  -90.3  20.2
-140.0  72.8  1525.2  19.2  -145.6  13.8
-158.8  56.4  1507.2  25.2  -104.7  35.5
-124.4  32.8  1428.8  -12.9  -86.3  45.1
-130.8  46.8  1488.4  -34.9  -38.9  40.7
-118.8  36.4  1607.6  -76.6  -62.3  19.7
-125.6  56.8  1565.6  60.4  -85.8  -13.4
-121.6  37.2  1456.8  79.6  -90.6  -51.4
-170.4  39.6  1502.4  -8.1  -63.6  -17.7
-120.8  20.8  1517.2  48.9  -8.0  -33.9
-62.0  34.8  1530.4  48.6  -43.5  -62.9
-134.0  58.8  1622.4  46.6  -53.0  -48.1
-159.6  48.8  1553.6  79.8  -72.8  -31.4
-128.0  40.8  1476.4  50.5  -61.4  -12.2
-105.6  45.6  1451.6  26.9  -38.3  -10.5
-141.2  65.6  1476.0  6.2  -43.0  5.8
-185.6  25.2  1489.2  -36.4  -30.0  34.3
-147.6  14.0  1560.0  -11.2  -9.9  36.3
-112.4  18.0  1490.8  28.2  -35.2  -15.5
-68.0  58.8  1330.4  36.0  -43.4  -92.6
83.6  36.8  1088.4  -43.8  39.0  -155.5
-303.6  -121.6  2219.2  -110.5  403.8  127.0
-754.0  334.4  3276.7  651.0  216.6  -160.2
-1042.0  80.0  2550.0  1120.7  -967.6  131.1
-629.6  -203.2  1491.2  397.0  -2129.7  559.9
-167.2  -50.4  688.8  508.8  -1329.3  678.1
126.8  142.8  222.4  377.7  -1060.2  702.3
660.4  302.8  384.0  498.8  -39.7  653.4
834.0  340.0  536.4  6.7  86.1  85.4
782.8  334.0  1020.0  -123.4  645.8  -287.0
442.0  362.8  1109.2  -435.2  400.6  -553.5
398.4  338.4  1067.2  -187.2  473.5  -531.9
142.4  137.6  872.4  -584.7  52.1  -942.0
-377.2  -146.8  1516.8  -845.2  -442.2  -433.0
-83.6  137.2  2478.4  40.7  998.2  182.8
-356.8  -63.6  1586.8  226.5  319.2  -190.1
1.6  102.0  2220.0  166.8  347.1  -195.2
-196.0  102.0  1745.2  -175.0  -83.0  -4.0
-100.0  163.6  1892.4  171.1  80.1  -6.4
-62.4  127.2  1415.2  204.2  -38.9  -28.2
-112.0  140.4  1382.4  88.4  -52.6  -58.5
-168.4  102.0  1389.6  -38.2  -52.6  -25.5
-113.6  104.4  1513.6  -1.3  4.1  -4.3
-98.4  94.0  1518.4  35.2  40.9  -14.4
-107.2  116.8  1567.6  11.3  -39.1  -35.8
-147.2  125.6  1620.8  46.0  -99.2  -22.4
-126.0  110.4  1518.0  80.0  -95.3  9.5
-153.2  116.0  1512.0  2.2  -113.5  66.5
-79.2  90.4  1480.8  4.1  -88.2  71.0
-87.2  83.6  1436.4  -35.7  -54.3  29.5
-142.8  90.8  1467.6  -94.9  0.4  32.9
-140.4  83.2  1619.6  -63.1  -35.8  36.3
-100.4  93.2  1568.0  15.1  -59.0  -0.7
-143.6  81.2  1487.6  30.0  -92.4  -18.1
-199.2  51.6  1554.4  -12.0  -70.8  1.2
-138.8  45.6  1529.2  77.4  -16.2  -25.7
-52.4  50.8  1469.2  64.0  -23.3  -74.3
-111.2  88.4  1529.2  56.8  -58.9  -90.0
-157.2  89.2  1645.2  22.8  -98.6  -22.4
-113.2  64.4  1539.2  57.5  -98.0  13.7
-125.2  96.8  1472.0  43.2  -106.3  -4.6
-175.6  56.0  1517.6  5.0  -91.5  37.9
-152.0  80.8  1483.2  18.8  -68.8  64.0
-154.4  82.0  1460.4  31.9  -82.1  94.1
-120.8  66.4  1416.0  -42.7  18.9  109.5
-66.0  34.4  1382.0  -163.2  -87.6  110.0
-128.4  24.8  1602.0  -186.8  -103.4  65.9
-197.2  60.8  1786.8  40.0  -88.6  -20.1
-72.4  21.6  1365.2  209.8  -62.1  -97.4
-58.4  42.8  1372.8  -67.5  -56.6  -112.1
122.8  13.6  1143.6  -206.1  212.8  -124.8
-434.8  -127.2  2358.8  13.5  262.6  54.7
-532.4  250.0  3276.7  1012.0  -7.8  -89.6
-707.6  69.2  2174.8  798.7  -754.2  339.9
-657.6  -8.8  1854.4  658.6  -1131.7  441.5
-117.6  -71.6  754.8  480.9  -1158.4  668.8
143.2  246.8  621.6  403.2  -1144.8  931.8
577.6  364.4  146.8  393.0  -406.2  625.2
1016.0  403.6  328.4  -355.5  -88.7  -27.4
728.4  262.8  605.6  -601.4  527.5  -555.2
461.6  324.4  1100.8  -742.5  529.0  -634.8
-89.6  64.8  1188.8  -306.8  634.3  -689.5
26.8  221.6  1442.8  -425.0  252.6  -546.9
-391.2  -76.4  1864.8  -354.1  76.1  44.4
-351.2  -162.0  1556.8  286.6  763.2  -195.9
-460.8  120.0  2168.4  -452.9  282.0  -79.9
-120.8  156.4  2299.2  82.6  487.9  -5.3
3.6  88.4  1761.2  -2.3  -33.0  29.0
-64.0  97.6  1370.4  104.9  -89.0  -0.9
-158.0  108.8  1389.6  -40.3  -131.4  -70.0
-220.0  90.8  1567.6  -14.4  -110.0  -45.0
-172.0  60.0  1514.4  126.9  -54.0  -59.4
-178.0  97.2  1563.2  119.0  -50.3  -59.9
-161.2  94.8  1508.8  239.7  100.1  -65.3
-167.6  91.6  1508.8  61.9  -160.7  -3.8
-129.2  88.4  1416.8  75.3  -96.1  -19.8
-137.2  120.8  1453.6  -10.8  -106.2  -17.3
-167.6  116.0  1469.2  -36.6  -112.1  -21.7
-200.0  109.2  1589.6  -79.9  -124.9  3.6
-176.4  86.8  1518.0  -73.4  -93.5  19.4
-164.0  93.6  1484.8  -54.6  -96.6  14.7
-162.8  87.2  1470.8  15.3  -77.1  5.4
-165.6  62.4  1560.4  -18.9  -87.5  -25.3
-124.8  40.4  1566.4  30.9  -45.7  -10.5
-104.8  64.8  1561.2  44.1  -82.4  -22.7
-115.6  80.0  1532.0  -8.7  -105.1  21.2
-136.8  62.4  1514.0  13.7  -96.2  21.6
-159.2  64.4  1542.8  4.0  -61.1  52.4
-122.8  36.0  1519.6  11.0  -44.6  51.4
-104.8  7.6  1484.0  -6.9  -32.6  48.2
-128.4  20.4  1414.4  -47.5  23.9  32.5
-145.6  16.4  1442.0  -86.8  22.3  47.1
-74.8  42.8  1428.0  -19.2  106.9  -43.9
-26.0  52.8  1370.8  109.3  316.9  -94.3
-302.8  30.8  2215.2  445.8  564.2  -87.3
-930.4  236.0  3276.7  520.7  -17.1  73.6
-1254.0  208.4  2870.8  970.9  -692.4  621.2
-535.2  -299.2  1046.0  1184.7  -699.5  766.6
-10.8  18.0  587.6  300.7  -1560.5  1029.0
127.6  282.8  206.8  187.4  -934.2  835.4
677.6  506.0  226.8  -291.9  -483.1  555.8
832.8  402.0  392.0  -614.5  29.8  -129.2
695.2  334.4  710.4  -872.8  513.6  -656.6
292.8  202.8  1254.4  -499.3  463.6  -651.2
46.0  65.2  1354.0  -112.1  768.2  -497.5
-702.8  -363.2  1549.2  -976.2  -347.7  -474.4
-391.6  -102.4  2506.8  191.4  982.2  -147.2
-293.6  61.2  2144.4  -176.7  141.8  -31.8
-248.8  -99.6  1604.4  72.0  382.6  -11.3
-226.0  10.0  2175.6  -349.0  -80.0  97.6
-182.4  49.6  1870.8  321.2  50.4  -73.3
-117.6  60.4  1513.2  291.8  -219.2  -105.6
-191.2  62.8  1376.4  206.6  -272.4  -122.0
-227.2  81.2  1315.6  4.4  -203.8  -81.4
-275.2  56.4  1388.8  -109.0  -177.7  -17.1
-198.8  65.6  1479.2  -61.4  10.9  -14.2
-175.6  73.6  1511.2  -66.5  -25.9  14.7
-150.8  58.0  1597.6  -65.7  -61.6  40.0
-105.6  40.8  1601.6  -30.1  -63.6  39.1
-156.4  9.6  1482.4  8.2  -102.6  24.0
-211.2  -12.4  1421.2  -46.8  -99.7  -0.4
-242.0  -43.2  1499.2  -129.4  -29.0  22.3
-177.6  -21.2  1582.8  -24.0  -9.1  -31.9
-155.6  -48.4  1563.6  43.4  -57.1  -70.1
-184.4  -13.6  1583.6  80.9  -70.2  -57.0
-139.2  -21.2  1502.8  84.1  -109.6  -46.9
-144.4  -24.4  1490.4  38.9  -73.3  -72.0
-211.6  12.0  1544.4  27.1  -102.4  -43.6
-190.0  -20.0  1494.0  53.2  -50.3  -26.5
-190.0  -13.6  1506.4  7.5  -70.7  4.5
-172.0  -8.0  1482.0  51.1  -32.2  20.2
-131.6  9.6  1448.4  14.2  -14.6  26.8
-112.8  -15.6  1435.2  85.8  19.1  -2.7
-48.8  12.0  1301.6  227.2  81.4  -58.6
-66.0  3.6  1273.2  408.5  154.9  -159.6
-698.0  -20.4  1682.0  -494.0  -204.4  75.9
-776.8  284.8  3276.7  470.1  499.4  101.3
-776.4  157.6  2710.0  783.5  -373.5  219.4
-422.8  -37.6  1894.8  265.1  -1350.8  331.3
-313.6  -111.2  1056.4  -78.4  -1818.9  380.1
-80.8  122.0  830.0  357.1  -1717.7  373.7
323.2  257.6  412.8  833.3  -847.5  387.7
800.8  386.4  252.4  245.7  -360.0  227.8
949.6  321.2  309.6  -231.0  443.4  -137.3
588.8  302.4  725.6  -667.5  850.1  -324.5
158.4  177.2  967.6  -265.7  861.8  -447.4
-200.8  33.6  1595.6  -839.0  546.0  -190.3
-338.0  -381.6  1610.8  -757.2  428.2  93.4
-398.4  -25.2  2198.4  228.9  880.0  -264.9
-58.4  -98.8  2152.8  -45.8  509.4  -177.6
-270.0  -1.6  1956.0  -139.5  -84.8  -93.7
-100.4  89.2  2040.0  228.6  119.0  -113.3
-89.2  43.2  1464.8  164.9  -140.0  -99.1
-173.2  30.8  1378.8  80.3  -96.4  -58.4
-226.8  50.0  1528.8  3.8  -79.2  -6.6
-159.6  12.0  1375.6  -14.7  6.6  -6.1
-142.8  -26.0  1466.4  -36.4  16.0  -14.9
-222.8  29.2  1549.6  -53.4  -4.5  -2.7
-228.8  13.6  1587.6  -95.8  -76.6  3.2
-199.2  24.0  1594.0  24.4  -86.0  -9.6
-196.0  16.0  1523.6  72.6  -127.5  -6.0
-237.2  -18.0  1532.0  46.2  -134.9  7.7
-191.6  -29.2  1500.8  61.8  -89.4  -4.0
-147.6  -12.0  1546.8  47.2  -67.8  -21.8
-176.0  0.0  1546.0  65.5  -160.5  -41.9
-197.2  3.6  1502.8  79.0  -161.0  -32.5
-194.4  -8.0  1479.2  12.5  -179.8  22.7
-109.6  -4.8  1467.6  31.4  -64.3  30.9
-90.0  -11.2  1424.4  -64.1  -46.2  20.0
-202.4  5.6  1653.6  -105.5  -73.0  21.3
-125.6  -12.0  1576.8  167.0  -23.5  -73.9
-167.6  -13.6  1460.4  102.3  -123.1  -60.2
-167.2  -11.2  1486.8  24.7  -74.6  -31.8
-153.6  0.0  1511.2  0.7  -70.6  -32.2
-133.6  1.2  1554.4  68.7  -64.0  -49.6
-143.6  13.6  1516.4  32.6  -77.1  -17.9
-179.2  -8.8  1506.4  25.7  -79.6  3.4
-108.8  -43.6  1537.2  5.1  -58.5  27.7
-115.6  -12.4  1557.2  2.0  -75.9  26.0
-70.8  -17.2  1426.8  4.2  -81.2  5.0
-110.8  -11.2  1396.8  -63.7  -31.3  -11.8
-83.6  -11.2  1316.0  -176.8  117.8  -65.4
-20.8  -78.8  1166.4  -63.7  265.9  -106.1
-432.4  -137.2  2525.2  -437.7  -257.6  305.5
-484.4  -53.2  3276.7  947.2  24.1  23.7
-1039.2  -6.0  2766.8  925.7  -875.6  474.4
-438.4  -291.2  1441.6  984.8  -1514.9  424.7
-90.4  -113.2  555.2  837.4  -1392.0  650.5
235.2  113.2  130.4  625.5  -767.7  779.0
789.6  421.2  125.6  -42.3  -255.0  650.5
1044.8  408.4  338.0  -325.4  140.2  -252.3
622.8  305.6  649.6  -588.8  652.6  -689.7
331.2  220.8  1098.0  -298.8  794.3  -545.9
-279.6  4.8  1137.2  -639.9  648.1  -679.5
-322.8  262.4  1869.2  -466.8  554.2  -537.2
-496.4  103.2  2016.0  -314.9  519.4  3.1
-374.4  -0.8  2210.0  -288.2  216.1  100.5
-448.4  -187.6  2335.2  -73.5  98.8  55.1
-148.0  74.0  2008.8  397.2  214.6  5.0
-18.0  22.4  1467.6  270.3  -194.4  -45.0
-162.0  111.2  1625.6  209.9  -249.6  -114.9
-196.0  86.8  1375.6  121.4  -271.8  -50.2
-171.2  90.4  1386.4  -6.9  -197.6  -6.6
-178.8  71.6  1393.6  -26.5  -97.2  11.6
-160.8  126.0  1540.4  -49.9  -89.1  76.7
-170.4  125.2  1604.0  -3.9  -113.6  83.2
-93.2  74.4  1465.2  98.1  -58.6  73.6
-93.6  45.6  1428.4  24.9  -11.9  63.8
-137.2  61.6  1515.6  -96.5  13.8  51.9
-122.0  57.6  1541.2  -15.6  -5.2  20.0
-222.4  31.6  1606.4  -103.1  -52.4  -26.6
-213.6  45.2  1515.6  116.5  86.6  -51.8
-183.2  67.2  1469.2  36.8  -40.7  -90.4
-249.6  80.8  1606.4  21.8  -81.7  -43.5
-184.4  52.4  1530.4  72.8  -93.0  -17.0
-165.2  39.6  1486.4  68.0  -85.2  -36.1
-172.8  48.0  1513.6  30.6  -65.7  -18.1
-151.6  48.0  1529.6  2.0  -86.9  -7.3
-203.2  66.4  1484.8  30.8  -59.2  -10.6
-224.8  67.6  1473.6  11.3  -84.7  7.2
-193.6  70.0  1412.4  1.2  -22.3  30.6
-109.6  -13.6  1256.8  -316.8  -204.1  -12.9
4.0  10.8  1448.0  -315.0  3.9  -89.2
-138.8  -86.4  1322.4  136.2  331.4  -103.0
-318.0  -21.2  1690.0  -90.9  142.5  -52.2
-342.8  -9.6  1811.2  120.9  100.2  -24.2
-447.6  -101.2  2699.6  35.8  53.2  156.1
-598.0  -109.6  3276.7  784.5  -282.5  -111.8
-1127.2  131.6  2632.0  1172.5  -1103.5  107.3
-415.6  -343.6  581.6  1284.5  -1979.9  578.8
130.0  88.0  -76.4  1086.9  -1527.2  446.7
418.4  546.4  -207.6  317.6  -485.4  761.8
880.0  526.4  69.6  -591.0  65.8  413.1
804.0  328.4  882.0  -512.1  700.4  -111.4
273.6  303.2  1042.4  -789.4  697.2  -349.1
208.8  45.2  1164.8  -441.6  1033.2  -468.0
-56.8  100.8  1413.6  -1039.6  472.1  -339.6
-608.0  -601.6  1099.2  -805.1  20.7  -260.7
-254.4  -626.4  1868.4  870.3  1154.7  -165.8
-706.8  120.0  2556.0  67.9  256.2  97.4
-596.4  10.8  2313.6  246.3  489.1  -111.6
-221.2  194.4  2174.8  255.3  -39.9  -120.5
-186.8  97.6  1459.2  243.7  -357.4  -78.8
-220.8  84.4  1297.6  -32.1  -467.7  12.1
-227.2  129.2  1253.2  -84.8  -249.2  -28.4
-219.2  117.6  1383.6  -111.3  -96.8  50.8
-147.2  31.2  1523.6  -52.4  -47.7  46.3
-112.8  32.0  1622.0  15.6  -200.7  22.7
-107.6  57.2  1534.0  27.6  -186.1  -22.3
-190.4  72.0  1453.2  19.1  -232.5  1.8
-160.8  61.6  1499.6  -6.5  -146.8  29.0
-118.4  34.8  1537.2  -25.0  -34.7  16.5
-95.2  17.2  1572.4  9.4  1.9  -14.6
-124.8  47.2  1534.0  47.4  -63.9  -39.1
-174.8  3.2  1496.0  56.2  -39.8  -6.1
-135.2  10.4  1531.6  -6.4  -48.5  -27.9
-156.4  51.2  1558.0  66.7  -51.8  -67.1
-155.6  50.0  1497.6  83.5  -73.8  -25.7
-195.6  34.0  1511.6  -13.7  -129.4  24.7
-120.4  4.4  1555.2  69.5  -74.5  16.5
-135.6  15.6  1471.2  -63.2  -86.7  -25.1
-111.6  6.0  1554.8  -28.4  -105.5  2.8
-122.4  20.8  1575.2  35.6  -139.6  -51.2
-88.0  33.2  1521.2  101.8  -112.3  -7.9
-96.8  19.6  1467.2  35.6  -95.2  2.8
-114.4  28.0  1509.2  10.7  -66.5  40.4
-125.6  22.0  1524.8  10.2  -64.5  68.4
-104.0  12.0  1559.6  -8.4  -76.6  97.8
-76.4  -3.6  1511.2  18.4  -91.5  68.2
-83.2  -27.2  1483.2  20.3  -68.9  49.4
-78.4  6.0  1414.8  -1.7  -59.4  -49.7
104.4  9.2  1022.8  149.0  59.2  -275.6
98.0  -21.6  803.2  154.3  210.1  -407.1
-112.0  -167.6  1506.4  317.7  364.6  -181.2
-1187.2  499.2  3276.7  -507.7  126.2  362.0
-821.6  213.6  3276.7  1260.3  -113.0  74.9
-903.2  -450.4  1852.4  290.5  -1547.0  828.0
-133.2  -229.2  872.8  611.7  -1501.9  431.5
76.0  21.2  40.0  275.7  -1092.3  481.7
243.6  341.2  320.8  -12.6  -391.9  512.4
688.0  442.8  641.6  34.9  -202.9  317.3
716.4  209.2  740.4  16.7  569.2  -107.9
433.6  128.0  1087.2  -339.4  618.5  -381.7
200.4  120.0  1246.0  -129.3  668.7  -451.7
207.6  86.4  1466.0  -342.3  366.3  -455.6
-232.0  -66.0  1533.6  -511.5  -39.2  -65.8
-107.6  142.8  2105.2  167.7  343.4  81.7
-107.2  -228.8  1281.6  484.3  58.8  -398.9
-38.0  174.8  2417.6  -391.8  -200.8  145.6
-199.6  180.8  1656.0  143.6  93.0  -44.9
-25.2  84.4  1588.4  210.8  37.7  -69.6
-58.8  97.2  1409.2  17.2  -72.4  32.0
118.0  22.8  1321.2  -251.9  -163.6  -116.6
-5.2  -55.6  1557.6  -373.9  -220.6  -108.1
214.8  -25.6  1565.2  132.6  -39.9  -414.8
-31.2  66.0  1667.6  36.9  -38.5  -333.6
-96.4  162.4  1674.8  40.1  110.6  -10.7
-92.4  117.6  1637.6  -53.3  -105.4  155.9
-32.0  24.0  1591.2  -158.4  -184.2  239.6
-110.4  -90.8  1329.2  -405.1  -79.1  278.8
-78.8  -110.8  1404.4  -490.1  35.0  310.5
-55.2  -173.2  1514.4  -205.1  -128.0  219.9
-92.4  -166.4  1479.6  -97.0  -59.9  122.0
-71.6  -121.2  1545.6  -72.6  -34.2  133.6
-2.0  -122.4  1521.2  7.2  -3.4  85.5
4.0  -187.6  1504.4  35.7  28.1  10.5
-13.6  -159.6  1443.2  -36.1  -53.5  -12.7
24.0  -220.8  1596.0  -54.2  -128.3  59.2
-33.6  -262.0  1536.8  -54.1  -195.0  63.9
10.0  -253.6  1649.2  -9.9  -274.0  28.3
-36.0  -188.4  1562.8  85.0  -145.7  -52.9
-2.0  -162.8  1488.4  157.7  -278.9  -57.1
-162.0  -277.2  1550.4  -37.7  197.6  -282.1
38.8  -181.6  1453.2  11.1  75.9  -56.7
-172.4  -184.8  1538.8  -37.3  -152.9  -35.2
204.0  -174.4  1630.8  -255.4  -80.8  268.5
72.4  -246.8  1503.2  4.5  -149.7  202.9
29.2  -289.2  1372.4  -103.6  -105.3  158.0
-10.0  -286.4  1431.2  -9.0  -272.4  93.5
288.4  -287.2  1664.0  70.0  -141.7  -139.8
-84.0  -210.0  1734.0  665.2  -6.6  -165.7
-30.8  -110.8  1178.0  181.3  -288.3  -232.6
-102.0  -61.2  1405.6  308.6  295.1  -135.5
304.0  -397.2  1549.2  277.3  3105.1  -323.0
-386.4  -84.4  1524.4  -136.4  -799.4  -306.3
-70.4  -274.4  1826.4  -449.7  -637.7  106.6
-117.6  -237.2  1504.4  -216.5  -146.8  335.1
-177.6  -204.4  1418.8  -85.5  -318.7  182.6
-156.4  -186.0  1518.4  -15.6  -206.2  67.4
-179.2  -187.2  1450.0  4.5  -65.5  147.7
-193.6  -191.6  1524.8  43.7  -88.6  65.1
-144.0  -218.0  1564.8  1.2  -80.1  -9.0
-117.6  -248.0  1449.2  90.1  -11.5  -15.6
-65.6  -230.4  1596.0  83.5  -85.6  19.1
-91.2  -208.8  1498.8  -8.6  -38.0  79.2
-125.2  -216.8  1542.4  -6.6  -37.7  79.8
-156.8  -187.6  1524.4  23.3  -10.8  7.2
-175.6  -193.2  1483.2  -44.0  5.3  -26.7
-157.6  -209.6  1467.2  -11.7  -20.3  -33.8
-129.2  -197.2  1502.0  8.2  -21.2  -23.6
-155.2  -200.0  1510.4  -9.1  -31.9  -11.6
-155.6  -202.4  1478.8  3.6  -50.0  -47.7
-157.6  -219.6  1522.8  2.3  -55.0  11.2
-158.8  -208.0  1488.0  27.8  -104.9  -50.5
-141.6  -246.0  1488.8  36.2  -100.8  0.0
-218.4  -208.0  1511.2  36.2  -161.4  113.1
-221.2  -258.4  1426.4  63.2  -265.7  30.7
-173.6  -282.0  1439.6  230.9  -253.9  13.9
-152.8  -229.6  1539.6  255.8  -245.6  -40.6
-62.0  -210.0  1498.0  77.2  -45.1  -109.2
-87.6  -176.0  1450.8  318.6  -50.5  -135.1
216.8  -212.8  1825.6  95.9  -163.4  132.0
143.6  36.4  1718.8  5.9  54.1  6.0
90.8  -28.8  1548.4  76.3  126.2  264.1
-128.8  17.6  1451.6  200.1  117.2  266.4
-212.8  -94.0  1463.2  103.4  140.7  66.9
-214.0  -176.0  1498.0  10.1  128.3  42.5
-221.6  -148.0  1539.2  -31.3  24.0  17.4
-196.0  -177.2  1580.0  -26.9  -28.0  -49.0
-186.4  -125.6  1469.6  -10.8  5.4  -6.3
-249.2  -141.6  1470.4  2.7  -94.6  23.7
