28.4  -206.4  1531.6  33.3  -74.0  -128.7
98.4  -200.4  1536.0  21.8  13.0  -93.1
93.6  -221.6  1604.8  -24.3  -2.8  -52.5
56.8  -204.8  1491.6  -115.3  -47.1  80.8
68.4  -217.6  1470.4  56.5  -93.5  25.2
10.0  -218.4  1484.8  107.7  -111.3  7.3
59.2  -212.4  1528.0  52.9  -73.3  44.0
-12.4  -224.0  1516.0  136.1  -137.0  -11.1
98.0  -225.2  1504.8  48.4  -36.3  -131.9
100.0  -188.0  1517.2  36.6  -96.8  -28.4
12.0  -182.4  1546.0  45.4  -91.3  5.0
31.2  -203.6  1532.8  10.5  -33.1  -34.7
104.8  -218.8  1546.4  94.9  -79.0  -81.5
82.0  -184.4  1549.6  98.6  -76.8  -82.0
101.6  -179.2  1528.4  50.3  -118.9  -12.4
68.4  -167.6  1480.8  64.5  -109.7  6.7
66.4  -182.4  1422.0  81.0  -54.4  -20.7
67.2  -146.4  1481.6  200.6  28.3  -125.2
86.8  -164.8  2450.4  254.0  329.6  -394.4
72.4  -176.0  3035.6  -1273.7  766.1  33.4
-15.2  -168.0  2298.0  -1311.7  -377.6  -131.1
-152.4  -240.0  1276.8  -1641.4  -1085.2  -145.8
-200.8  -552.4  659.6  -2038.8  -897.6  1.6
-72.0  -478.4  -80.4  -1191.2  -343.8  -54.2
113.6  -581.2  -185.6  347.9  98.5  -27.0
161.2  -649.2  41.6  780.4  448.0  221.3
-234.4  -705.2  648.8  1559.8  350.5  -18.3
-69.2  -444.8  1384.8  1716.9  723.4  -728.2
-60.4  -313.2  1985.6  786.8  625.8  258.3
-261.6  -290.4  1971.2  520.4  457.2  444.9
-132.8  -439.6  2288.8  616.3  -148.0  65.3
-209.2  -388.8  2138.8  350.3  -302.7  -39.2
-38.4  -223.2  1609.6  -219.2  -46.2  92.3
-72.4  -176.4  1376.4  102.5  -141.3  -16.3
-141.6  -268.4  1447.6  163.1  -105.4  57.7
-195.6  -300.8  1518.4  102.6  -119.5  66.1
-116.0  -317.6  1506.0  47.6  -42.8  -2.6
-78.0  -268.8  1480.4  124.6  -28.2  -56.3
-48.4  -213.6  1538.0  124.4  -64.6  -43.3
-70.4  -212.0  1550.0  21.6  -117.7  122.0
-221.2  -281.6  1513.6  73.7  -97.6  61.5
-105.6  -240.8  1482.4  22.8  7.7  -150.3
-110.0  -206.8  1500.0  85.7  -84.7  -78.3
-103.2  -187.2  1552.0  31.7  -83.7  -2.3
-128.8  -214.8  1508.0  14.7  -59.4  8.8
-49.2  -226.8  1498.4  47.6  -62.9  -34.2
-83.2  -209.6  1540.0  47.6  -97.8  53.9
-123.6  -237.2  1534.4  29.4  -78.2  38.6
-111.6  -241.6  1485.2  76.3  -80.4  11.0
-137.2  -212.8  1506.0  68.0  -94.4  -1.3
-136.8  -224.4  1524.8  17.5  -82.7  -4.6
-121.2  -179.6  1512.0  -9.0  -108.0  -6.2
-50.4  -207.6  1512.4  -31.0  -74.1  123.3
-140.8  -276.0  1546.4  74.4  -143.4  -23.6
-65.2  -209.6  1472.8  -71.1  -91.3  -54.6
-106.4  -200.0  1444.8  9.3  -116.1  -9.3
-108.8  -230.0  1476.0  73.6  -7.0  -48.4
-136.4  -233.6  1562.8  134.5  -81.0  -76.3
-68.0  -244.8  1572.8  62.0  -89.1  3.8
-87.2  -249.6  1524.4  -20.7  -87.2  66.6
-95.6  -237.2  1493.2  -10.3  -75.0  13.6
-79.2  -216.4  1472.4  6.9  -73.8  -6.1
-90.8  -225.2  1534.4  56.2  -89.3  7.2
-91.2  -251.2  1562.8  -9.5  -88.8  21.4
-39.2  -245.2  1538.4  2.1  -118.0  0.5
-66.8  -265.2  1517.6  3.1  -113.5  64.7
-76.4  -268.0  1486.0  -30.7  -66.2  -36.8
-75.6  -246.0  1499.2  36.0  -79.3  -54.2
-77.6  -214.4  1505.6  69.2  -101.5  -32.9
-71.2  -218.4  1633.2  104.6  -82.8  -12.1
-133.6  -238.4  2022.4  112.5  -51.9  -7.8
-22.4  -261.6  2544.4  -733.6  346.9  17.6
-76.4  -383.6  2360.8  -1314.3  -267.2  123.0
-257.2  -436.4  1768.8  -1561.5  -806.4  93.4
-212.8  -447.6  617.6  -1390.7  -996.8  162.3
-48.8  -628.4  -5.2  -499.2  -969.4  -68.2
81.2  -589.2  -56.0  609.8  81.1  -137.7
256.4  -572.4  450.4  1147.7  749.8  -103.1
42.4  -724.8  826.0  1615.4  668.9  125.4
48.4  -94.8  1260.0  1929.6  331.5  -326.2
1.6  0.4  1607.2  935.7  562.8  248.6
-274.8  -276.4  1704.8  535.6  -139.4  -36.1
-338.4  8.4  2359.6  584.8  10.2  -67.7
-166.8  -126.8  2691.6  497.9  174.5  79.5
-146.0  99.6  1832.4  -847.3  -67.7  346.8
-202.4  55.6  1306.0  -443.6  -352.8  154.4
-154.4  -67.6  1281.2  53.4  -460.2  -85.9
-109.2  -113.6  1460.8  138.2  -420.1  18.9
-83.2  -253.2  1573.2  -37.7  -133.6  134.6
-6.8  -258.0  1546.4  -318.8  -49.3  129.8
-20.4  -225.6  1508.8  -237.4  53.0  6.9
-60.4  -220.4  1402.0  9.3  160.1  -67.6
-46.4  -227.6  1646.8  338.8  95.1  -347.9
-40.8  -161.2  1571.2  34.3  -51.3  -220.5
-133.6  -184.8  1497.6  67.4  -1.9  -261.7
-171.2  -178.4  1465.6  32.6  87.1  -250.7
-109.6  -110.0  1427.6  39.2  -37.1  -301.1
-66.0  -77.6  1507.2  123.3  3.9  -221.5
-122.4  -112.4  1689.2  177.7  -60.1  -61.0
-119.2  -86.0  1462.4  -132.5  -97.4  19.4
-81.2  -159.2  1392.4  -43.7  -98.7  38.3
-113.2  -172.4  1523.2  94.8  -74.7  0.2
-114.4  -215.2  1606.4  -17.8  -91.3  122.8
-190.4  -216.8  1518.0  -84.0  -129.6  89.0
-185.2  -182.0  1461.6  3.9  -74.3  17.1
-122.0  -181.6  1562.8  82.0  -119.8  -34.5
-61.2  -169.2  1444.8  -42.2  -51.7  0.3
-56.0  -157.6  1399.2  38.0  -31.2  32.8
-130.4  -239.2  1601.6  241.8  -48.5  4.3
-155.2  -177.2  1572.8  105.6  -67.4  -18.7
-111.6  -174.8  1489.2  4.8  -24.2  -24.5
-86.0  -176.0  1528.0  151.7  -66.7  -32.2
-86.0  -129.2  1533.6  78.3  9.2  10.0
-126.8  -154.0  1534.0  121.9  -20.3  -21.8
-80.8  -98.4  1533.2  83.1  -71.8  -24.4
-94.8  -88.0  1454.8  28.6  -112.3  5.0
-46.0  -69.2  1531.2  49.6  -85.2  125.9
-203.6  -85.6  1820.0  9.8  85.9  87.1
-226.0  144.4  2881.6  -846.7  919.0  153.9
-574.0  35.6  3006.0  -1847.2  638.7  283.7
-808.8  -287.6  1750.8  -2490.2  -257.1  -35.7
-624.8  -686.0  464.4  -1713.7  -1361.1  -256.8
-136.8  -736.4  -390.0  -793.0  -1375.0  -443.3
169.6  -859.6  -312.0  580.0  -542.6  -375.9
220.8  -852.4  -6.0  1542.4  119.5  -197.4
268.4  -816.4  514.4  1466.3  358.8  -103.8
-76.4  -576.8  676.0  1669.3  360.5  273.7
-380.8  -22.0  1490.0  1912.5  59.5  -400.5
-299.2  -94.4  2144.0  446.8  1084.9  -462.8
-36.0  380.0  2811.6  603.4  -87.2  -211.5
-407.2  -205.6  2858.8  -297.2  578.2  20.6
-113.6  -48.4  2001.2  115.7  -597.8  -78.8
-4.8  -13.2  1438.4  -212.6  -695.7  76.9
-104.4  -92.4  1277.6  82.0  -447.5  220.3
-166.4  -232.8  1459.6  62.7  -70.2  186.0
-222.0  -258.8  1495.2  -6.3  57.0  117.2
-147.2  -276.0  1608.8  4.8  17.9  25.1
-30.0  -177.2  1560.8  -75.8  -22.7  -57.2
-14.8  -152.0  1544.0  49.3  -122.6  20.1
-62.0  -187.6  1606.4  28.1  -159.1  47.6
-100.8  -184.0  1500.4  89.1  -118.0  18.7
-73.6  -267.6  1542.4  69.8  -71.5  -34.7
-44.8  -243.2  1559.2  108.3  -119.6  -81.1
-78.4  -176.8  1556.4  25.4  -66.8  -20.2
-62.4  -186.0  1557.6  138.7  -156.1  -41.7
-103.6  -196.8  1462.4  37.5  -120.0  -68.8
-62.0  -172.8  1487.2  74.1  -110.9  -89.3
-10.8  -104.8  1518.8  -50.0  -78.9  -51.2
34.4  -126.8  1482.0  -82.6  -155.8  59.0
59.2  -187.6  1547.2  51.8  -21.7  166.1
-0.4  -148.0  1550.8  -24.9  -150.0  -33.4
35.2  -136.8  1548.4  62.9  -200.2  104.3
19.2  -197.2  1448.4  17.5  -80.7  210.6
-62.4  -242.8  1518.0  32.6  -179.0  79.8
-38.8  -169.2  1503.6  -15.1  16.3  25.4
-57.6  -189.2  1470.0  56.7  109.2  -102.4
-29.6  -252.0  1454.8  69.7  206.4  -225.6
6.4  -212.0  1805.6  328.5  213.3  -499.5
-56.8  9.6  3075.6  -195.9  665.2  -313.5
-274.0  309.6  2770.8  -959.1  540.5  573.3
-697.6  221.2  997.2  -2188.3  -106.5  731.8
-427.6  -629.6  1236.4  -2252.6  -1737.6  -279.9
-8.0  -723.6  299.2  -1008.1  -981.1  -284.3
70.0  -820.4  34.0  272.5  -591.7  -326.7
289.6  -929.6  590.4  854.2  13.0  -322.0
257.2  -692.8  650.0  677.4  277.0  -174.5
194.8  -618.4  458.8  1260.1  709.7  103.1
-200.8  43.6  918.0  2237.4  630.8  292.7
-661.6  93.6  2836.8  2392.1  -359.2  -418.9
-226.8  66.0  3094.4  -283.0  638.2  -4.2
-18.4  -30.8  2296.0  -466.3  -375.4  -62.7
174.8  -59.6  1480.8  -718.1  -180.4  87.2
43.6  -88.8  1293.2  235.3  -362.5  38.2
-148.4  -148.8  1421.6  442.0  -92.3  126.9
-114.8  -248.4  1518.0  228.6  -81.4  70.2
-45.2  -155.2  1506.0  176.5  -48.7  -32.1
42.4  -167.6  1521.2  -44.4  46.8  -94.9
23.2  -136.0  1598.4  -66.3  26.3  -100.5
-7.6  -157.2  1541.2  -16.6  -89.0  25.7
-88.4  -158.0  1506.8  6.1  -42.4  67.8
-122.4  -166.0  1487.6  -1.9  -44.3  -2.9
-49.2  -139.2  1500.0  2.3  27.3  38.8
-73.6  -157.6  1514.8  90.1  -13.3  16.1
-85.2  -180.0  1512.0  109.1  16.4  -50.8
-102.0  -181.2  1560.4  107.7  -22.7  -68.9
-140.8  -140.4  1583.2  49.4  -9.3  -75.0
-104.4  -131.6  1477.6  3.4  16.0  -111.2
-116.8  -80.4  1524.4  121.2  -88.4  -119.8
-172.0  -110.4  1671.6  128.2  -123.4  -35.3
-61.6  -102.8  1555.2  -158.8  -157.1  108.3
-64.0  -204.8  1306.4  35.0  175.3  154.7
-141.2  -112.4  1382.8  307.0  108.8  77.5
-8.8  -127.2  1528.0  102.4  73.5  -24.0
-139.2  -88.8  1522.0  194.0  30.5  -69.9
-46.4  -26.8  1596.0  225.3  -15.3  1.3
-101.6  -65.6  1500.0  141.1  9.5  -49.6
-239.2  -118.8  1476.0  157.3  -17.4  -24.0
-296.4  -93.2  1563.2  117.0  -57.2  -83.0
-243.2  -112.4  1546.0  -78.3  -260.0  -106.4
-213.2  -112.8  1565.6  -12.7  -421.1  -154.3
-174.8  -50.8  1470.0  -96.5  -102.7  -33.3
-89.6  -21.6  1536.0  60.4  -236.6  -50.4
-92.4  20.0  1520.8  90.3  -198.6  40.6
-73.2  -68.0  1555.6  -148.0  -179.7  88.2
-62.4  -42.8  1329.6  48.6  -259.4  77.2
-70.0  -73.2  1542.8  -73.7  51.4  173.4
-116.0  -50.4  1383.6  -176.8  228.2  212.4
-48.4  -45.6  1434.0  180.9  -125.6  -124.6
180.0  211.6  1819.6  315.2  9.4  -186.1
35.6  267.2  3276.7  -793.7  107.9  314.7
-307.2  -162.8  2858.0  -1967.5  -76.3  1008.3
-729.2  -216.0  1203.2  -1865.3  -708.0  484.3
-533.6  -534.8  251.2  -1334.8  -2525.1  -169.2
-258.4  -696.8  -3.2  -827.5  -1065.4  -462.6
294.4  -704.8  90.0  120.3  287.8  -300.1
473.6  -481.2  -43.2  858.0  693.1  -72.0
125.6  -539.2  493.2  1750.3  1202.1  -97.6
-145.2  -286.8  806.8  1950.2  1156.5  -54.8
-852.8  366.4  2090.0  2249.7  -304.2  -215.7
-598.4  596.4  2906.0  746.7  453.1  -652.6
-68.0  410.0  2753.6  74.8  54.6  52.1
22.4  182.0  2008.4  -561.7  -350.9  -27.3
-2.4  140.8  1342.4  -537.8  -557.6  47.4
-54.8  146.4  1252.8  -18.7  -350.4  19.8
-153.6  40.4  1452.0  165.3  -241.7  50.0
-88.0  -91.2  1682.4  -86.7  -98.0  113.3
-37.2  -128.8  1537.2  -342.3  -148.7  72.2
-34.4  -85.2  1417.6  -89.1  -171.1  -76.9
-34.4  -72.4  1470.8  -45.3  21.4  12.2
-54.8  -58.0  1540.4  79.2  49.8  10.8
-31.6  -73.6  1573.6  -58.3  16.4  122.5
-44.4  -84.0  1546.0  -121.6  -52.7  73.9
-47.6  -173.2  1545.2  -125.4  -88.7  9.6
-83.2  -177.2  1526.8  -9.6  -88.9  -81.8
-74.0  -170.8  1526.0  32.6  -68.7  -154.6
-60.0  -120.8  1480.8  41.5  -45.6  -160.9
-57.2  -112.4  1503.6  132.1  -71.1  -150.6
-57.2  -94.8  1549.2  220.6  -69.7  -114.1
-44.8  -48.4  1559.2  112.6  -44.1  -59.1
15.6  -71.2  1582.4  61.7  -101.6  11.2
48.0  -118.0  1601.2  50.1  -67.9  160.0
-41.2  -95.6  1559.2  171.6  -395.4  -13.6
-35.6  22.0  1483.6  -36.3  -359.6  -77.7
46.0  -100.8  1486.4  -382.1  -195.3  -17.4
101.6  -160.4  1454.8  -209.1  -266.6  -105.7
90.8  -115.2  1468.8  48.5  -42.2  -77.6
81.6  -142.4  1500.0  197.4  -79.9  -109.0
76.0  -194.8  1596.4  73.2  -68.8  -83.3
124.8  -112.8  1658.4  277.8  -106.0  21.0
44.0  31.2  1497.2  339.5  352.4  147.4
28.4  -65.6  1488.4  -28.9  -341.8  -75.4
33.6  -123.2  1459.6  -123.3  -151.5  -143.4
69.2  -95.2  1515.2  -94.5  191.2  101.7
-25.6  -59.6  1518.0  -362.3  315.5  76.6
17.2  -118.4  1387.6  -433.1  420.5  67.8
82.8  -242.4  1388.0  310.5  475.0  -12.9
64.0  23.6  2240.8  776.4  145.0  -174.1
-436.8  201.2  3276.7  -819.0  699.7  -48.6
-821.2  69.6  2820.8  -2701.9  -1089.7  386.2
-757.6  34.4  508.8  -3018.0  -2051.0  -33.8
-210.4  -538.0  -406.8  -2498.0  -983.4  -626.5
499.2  -708.0  -989.6  -205.9  -251.6  -617.8
586.0  -767.6  -370.8  1825.3  342.4  -12.4
418.0  -675.2  380.0  2138.7  1367.1  151.2
-48.8  -735.2  702.4  2129.6  990.6  622.0
-402.0  121.6  1165.2  2392.4  -175.1  80.3
-325.2  107.2  3276.7  2188.8  721.1  -554.3
23.2  141.6  3216.4  62.3  380.2  253.6
141.6  295.2  2218.4  -475.1  -547.9  -221.9
417.2  224.0  1361.2  -487.6  -633.3  133.7
49.6  -32.4  1375.2  -96.2  -608.0  128.8
-94.8  -198.4  1441.2  -85.9  -30.0  75.8
-128.0  -198.0  1508.8  -79.3  28.3  -21.8
-44.0  -178.4  1492.4  -111.5  101.9  -116.6
85.6  -176.0  1543.6  -109.4  -50.5  -149.7
28.0  -117.6  1521.2  -44.8  -22.2  -127.0
26.0  -113.6  1545.6  92.1  -101.6  -94.8
-21.6  -130.8  1605.6  85.8  -188.1  29.0
-46.8  -140.0  1468.0  -97.1  -247.1  109.1
-24.4  -222.0  1423.6  -84.7  -134.6  163.6
-10.8  -225.2  1499.2  -70.3  -118.1  72.2
31.2  -240.8  1553.6  -28.8  -126.1  -48.0
124.0  -247.2  1601.6  76.5  -104.9  -161.1
180.8  -222.8  1629.2  40.3  -92.7  -119.6
94.4  -169.6  1576.8  38.9  -115.1  -69.5
83.6  -175.2  1431.2  34.0  -44.6  -16.2
49.6  -170.8  1427.6  222.5  -75.7  -35.5
39.6  -185.2  1545.2  189.1  -55.4  -27.5
59.6  -186.0  1601.6  54.2  -48.1  36.3
68.0  -160.8  1570.4  0.2  -74.1  115.3
29.2  -148.8  1427.2  -69.1  1.5  173.3
29.6  -200.0  1520.0  58.1  -13.7  135.3
45.2  -177.2  1519.6  27.5  63.6  94.5
59.2  -199.6  1549.2  42.3  24.9  36.6
16.0  -182.4  1542.0  64.2  -33.8  75.8
-52.8  -164.0  1436.0  196.3  -79.1  -56.3
-12.4  -158.4  1583.2  106.9  -83.6  -64.5
13.2  -128.8  1481.6  47.3  -35.5  -109.6
61.2  -130.4  1513.6  102.3  -35.8  -92.3
14.4  -138.8  1534.0  80.3  -71.1  -61.3
-6.4  -138.0  1523.6  21.0  -25.4  -14.3
23.6  -146.8  1524.8  22.8  -20.4  -32.8
61.2  -156.8  1520.0  -17.7  -8.9  -7.1
24.4  -145.2  1506.4  32.5  -27.2  -25.4
25.6  -176.0  1534.0  82.2  45.4  18.2
115.6  -157.2  1519.2  79.7  17.5  -142.6
27.6  124.8  2328.0  -567.6  478.7  -357.8
-326.8  -101.6  3240.0  -1653.1  699.4  -397.1
-510.4  -422.8  2090.8  -1631.7  -576.0  -90.4
-486.8  -634.4  1066.4  -1137.7  -1414.9  -61.2
-268.0  -859.6  396.8  -1328.3  -1364.8  -298.5
404.0  -643.6  -287.2  -830.1  -623.1  -586.4
635.2  -758.0  -43.6  443.1  -392.8  -236.4
654.0  -732.0  270.4  652.9  852.0  20.1
414.8  -710.0  166.4  1121.5  1101.6  724.8
-11.2  -512.8  426.0  2158.0  597.9  875.3
-795.2  290.4  1561.6  2861.7  -314.4  39.0
-450.0  60.0  3276.7  1315.3  341.8  -510.4
-184.4  505.6  2564.0  184.7  -50.3  218.2
12.4  154.0  2106.4  -289.4  -291.1  16.5
180.8  65.6  1481.6  -359.6  -551.3  -9.6
82.8  -7.6  1323.6  -148.1  -402.3  76.4
-38.4  -82.4  1510.8  28.4  -213.2  99.2
-22.8  -144.8  1513.2  -114.3  33.7  116.7
74.0  -108.8  1566.0  -111.0  -3.1  43.7
54.8  -100.0  1534.0  -87.1  -30.4  64.8
64.0  -150.8  1455.2  -0.3  -132.3  37.2
11.2  -164.8  1455.2  57.1  -106.8  7.8
-6.0  -191.6  1595.2  101.5  -92.4  -54.6
76.0  -130.8  1519.2  9.0  -35.7  -62.3
102.0  -132.0  1550.8  4.8  -104.7  -74.8
16.8  -81.6  1504.4  51.7  -7.9  73.8
46.0  -159.2  1564.8  -14.1  -91.8  109.2
44.8  -150.4  1518.0  -51.6  -57.4  138.7
46.0  -151.6  1542.0  -57.9  -49.4  130.5
35.2  -160.4  1524.8  14.2  -105.3  30.2
51.2  -180.8  1536.4  -22.5  -54.7  45.2
31.2  -199.6  1510.0  -39.2  21.7  45.1
24.4  -193.2  1468.0  95.0  -60.0  -27.4
15.6  -188.8  1554.4  128.0  -81.5  -91.3
63.2  -166.4  1521.6  76.5  -54.0  -102.5
74.0  -156.0  1537.6  85.2  -123.4  -57.9
21.2  -160.8  1526.4  36.8  -54.2  10.5
20.8  -131.6  1513.2  42.4  -55.4  3.7
26.4  -139.6  1479.6  25.8  -81.3  8.6
63.2  -175.2  1509.2  -0.4  1.9  44.1
41.6  -192.4  1518.4  114.6  62.4  24.6
115.2  -88.8  1838.8  -48.9  221.9  -176.9
-64.8  115.2  3067.2  -880.0  796.4  -297.1
-404.4  -33.2  2978.0  -2330.6  33.4  -52.8
-644.4  -360.8  1178.8  -2307.5  -1407.8  49.0
-308.4  -814.4  506.8  -1061.6  -1939.7  -349.3
324.0  -961.6  8.8  -698.9  -859.3  -399.0
466.0  -886.8  -82.8  197.9  -798.4  -384.6
564.0  -893.2  308.8  594.3  293.0  -229.6
450.0  -849.2  206.0  583.7  1267.8  -24.9
154.0  -718.8  110.4  1693.3  1365.5  246.5
-29.2  -310.8  806.4  2320.3  652.4  -97.8
-368.4  104.4  2092.4  2590.6  -120.2  -107.8
-18.0  238.8  2948.8  1403.6  667.1  -159.1
86.8  445.2  2685.6  332.9  -28.9  119.3
119.6  178.4  2122.0  -340.7  69.4  293.9
60.8  -34.8  1451.6  -422.8  -361.8  167.5
-27.2  -100.8  1322.0  -35.3  -214.4  61.9
-94.4  -139.2  1389.6  -5.4  -21.2  58.5
-70.4  -136.8  1548.4  6.3  -28.8  -46.2
24.4  -63.2  1583.6  -54.1  0.7  -86.2
78.4  -28.4  1576.0  60.0  -52.4  -37.4
95.2  -48.0  1543.2  32.4  -82.4  8.8
-20.4  -72.0  1505.2  32.8  -184.3  52.5
11.2  -94.0  1582.8  63.1  -124.2  26.0
24.8  -137.6  1544.4  17.2  -72.2  -15.4
44.8  -119.2  1514.4  33.2  -76.3  -58.9
27.6  -85.2  1502.8  37.5  -66.1  -23.6
38.4  -84.0  1555.6  12.2  -69.6  -13.1
75.6  -88.4  1580.8  36.3  -143.3  -21.5
70.4  -112.4  1518.4  -76.7  -86.8  48.7
48.4  -94.8  1510.4  30.6  -71.5  52.6
-10.4  -80.4  1541.6  32.5  -76.2  14.4
43.6  -99.2  1516.8  60.0  -55.3  -37.8
60.0  -107.2  1521.2  44.9  -60.8  -11.7
36.8  -103.6  1549.6  36.5  -29.6  -40.0
8.0  -98.4  1548.8  50.9  -25.0  -54.8
25.2  -88.0  1546.4  26.7  -27.8  -31.7
28.0  -95.6  1546.4  55.0  -91.0  -33.8
64.0  -87.6  1544.4  58.0  -89.0  16.2
21.6  -99.6  1523.2  51.3  -89.1  44.3
-6.4  -126.0  1474.4  39.7  -44.5  41.0
-9.6  -86.0  1432.4  78.6  73.6  10.1
0.0  -78.4  1402.8  199.9  221.9  -4.6
106.0  -127.6  1426.4  201.8  386.5  -128.0
88.0  249.2  2400.8  -513.0  250.1  -400.0
-147.6  -46.0  3276.7  -1269.0  -354.8  44.0
-551.2  -232.0  2362.0  -1536.7  -1207.3  170.8
-455.6  -492.8  1586.0  -2005.7  -1481.0  -210.7
-33.6  -438.0  169.6  -2149.4  -1088.7  -558.7
477.6  -544.0  -333.6  -73.8  -1369.4  -330.7
538.4  -620.4  -58.8  807.5  372.7  16.7
641.6  -605.2  297.6  1002.8  651.3  110.5
279.6  -556.0  502.0  1680.2  956.8  645.0
-44.0  -272.8  1150.0  2237.9  357.9  231.1
-440.0  217.6  2342.0  1651.5  468.6  -565.4
122.4  -221.2  3151.6  580.6  831.3  -103.4
100.4  -76.0  2220.4  -180.8  -126.3  62.3
239.6  -27.2  1545.6  -74.4  -203.0  -176.6
173.2  31.6  1464.0  36.9  -356.1  -81.1
55.6  -63.6  1468.4  133.4  -170.8  42.0
-47.6  -86.8  1458.8  45.7  -5.2  82.5
62.4  -112.4  1521.2  34.8  20.7  -17.4
32.0  -108.0  1607.2  65.6  -37.5  -44.3
129.6  -95.2  1513.6  -42.8  48.8  -0.8
93.2  -109.2  1523.6  31.5  -22.7  -4.0
45.6  -100.0  1492.4  -11.5  43.1  19.9
19.6  -114.4  1518.8  57.8  16.3  -32.4
-21.6  -117.2  1552.4  24.8  53.2  -54.8
-16.4  -104.8  1631.6  -1.9  9.9  -70.4
-48.8  -94.4  1548.8  -151.4  -56.3  -88.2
-58.0  -56.4  1480.4  -39.6  -76.1  -102.7
-46.8  -94.8  1442.0  30.0  -21.5  -85.7
-8.8  -93.6  1613.2  138.2  -111.9  -9.5
-34.8  -118.8  1475.2  -45.8  -102.5  95.0
-24.4  -178.4  1453.6  2.9  -24.2  60.1
-37.6  -180.4  1550.8  45.8  36.5  -11.1
-71.6  -154.4  1641.2  84.7  -98.2  -141.8
-14.0  -94.0  1651.2  -38.3  -218.8  -74.3
17.6  -115.6  1416.0  -150.7  -183.8  42.9
12.8  -149.2  1376.4  34.3  -152.5  60.2
4.0  -155.6  1553.6  124.9  -81.3  65.7
3.2  -142.8  1618.8  -1.2  -76.0  81.6
39.6  -163.2  1488.0  -0.4  -123.9  18.2
26.0  -154.4  1479.2  68.1  -134.9  24.4
-2.0  -151.2  1566.0  86.5  -153.0  2.7
62.0  -155.6  1465.6  -46.3  -77.4  28.1
40.0  -172.0  1544.4  65.0  -27.8  19.1
23.6  -122.0  1582.4  -61.1  -99.9  15.2
79.2  -144.8  1498.4  -18.7  -225.9  55.7
100.0  -190.4  1511.6  39.3  -52.6  48.9
107.2  -212.0  1537.2  95.9  -93.9  15.5
60.4  -175.2  1505.6  115.9  -47.7  6.5
27.2  -138.0  1443.2  181.2  57.8  10.9
149.2  -47.6  1766.4  616.7  146.4  -313.7
-122.8  197.6  3276.7  -934.5  647.6  -448.0
-159.2  -69.6  2924.4  -2359.2  -470.8  299.5
-512.8  -287.6  1231.6  -2082.9  -2033.5  263.4
-300.4  -568.0  70.0  -1710.1  -2230.7  302.5
280.0  -642.8  -513.2  -715.2  -1308.5  9.5
428.8  -702.0  -486.8  468.1  384.9  -228.8
650.4  -534.0  47.6  1658.7  1398.4  -519.8
274.4  -597.6  624.0  1958.8  1556.4  -85.9
-106.0  -140.4  1036.8  1899.4  633.1  135.4
-286.8  398.0  2949.6  2937.4  507.3  -644.1
365.2  -55.2  3276.7  -220.9  861.8  -99.7
100.8  126.8  2258.8  -674.6  -493.3  167.4
303.6  41.6  1381.6  -288.5  -288.8  170.0
73.6  -114.8  1454.8  -66.8  -524.0  153.2
-9.2  -196.0  1493.6  -180.7  -140.3  140.6
-37.6  -214.4  1455.2  -362.4  39.4  46.3
8.4  -334.4  1367.2  -378.3  -61.3  -148.1
212.4  -340.4  1459.6  -110.2  6.2  -107.2
168.8  -340.0  1618.4  93.5  44.1  -105.6
138.8  -260.8  1646.8  -42.7  -67.6  -136.2
86.8  -252.4  1498.8  -57.0  -133.2  -94.3
95.2  -217.2  1452.8  -20.8  -154.7  -35.0
152.0  -260.0  1482.4  -71.8  -150.3  104.3
70.0  -321.2  1513.6  -46.8  -127.3  152.6
107.6  -360.8  1457.2  5.4  -25.8  51.1
130.4  -350.8  1461.2  102.3  -67.9  -42.4
76.0  -309.6  1560.0  108.2  -80.9  -47.3
117.6  -274.4  1540.8  23.8  -35.8  -62.5
148.8  -261.2  1457.6  110.3  -46.7  -46.7
129.2  -312.0  1526.4  144.3  -52.5  -43.9
106.8  -333.6  1527.2  132.9  -39.6  -53.3
54.4  -284.8  1558.0  57.7  -66.6  -93.5
131.6  -237.6  1503.2  54.1  -72.4  -57.8
143.6  -267.2  1526.0  68.2  -93.3  -4.7
89.2  -261.6  1506.4  34.7  -88.1  0.0
67.6  -246.8  1507.6  39.7  -56.9  -8.8
153.6  -262.8  1524.4  27.0  -44.9  -3.8
150.4  -220.0  1590.0  37.6  -117.4  38.4
82.0  -214.4  1487.2  -30.8  -140.1  69.2
91.6  -255.2  1423.6  38.1  -119.6  83.7
162.8  -350.8  1540.8  119.5  -48.6  14.3
168.4  -312.0  1538.8  75.8  -64.3  -48.7
84.0  -258.8  1534.8  116.3  -77.5  -75.3
108.0  -210.0  1534.0  39.5  -79.7  -48.8
117.6  -197.2  1448.4  39.5  -47.0  31.9
148.8  -224.8  1458.8  -8.3  -24.6  61.2
161.6  -287.6  1554.8  88.4  -71.2  36.1
119.6  -253.6  1581.2  58.7  -80.2  40.4
119.2  -213.2  1502.8  -2.6  -97.5  24.5
108.8  -236.0  1458.8  14.2  -53.9  76.2
94.8  -272.0  1397.6  145.4  17.1  -6.0
105.2  -270.0  1431.6  257.4  159.7  -94.7
276.8  -148.4  1787.2  375.2  329.7  -367.3
224.8  58.4  2964.8  -693.0  367.1  -294.8
-134.4  -355.6  2970.0  -1729.6  -238.5  387.2
-686.8  -419.2  1369.6  -1809.2  -964.7  -71.9
-444.8  -710.0  651.6  -886.2  -1717.4  -324.7
-32.8  -750.0  51.2  -683.6  -591.2  -592.1
609.2  -591.2  -274.4  148.7  -315.1  -564.6
724.0  -513.6  65.2  857.1  528.8  326.4
472.4  -481.2  429.2  1334.9  1463.8  425.0
-167.6  -490.0  1138.0  2009.7  902.9  812.9
-490.0  -61.2  1924.4  1904.4  604.4  408.0
-613.2  95.2  2580.0  805.5  942.7  -214.0
-1132.8  160.0  2926.0  -229.7  42.9  -81.5
-38.4  0.8  1996.4  -137.9  129.9  -94.3
-23.6  -26.4  1520.4  -178.2  -587.3  -164.4
-86.4  -57.6  1450.0  -74.7  -435.6  51.4
-234.4  -108.0  1530.4  82.2  -300.8  88.4
-184.8  -103.2  1413.2  -143.3  -14.1  72.3
-84.0  -171.2  1562.0  12.9  -68.6  -7.9
-205.2  -138.4  1518.0  -13.3  -3.4  -17.9
-147.2  -158.0  1569.6  -61.7  -30.2  19.9
-84.4  -126.8  1422.4  -94.1  -101.7  30.1
-58.8  -145.6  1454.0  -61.4  -34.0  94.7
-152.8  -62.8  1486.4  71.2  -315.2  90.1
-54.8  -230.0  1528.4  114.3  -267.6  142.1
-149.6  -182.4  1508.8  90.0  -397.2  44.8
-56.8  -92.4  1462.8  -134.6  -365.2  -79.3
7.2  -234.0  1611.6  70.6  -280.7  -153.8
17.2  -209.6  1507.6  293.9  -512.8  -180.1
85.6  -164.4  1469.2  145.9  -448.4  -128.4
28.8  -108.4  1388.0  148.3  -417.8  11.2
13.6  -118.0  1480.4  75.4  -103.1  48.4
74.4  -87.2  1466.8  -59.3  138.2  -36.0
203.6  -68.0  1434.8  221.2  188.8  81.2
133.2  -87.2  1580.4  254.3  215.3  295.0
105.2  -83.2  1778.0  220.8  165.8  377.9
117.2  -191.6  1906.0  -275.3  220.0  349.9
3.2  -180.4  1712.4  -313.0  -239.3  -23.3
4.0  -176.0  1466.0  -468.1  -146.0  93.8
66.0  -266.4  1389.6  -341.2  225.3  123.9
7.2  -232.4  1444.4  91.9  -331.6  -193.7
75.2  -209.6  1499.2  268.5  27.2  -164.0
27.6  -167.6  1633.6  356.9  -151.3  -246.8
50.8  -85.2  1567.2  201.4  -120.6  -136.7
126.0  -160.0  1563.6  54.5  -32.0  -29.2
15.6  -121.6  1496.4  30.1  -41.9  -82.4
80.0  -136.8  1463.6  -0.8  7.0  17.5
32.8  -188.0  1486.4  -107.2  32.3  65.9
-16.4  -171.6  1480.0  -71.6  66.3  101.8
-10.4  -187.2  1484.0  -108.3  199.8  30.6
-21.2  -211.6  1512.0  -27.0  203.2  64.9
111.6  -214.8  1627.2  -140.2  183.0  97.7
45.6  -99.6  2433.6  -225.0  -542.0  -66.3
-249.2  -310.8  3208.8  -2048.2  -143.6  30.2
-360.4  -462.0  1837.2  -1528.5  -1526.3  123.0
-419.6  -688.0  927.2  -1194.6  -1579.9  -204.4
89.6  -721.2  177.2  -736.1  -1171.8  -497.8
536.4  -784.4  -41.2  60.6  -415.1  -569.0
690.0  -733.6  197.6  559.1  318.3  -27.9
598.8  -636.0  244.8  751.8  1242.1  66.8
325.2  -678.0  390.4  1338.3  1539.3  418.1
-54.0  -238.0  786.0  1623.7  710.6  319.0
-592.0  107.2  2050.4  2288.8  31.1  246.2
-388.0  -31.2  3276.7  598.0  269.6  -525.5
-157.6  91.2  2529.2  -127.9  -636.7  -75.6
306.4  -37.2  1710.0  -517.6  -297.1  -22.0
185.2  -53.2  1292.0  -236.5  -440.5  138.3
-33.6  -177.6  1294.8  104.7  -213.3  80.7
-48.0  -267.2  1526.0  88.7  126.2  119.6
0.4  -268.0  1510.4  130.4  113.0  -105.7
74.4  -228.8  1546.8  -41.8  15.8  -82.4
55.6  -169.6  1556.0  32.9  -256.7  -100.1
36.0  -156.0  1475.2  -30.9  -138.5  29.6
13.6  -192.0  1447.6  78.1  -191.9  -5.6
92.0  -201.2  1506.4  109.8  25.8  26.1
90.8  -182.0  1619.2  26.6  -1.7  67.9
1.6  -159.2  1480.4  30.0  -88.7  10.3
24.4  -219.6  1491.2  7.5  -119.8  -24.7
123.2  -186.8  1561.6  74.9  64.8  -30.6
45.2  -156.0  1556.8  44.7  -42.4  -45.4
28.4  -164.8  1562.4  46.5  -63.6  7.5
31.2  -200.8  1456.0  -10.7  -12.9  30.3
2.8  -190.8  1524.0  51.8  -41.4  -12.9
42.4  -210.4  1581.2  21.5  -98.1  -1.4
30.0  -196.0  1517.6  6.5  -140.6  12.0
32.8  -190.0  1508.0  57.6  -187.7  -30.1
66.8  -186.4  1548.8  59.0  -55.5  20.1
72.4  -200.4  1554.8  13.9  14.6  39.5
22.8  -217.6  1470.0  83.0  -38.3  -27.4
-1.6  -178.8  1501.6  62.7  -17.3  -52.8
26.8  -161.6  1583.2  37.9  -55.9  -51.3
49.6  -172.4  1513.2  -3.9  -50.7  25.2
-4.8  -174.0  1504.4  52.7  -22.5  20.3
15.6  -218.0  1556.8  92.4  -27.3  -25.5
18.8  -211.6  1550.4  57.5  -42.2  -17.3
19.6  -199.2  1519.2  31.2  -80.1  -25.0
1.2  -183.2  1510.0  41.6  -39.4  -18.1
13.6  -159.2  1511.6  95.9  -28.5  -14.3
8.4  -154.0  1589.2  162.8  -51.5  4.8
17.2  -167.2  1480.8  64.1  1.9  25.9
86.0  -102.4  1632.4  111.6  67.8  -140.1
-3.6  124.4  2889.2  -513.5  552.0  -541.4
-468.4  -13.2  3276.7  -1607.8  -441.4  -306.6
-450.0  -232.0  1886.0  -1652.7  -1945.9  216.7
-307.6  -416.0  326.4  -2165.0  -1876.2  -196.6
250.4  -700.0  -495.6  -1268.6  -1102.5  -512.2
581.2  -773.2  -629.6  278.2  80.7  -355.0
626.0  -718.8  -128.4  1429.2  953.7  -492.6
489.6  -677.6  372.8  1162.1  1950.8  -112.3
83.2  -530.8  690.8  1765.6  1681.9  313.6
-291.6  58.8  1303.2  2173.2  359.1  337.0
-701.6  452.0  2724.8  1306.7  25.9  -396.6
-126.8  434.8  2945.2  107.7  374.7  376.7
68.4  221.2  2256.4  -684.6  -32.1  493.1
52.8  -62.4  1673.6  -217.6  -476.5  501.3
-135.6  -181.2  1383.2  -284.6  -343.9  133.2
-84.0  -238.0  1404.0  -50.3  -140.9  115.9
-144.8  -254.4  1477.6  -312.6  9.0  17.6
-31.2  -229.6  1445.6  -151.6  116.5  -61.0
7.6  -184.8  1509.2  156.7  -98.9  -56.5
0.0  -187.2  1603.6  72.0  -91.9  7.3
-40.4  -174.4  1516.4  111.6  -87.4  136.3
-2.4  -203.6  1487.2  23.8  -71.0  113.0
-71.2  -216.0  1501.2  67.2  66.7  -8.6
19.6  -217.2  1608.4  43.2  11.9  -53.0
-62.4  -202.8  1529.2  -9.4  -18.3  -43.6
-54.8  -182.0  1500.8  -93.0  9.7  -75.7
-89.2  -159.6  1452.4  24.4  74.3  -121.1
-30.0  -206.0  1544.8  178.2  4.9  -86.9
-64.0  -216.0  1583.6  168.2  -52.9  -82.3
-151.2  -205.6  1571.6  7.7  -61.7  -26.5
-142.0  -145.2  1447.6  24.4  -30.9  3.4
-109.6  -134.8  1518.8  79.1  -93.5  -18.4
-91.2  -174.0  1571.2  73.9  -105.4  85.8
-119.2  -181.2  1599.6  -53.8  -187.1  89.4
-75.6  -170.4  1470.8  -64.6  -111.5  113.7
-101.2  -180.4  1470.4  40.1  -95.3  105.7
-84.4  -204.8  1548.4  -1.3  -143.2  34.6
-32.4  -206.8  1508.0  69.9  -75.9  4.0
-10.4  -201.2  1524.0  94.0  -83.3  0.1
-62.8  -158.0  1505.6  107.0  -106.0  22.0
-62.8  -198.4  1502.8  24.3  -17.4  -11.6
-43.2  -225.6  1528.0  37.7  77.4  -63.5
-64.0  -187.2  1495.2  -24.0  -19.0  -36.2
-68.0  -147.2  1489.6  153.4  -68.7  -0.8
-95.2  -101.6  1523.6  137.0  -1.9  -4.7
-32.8  -148.8  1452.8  217.5  94.4  1.3
-71.2  -58.0  1541.2  386.7  15.4  -193.6
-192.4  289.6  2644.8  -286.1  362.7  -535.6
-569.2  -18.0  3276.7  -2410.0  310.3  -623.5
-838.4  -324.0  2017.2  -2188.1  -1479.2  -274.3
-639.2  -601.6  732.4  -1621.1  -2202.5  -223.1
77.2  -678.4  -423.6  -1033.4  -2179.0  -447.6
608.8  -686.4  -730.4  -381.3  -1232.0  -513.0
793.2  -717.6  -414.0  1143.0  530.7  -206.7
564.4  -672.4  216.8  1669.8  1656.7  -145.3
248.8  -669.2  671.6  1534.1  1514.6  593.1
-312.0  -247.2  1352.8  2197.8  253.9  243.2
-413.2  322.4  2241.2  1738.8  690.4  -425.1
81.2  -188.4  3014.8  263.0  40.5  151.2
-113.6  195.2  1922.4  382.9  -603.6  446.5
-59.2  -63.6  1992.4  -60.8  -104.8  120.4
42.4  -60.8  1694.4  -155.4  -14.3  -130.0
88.4  -117.2  1515.6  -247.2  -100.6  -20.4
-24.0  -128.4  1440.8  -75.3  -108.3  52.6
51.6  -115.2  1456.4  52.5  49.2  32.3
65.6  -154.0  1600.0  87.2  54.6  84.5
44.4  -145.6  1524.4  20.2  -68.5  88.4
-11.2  -138.8  1520.4  36.5  -152.5  67.9
74.4  -144.4  1530.8  31.8  -78.1  30.5
25.6  -150.8  1596.4  65.7  -46.0  53.9
20.4  -164.4  1475.2  24.2  -49.8  20.5
5.2  -167.6  1500.0  93.0  -58.1  -38.1
-22.0  -159.6  1588.8  30.6  -28.5  -68.8
36.8  -119.2  1523.6  -12.9  14.4  -67.7
47.2  -122.4  1486.4  0.4  6.0  -10.1
-26.0  -136.8  1552.8  37.3  9.7  -12.1
-39.2  -158.8  1560.8  -42.5  35.6  -16.4
8.4  -132.4  1522.4  15.0  -27.2  -11.4
-2.0  -154.8  1493.6  12.7  -29.4  49.7
-46.0  -159.6  1527.6  53.5  -38.5  39.2
-31.2  -175.2  1520.4  47.8  -21.8  13.5
-31.2  -169.6  1508.4  55.8  -68.7  18.7
-34.0  -139.2  1527.6  49.8  -70.7  -8.0
-40.4  -129.6  1503.2  58.7  -55.2  -23.9
-36.0  -161.6  1569.2  108.8  -40.6  -42.1
-27.2  -110.4  1576.8  43.3  -66.8  -64.8
-10.0  -134.4  1506.8  49.1  -75.6  -31.8
-32.8  -129.6  1521.6  52.7  -98.2  -51.0
-99.2  -134.4  1525.2  37.9  -97.6  -2.7
-28.0  -131.6  1518.0  58.4  -83.4  7.3
-12.8  -129.2  1583.6  12.6  -79.3  35.1
-18.0  -139.2  1549.6  -21.1  -81.1  76.4
-27.2  -141.2  1482.4  -49.7  71.2  59.3
-38.0  -174.0  1423.6  19.2  53.7  37.5
-40.4  -150.4  1387.2  94.7  163.5  -9.1
-162.4  -120.8  1459.2  387.9  134.0  -7.8
-88.8  -10.4  1717.6  323.3  92.4  -101.3
-322.4  346.0  3216.8  -1366.1  601.1  -272.6
-615.6  -88.4  3072.0  -2285.3  -452.8  103.6
-711.2  -468.4  1585.2  -2055.3  -1239.6  44.5
-441.2  -740.4  198.8  -1287.8  -1905.1  -506.2
279.6  -792.0  -336.0  -921.6  -1061.3  -827.2
852.4  -719.2  -472.0  504.2  -253.9  -679.8
914.4  -619.6  72.0  1259.9  403.2  -107.3
506.0  -648.4  326.4  1324.4  1162.0  548.2
52.0  -473.6  831.2  2331.9  -41.5  591.0
-374.8  251.6  1630.4  1920.6  152.6  -366.8
-438.4  490.4  3219.6  945.0  837.0  -883.0
256.0  -25.6  3254.4  276.6  369.8  147.6
186.0  72.4  2299.2  -158.2  -241.9  -88.7
280.0  38.4  1411.2  -283.0  -160.7  204.9
92.0  -96.4  1392.8  -29.4  -181.0  190.8
-40.0  -144.4  1433.2  9.1  -206.2  101.7
-23.2  -195.6  1467.2  78.6  0.4  49.7
71.6  -178.8  1533.2  2.9  43.3  -63.3
144.0  -142.8  1589.6  41.3  37.8  -72.7
89.6  -98.0  1516.4  -2.6  -2.9  2.6
70.4  -79.2  1559.6  64.5  -56.6  55.8
45.6  -106.4  1514.4  -36.7  33.3  44.8
24.8  -204.0  1477.2  -8.4  -11.4  -18.8
10.4  -154.4  1528.0  39.7  14.9  -25.2
2.0  -160.0  1593.6  -1.9  -48.6  -53.1
58.0  -127.2  1549.6  39.6  -53.9  -74.8
36.4  -150.4  1507.2  23.7  -77.8  -51.9
-12.0  -176.0  1546.8  4.5  -77.3  -31.6
-18.0  -152.8  1502.4  -31.1  -70.5  -15.2
-28.4  -200.0  1520.8  -47.9  101.6  19.8
54.4  -117.6  1533.2  67.7  75.9  -7.2
18.0  -114.8  1510.4  67.2  -49.7  36.7
-28.0  -148.8  1585.6  104.7  -133.2  52.8
-42.0  -138.8  1557.2  41.6  -84.1  38.1
-3.6  -142.0  1492.0  48.1  -116.7  8.7
13.6  -166.0  1549.2  24.9  -114.8  42.8
-1.2  -161.6  1537.6  -22.3  -84.8  26.1
-20.8  -148.0  1540.8  -3.2  -114.3  7.7
48.4  -135.6  1586.4  22.3  -78.2  32.2
49.2  -141.6  1530.4  4.8  -100.8  63.9
-4.0  -174.0  1456.8  25.5  -37.1  76.4
-13.2  -168.8  1443.2  115.3  -30.7  -14.1
-2.0  -126.8  1447.6  214.4  130.9  6.3
78.8  -92.0  1457.6  301.5  185.1  -53.4
97.2  254.4  2161.2  -317.6  61.6  -219.2
-437.6  29.2  3276.7  -1802.0  789.3  -78.3
-687.2  -325.6  2292.8  -2997.6  -620.4  -85.6
-629.6  -650.8  768.8  -1481.0  -1776.3  -217.5
-54.8  -809.6  -186.8  -672.6  -2326.7  -227.8
440.8  -708.8  -654.4  -318.0  -1381.9  -220.6
793.2  -734.4  -463.2  794.3  486.8  -409.2
597.2  -562.8  158.0  1626.3  1484.2  -256.9
244.8  -619.2  956.4  1726.3  893.8  293.4
-107.2  -184.8  1083.6  1580.8  249.1  234.6
-245.2  147.6  2245.6  1644.7  845.0  -569.1
-411.2  453.2  2678.4  455.7  -502.6  -745.4
52.0  308.0  2276.0  -495.3  109.4  -51.1
337.2  18.4  1744.8  -294.4  -5.2  70.3
148.0  -7.6  1431.2  -81.1  -252.0  181.9
-14.8  -109.6  1438.0  29.4  -261.8  130.1
-149.2  -209.2  1492.0  3.8  -126.2  128.8
-0.4  -228.0  1507.2  -69.1  -47.0  -7.6
105.2  -163.6  1437.6  -46.3  41.1  2.3
134.4  -137.2  1514.4  66.7  -60.2  39.0
70.0  -137.2  1579.6  7.9  -32.4  106.2
28.0  -151.6  1558.4  -0.4  -60.3  94.9
50.8  -183.6  1474.0  -32.6  -27.4  33.9
60.4  -206.0  1488.0  65.3  -28.9  -6.8
24.0  -176.8  1558.8  72.8  -1.3  10.7
34.4  -192.8  1574.8  34.2  -27.9  -33.5
30.0  -164.8  1515.2  21.0  -19.6  -43.6
-5.2  -148.0  1494.4  67.2  -70.9  -54.4
5.6  -183.6  1508.0  38.1  -16.8  -6.5
-19.6  -178.8  1573.2  50.1  -39.0  -44.2
39.6  -165.2  1584.0  15.4  -75.3  -41.0
58.8  -157.2  1511.6  21.6  -113.4  8.1
16.8  -147.2  1529.2  -19.5  -45.7  54.7
-33.2  -187.6  1515.2  -2.2  -37.8  11.6
-5.2  -196.0  1464.8  16.6  -7.3  -32.3
-28.0  -199.6  1546.4  36.5  -18.1  -59.1
12.0  -171.6  1573.2  32.1  -10.1  -58.9
61.6  -177.6  1535.6  43.1  -48.0  -27.6
-9.2  -167.6  1504.8  45.8  -82.0  12.3
-34.0  -155.2  1490.0  40.2  -48.6  17.8
-45.6  -204.0  1551.6  88.2  -43.5  -25.5
6.8  -158.4  1518.8  32.6  -61.5  -34.3
9.6  -165.6  1529.6  2.5  -38.2  11.8
10.4  -169.6  1556.4  -89.6  71.6  14.4
-6.8  -162.0  1524.0  -61.1  21.7  11.2
50.0  -184.4  1547.2  -105.1  98.7  -76.9
-227.6  -107.2  2157.2  -183.6  349.6  -497.2
-449.6  -237.2  3276.7  -1846.6  1027.5  -1081.4
-707.2  -550.8  2034.8  -1816.5  -1176.7  -648.2
-617.2  -378.8  368.8  -897.5  -1525.6  -554.1
111.2  -615.2  -221.6  -86.8  -1689.6  -586.9
524.8  -544.0  -164.8  431.5  -402.3  -381.8
670.0  -618.8  137.2  994.1  204.1  -168.4
560.8  -521.2  350.8  846.5  1061.7  234.2
122.8  -434.4  514.8  1179.1  954.8  781.4
-238.4  -158.4  1256.8  1636.4  249.1  602.3
-755.2  80.0  2676.8  2308.4  -160.7  6.8
135.2  53.2  3210.4  212.4  -100.6  -107.9
1.6  183.2  2440.4  65.7  -421.7  246.8
246.4  98.4  1887.2  -384.7  -24.3  263.0
136.4  15.2  1410.4  -287.4  -251.1  182.7
8.0  -118.4  1405.2  -61.6  -173.9  113.6
-3.2  -133.2  1433.2  -37.7  -54.3  61.7
-8.0  -104.8  1500.4  -2.5  -0.6  22.0
65.2  -119.2  1500.4  -21.4  -2.1  4.4
108.0  -104.4  1528.0  27.1  -20.7  4.0
98.0  -79.2  1513.2  125.3  24.6  30.3
10.4  -100.0  1630.8  167.9  -50.6  69.2
-16.0  -96.0  1542.4  6.9  -20.7  39.5
8.4  -116.0  1452.8  20.2  -33.2  -18.6
12.0  -112.8  1567.6  76.8  -34.9  -61.1
36.0  -102.0  1559.2  41.1  10.6  -98.6
33.2  -69.6  1554.8  122.3  -72.8  -51.5
25.6  -38.8  1548.8  61.9  -84.0  -30.5
-6.8  -36.8  1536.8  37.1  -91.6  25.0
-5.6  -74.0  1495.2  7.4  -82.7  45.9
17.6  -82.4  1524.0  26.5  -61.1  40.2
28.4  -83.2  1552.0  55.6  -71.9  36.4
18.8  -70.4  1525.6  31.2  -54.0  69.6
14.4  -67.6  1514.8  27.4  -39.8  57.0
-20.0  -66.8  1551.2  94.8  -31.4  33.0
-4.0  -69.2  1522.0  61.4  -46.2  -1.5
-1.6  -67.6  1516.0  62.1  -0.3  -59.8
-19.6  -76.0  1550.8  104.9  -49.4  -66.5
20.8  -26.0  1544.8  35.4  -43.6  -65.7
-3.2  -16.4  1513.2  75.7  -43.1  -66.7
-5.6  -16.4  1552.8  94.1  -80.3  -54.2
-6.0  -16.4  1550.4  50.4  -52.0  -15.3
-3.2  -40.8  1546.4  11.4  -67.7  0.2
-6.4  -54.4  1510.0  13.9  -75.5  15.4
-25.6  -54.8  1510.0  56.0  -47.5  12.9
23.2  -28.8  1538.8  66.1  -0.8  24.2
4.4  -13.6  1573.2  70.8  -33.8  41.5
-9.6  -22.8  1562.4  36.1  -35.9  86.2
-25.6  -58.8  1436.0  83.4  19.3  31.3
-30.0  18.4  1438.8  225.6  179.8  -95.3
61.6  419.2  2441.6  -424.9  679.9  -432.6
-689.2  67.6  3276.7  -1005.5  207.4  -241.6
-759.2  -256.8  2266.0  -1620.8  -1272.5  -171.6
-518.0  -334.0  935.2  -1109.6  -1930.1  -25.7
-24.0  -578.4  142.4  -1252.1  -1750.2  -314.1
647.2  -546.4  -348.8  -395.1  -1124.1  -480.2
906.0  -564.8  -70.0  505.3  282.7  -293.9
705.2  -508.4  334.4  1031.1  1082.6  56.4
290.4  -468.8  642.0  1307.7  1047.1  506.3
-252.8  -34.0  1184.4  1734.0  243.5  480.1
-338.8  270.8  2376.4  1503.7  706.3  -285.8
-444.4  114.0  2548.0  2.8  -286.1  -380.2
-26.0  266.8  2110.0  166.9  -69.4  232.1
165.6  73.6  1945.6  -54.7  139.8  175.3
110.4  202.4  1572.8  70.6  -108.9  47.0
108.8  117.2  1482.4  28.0  -111.2  44.7
21.2  49.6  1554.4  244.4  -346.3  78.5
60.8  4.8  1422.0  187.9  -217.6  163.0
92.4  77.6  1523.6  322.8  -271.3  62.2
167.6  111.6  1550.0  -14.1  -2.6  -16.6
143.2  132.4  1564.4  -74.3  31.3  7.9
94.4  84.8  1542.8  -276.4  116.9  61.9
72.0  24.0  1506.8  -143.8  78.1  38.5
42.0  14.0  1500.4  -85.9  50.1  -41.5
-4.8  5.6  1441.6  73.1  -23.2  -98.8
-5.6  33.6  1502.0  76.5  40.2  -121.5
-42.4  72.4  1599.6  105.6  -11.6  -110.5
8.8  86.0  1554.0  -27.4  -15.0  -30.1
36.0  34.4  1510.0  31.7  -26.9  5.2
6.8  23.2  1544.0  94.7  -12.4  -5.1
-26.4  29.2  1652.8  130.7  -78.8  -28.6
-35.2  55.2  1571.2  -15.0  -128.6  20.3
-14.0  18.4  1453.6  -33.0  -132.1  10.3
26.8  8.0  1436.8  33.0  -70.8  22.8
2.4  20.4  1508.4  71.1  -27.4  3.0
-7.6  42.4  1591.6  60.2  -47.2  -29.8
3.2  64.8  1549.6  -10.1  -27.1  -5.4
5.6  49.2  1530.4  19.6  -71.5  -20.6
-8.0  7.6  1468.4  17.0  -104.6  -85.1
-37.6  39.2  1532.8  101.9  -30.8  -77.4
10.4  56.0  1567.6  37.1  19.2  -102.4
10.8  95.6  1584.8  100.1  -104.2  -98.5
-21.6  90.4  1527.2  86.1  -75.9  -19.5
-25.6  87.2  1492.0  73.7  -83.3  15.2
18.4  56.8  1538.0  24.6  -89.1  87.0
-30.8  2.0  1542.0  -3.1  -125.6  79.6
-7.6  43.6  1452.8  -5.2  -54.8  37.7
29.6  64.4  1512.0  59.4  37.4  50.9
201.2  8.4  1493.6  119.0  39.5  -51.4
134.4  270.8  1756.4  -72.0  242.2  -406.3
-524.8  132.0  3276.7  -434.1  452.4  -309.5
-782.4  93.2  2587.6  -2441.7  -1162.6  -153.6
-622.4  -148.4  1096.4  -1868.2  -2243.7  -309.6
-178.8  -308.8  201.6  -1599.4  -2346.5  -543.4
566.0  -411.2  -589.6  -928.1  -474.7  -759.8
992.4  -437.2  -444.8  590.9  -104.8  -312.6
931.6  -287.6  142.0  1539.8  1325.8  87.2
336.0  -282.0  834.0  1995.6  1149.2  834.0
174.4  -71.6  1497.2  1911.5  709.7  648.0
-140.4  168.0  2312.8  1379.0  651.3  -24.1
-156.0  511.6  2230.8  83.7  102.9  -105.4
133.2  271.2  2260.8  -200.2  283.9  345.1
42.4  19.6  1968.4  -272.0  127.1  151.8
176.8  8.8  1448.8  -268.0  -48.2  22.2
154.0  -16.0  1420.4  -3.5  -139.8  28.4
25.6  -26.8  1408.8  131.5  -57.6  47.8
9.2  1.6  1570.4  69.0  22.0  64.0
69.2  -38.4  1598.0  2.6  -5.0  36.4
86.0  -34.0  1554.8  -36.5  -40.1  14.8
-5.2  16.4  1506.8  22.2  -29.0  29.4
2.4  -1.6  1472.4  6.7  1.6  9.1
21.2  -1.6  1493.2  28.8  -24.2  -16.7
31.2  -23.6  1572.0  76.9  -1.5  -25.6
30.0  -21.6  1578.4  32.2  -46.5  -56.3
6.4  -2.8  1552.0  28.7  -54.5  -50.8
10.0  -14.0  1484.8  16.3  -71.2  -36.7
-19.2  -23.2  1526.8  60.2  -76.3  -16.9
9.2  -20.0  1575.6  17.2  -59.6  -34.1
56.0  -47.6  1568.0  -8.4  -57.4  25.2
-20.0  -22.8  1529.6  8.3  -82.0  46.1
-9.2  -34.4  1504.4  7.1  -58.8  20.6
31.6  -3.6  1563.6  3.1  -63.9  49.6
48.0  -65.2  1585.2  17.4  -68.0  77.6
-6.4  -72.8  1522.0  27.1  -77.6  50.6
-33.6  -92.4  1520.8  24.7  -70.8  28.5
-14.0  -81.6  1505.2  18.7  -57.6  -40.0
21.2  -16.4  1544.4  69.9  -62.1  -65.1
72.8  0.4  1606.4  36.8  -96.5  -7.1
41.6  -40.0  1523.6  -72.4  -119.8  48.5
46.0  -106.0  1536.8  -127.7  -89.7  136.3
-7.6  -146.0  1636.0  -167.5  -188.1  35.1
38.8  -136.0  1511.2  -173.1  -226.8  -29.4
87.2  -155.6  1366.0  -123.2  -42.0  0.5
28.4  -82.8  1320.4  183.1  123.5  32.6
-16.8  -38.8  1637.6  441.7  142.4  -7.9
14.4  -51.6  1629.2  103.4  41.8  34.6
-18.4  -42.8  1490.0  184.6  120.0  4.3
-63.2  17.6  1709.2  504.3  175.0  -243.5
138.0  349.6  3276.7  -749.1  286.3  -603.9
-422.0  39.6  3080.0  -1810.7  -1218.4  53.9
-654.0  -285.2  1344.0  -1862.7  -1813.3  6.4
-268.0  -414.0  -149.2  -1623.2  -1650.7  -634.1
468.0  -442.4  -724.8  -46.8  -754.1  -614.5
726.4  -456.0  -182.0  1061.3  329.8  -411.5
845.6  -272.8  323.6  1205.2  1206.0  -164.5
377.6  -274.0  630.8  1624.1  974.8  842.9
-11.2  230.8  1511.6  1601.5  415.5  382.2
-314.4  325.2  2665.6  1817.4  203.6  106.3
-254.4  154.4  3213.2  -213.8  -316.1  -27.8
244.0  187.6  2412.0  -461.9  -337.2  429.8
270.0  -24.8  1706.4  -506.3  -53.2  249.1
160.0  -24.4  1368.0  -415.6  -250.4  125.1
143.6  -62.8  1311.2  -166.2  94.1  79.1
94.8  -108.8  1381.6  -173.5  136.2  4.2
157.2  -135.6  1552.8  -64.2  122.6  -58.5
128.4  -126.4  1532.8  -24.1  34.2  -26.2
164.0  -136.4  1572.0  44.2  -15.4  -14.3
83.6  -108.4  1524.0  -123.5  14.4  27.5
32.8  -162.0  1407.6  -227.9  87.2  1.7
62.0  -185.6  1428.4  36.6  -66.0  -99.5
68.0  -179.6  1511.6  -73.3  74.8  -91.9
85.2  -213.2  1550.0  96.5  -20.0  -131.7
69.6  -210.0  1602.8  -1.7  29.6  -39.4
60.8  -175.2  1558.0  52.0  -143.8  -70.3
-17.6  -193.6  1518.4  31.0  -34.6  -22.6
22.8  -189.2  1547.6  -15.0  -77.2  -53.7
14.4  -227.2  1521.6  -56.2  -113.0  -65.8
3.2  -204.8  1499.2  -48.6  -127.0  -88.1
30.4  -193.6  1551.2  -45.1  -102.0  -91.4
52.4  -265.6  1558.8  -60.1  -113.2  -123.7
114.8  -284.0  1494.0  48.6  -76.3  -101.7
123.2  -317.6  1464.8  -32.8  -13.1  -48.3
70.4  -309.2  1506.8  -6.2  -45.5  -36.6
-1.6  -282.0  1483.2  -44.0  -80.8  -52.2
26.0  -233.6  1539.6  -48.0  -156.4  -51.4
108.8  -246.4  1535.6  -39.6  -99.5  130.2
-86.4  -168.8  1663.2  -76.8  -101.4  68.2
192.8  -306.4  1295.6  -99.6  -141.7  -135.4
180.0  -412.8  1494.4  228.2  -233.7  -0.7
74.8  -388.4  1700.0  97.2  -17.2  -13.2
145.6  -315.6  1506.0  13.0  -89.4  -164.4
158.4  -271.6  1403.2  183.2  -18.2  -148.3
91.2  -260.8  1408.0  253.8  25.0  -112.2
25.6  -208.8  1415.6  316.8  15.7  -48.6
18.4  -168.0  1395.6  263.3  252.5  -21.8
156.8  -121.2  1330.0  514.1  560.6  6.6
177.2  -198.4  1276.0  599.0  815.6  83.7
-326.4  256.4  2372.4  540.3  156.6  -190.9
-408.4  291.6  3276.7  -1105.7  -41.8  -132.1
-945.2  -29.2  2524.8  -2002.0  -1397.4  -130.3
-672.0  -331.6  1031.6  -1526.1  -1902.4  99.4
-199.2  -397.2  -460.0  -1453.5  -1425.7  -231.6
670.0  -573.2  -556.0  127.4  -591.1  -366.1
948.0  -596.4  -134.0  990.7  132.6  -250.4
776.4  -371.6  239.2  1408.8  1046.7  -14.4
78.8  -148.4  704.8  1942.0  511.1  512.6
-4.8  346.4  1833.6  1844.0  549.5  26.8
-453.6  356.0  1873.2  676.9  240.7  -246.5
395.6  401.6  2537.6  -188.2  788.9  194.6
37.2  -88.0  2120.8  -180.8  -238.6  81.7
50.8  -49.6  1411.2  -323.7  -213.3  96.8
29.2  -80.0  1505.2  -282.9  -97.6  22.4
79.2  -69.6  1471.2  -308.3  -108.9  42.0
48.8  -176.0  1622.4  168.4  -150.2  -10.1
254.4  -109.2  1702.8  -64.0  -99.1  -202.3
244.8  -16.8  1534.4  -334.3  -188.0  -110.1
66.4  73.6  1346.0  -419.4  -70.9  151.3
36.4  -76.0  1520.4  -67.4  -182.1  323.4
94.8  -298.8  1421.2  -64.8  -60.0  364.5
12.4  -518.0  1584.4  213.7  -4.0  243.5
65.2  -394.4  1776.0  -180.0  91.7  120.0
34.4  -241.2  1632.4  -102.1  -171.0  -38.9
122.8  -183.2  1515.2  -154.5  -57.2  37.9
114.0  -206.8  1413.2  24.7  -247.1  26.8
86.8  -266.0  1406.0  139.2  -108.4  12.6
75.6  -260.0  1582.0  127.9  -36.8  -33.0
70.4  -243.2  1551.2  -13.5  0.4  -18.7
132.4  -207.2  1484.0  8.1  -13.7  -72.5
156.4  -238.4  1554.8  68.3  -40.1  -79.7
132.0  -226.8  1555.6  5.1  -38.7  -48.4
124.8  -278.8  1548.0  22.4  -82.4  -65.5
125.2  -209.6  1514.4  60.6  -91.3  -36.3
132.8  -186.4  1468.4  13.4  -93.8  16.4
140.0  -250.8  1556.8  84.2  -51.6  89.6
52.0  -241.2  1446.4  86.7  -28.2  46.4
34.4  -218.4  1428.4  160.1  61.9  -24.8
66.8  -213.2  1553.6  176.8  62.8  -55.7
84.0  -196.0  1596.0  115.3  18.7  -38.6
124.8  -217.2  1622.8  25.6  -12.7  -40.1
62.0  -156.0  1558.8  63.4  -105.5  -34.9
48.0  -139.2  1465.2  29.4  -47.1  -3.8
70.8  -167.2  1451.6  99.5  33.4  5.8
26.0  -233.2  1562.0  258.2  69.2  20.4
107.2  -115.6  1373.6  -21.9  239.4  -115.3
-57.6  5.2  1500.4  152.4  188.7  -147.7
-205.6  -98.8  3220.0  -539.6  511.6  -656.7
-242.4  -104.4  2662.0  -1336.6  -786.9  -554.9
-313.6  -344.4  1782.8  -967.9  -1583.9  -210.2
-177.2  -551.6  1005.2  -1249.8  -1682.0  126.3
215.2  -604.4  -109.2  -1167.5  -1333.2  -353.8
702.0  -630.4  -305.2  -335.8  -669.6  -494.4
933.2  -456.0  -162.4  781.1  568.2  -175.1
634.4  -400.8  374.8  1739.5  1289.9  353.5
194.4  -315.6  1004.4  1657.3  1107.4  548.9
-428.0  0.0  1562.8  1736.8  570.1  277.3
-175.6  -144.8  3100.4  700.5  1267.6  -181.3
195.2  -277.6  3208.8  216.2  252.9  342.0
185.2  -6.0  2146.8  -319.3  -374.5  395.7
136.0  -36.8  1436.8  -407.5  -53.7  330.7
44.4  -110.4  1398.8  125.6  -372.2  189.0
-31.6  -225.6  1483.2  -165.2  -81.2  180.6
50.0  -338.4  1483.2  -118.6  3.2  86.9
100.0  -266.0  1492.8  35.4  54.4  11.0
125.2  -196.0  1494.0  -22.1  44.6  9.3
43.2  -224.0  1580.8  17.7  -96.0  -18.4
37.2  -242.8  1547.6  55.5  -40.1  17.9
70.4  -173.6  1416.0  57.1  7.3  -33.1
87.2  -209.2  1485.2  46.9  5.7  1.9
0.4  -210.0  1593.6  114.9  -26.4  -12.4
20.4  -206.4  1583.6  -27.8  -38.7  -13.1
-22.0  -200.8  1484.8  23.9  -58.9  -2.0
5.6  -198.4  1506.0  57.6  -109.4  -21.6
21.6  -196.8  1510.0  18.3  -110.2  -2.8
47.2  -212.8  1528.0  30.6  -63.0  43.3
12.8  -233.2  1528.4  32.5  -147.7  4.3
3.6  -222.4  1470.4  36.4  -95.6  10.0
41.6  -242.8  1505.2  136.0  -86.6  -28.7
64.0  -182.4  1538.8  55.9  -33.0  -20.8
60.0  -178.8  1465.6  58.0  -30.5  -4.5
24.8  -188.8  1506.0  126.9  11.7  0.1
-5.6  -203.6  1593.2  62.4  -108.9  -51.1
11.6  -164.4  1507.2  -24.4  -56.9  -30.7
34.8  -160.8  1534.8  43.0  -94.3  -17.8
36.0  -168.0  1505.6  70.1  -77.6  5.4
16.8  -147.2  1511.6  82.5  -62.6  5.8
0.0  -170.4  1561.6  57.9  -74.8  4.5
45.2  -183.2  1498.0  47.8  -12.7  -4.7
116.0  -78.4  1394.8  168.5  67.0  -112.3
321.6  -49.6  1786.0  -355.6  425.0  -188.8
-581.2  -151.2  3276.7  -823.1  216.5  -376.6
-462.8  -403.2  2430.8  -2457.0  -697.3  -158.0
-597.6  -510.8  1244.0  -1388.9  -1832.8  -163.4
-162.8  -1181.6  816.0  -1589.0  -1633.8  14.9
273.2  -635.6  -503.6  -1223.0  -1500.4  -517.6
757.2  -676.0  -510.4  250.9  -522.5  -476.1
817.2  -562.8  -92.0  1418.2  911.3  78.1
560.8  -523.6  587.6  2122.7  982.5  330.2
74.0  -274.0  960.0  2427.2  890.5  612.0
-343.6  -212.0  2023.2  2286.7  570.9  -204.9
-308.4  230.8  2293.2  579.6  1464.7  -405.0
-231.6  145.2  2429.2  246.0  232.3  -107.8
162.8  122.0  2145.2  -160.1  -238.2  -46.5
63.2  -54.4  1507.2  -441.4  -234.5  68.9
-32.4  -112.0  1432.0  -20.3  -388.3  -13.5
-57.6  -185.2  1411.2  -166.6  -152.0  11.6
-34.4  -249.6  1482.0  -151.0  108.9  -114.8
112.8  -231.6  1412.8  -147.3  82.1  -73.4
149.2  -220.0  1464.4  55.3  -69.6  -106.8
76.8  -206.8  1546.4  91.6  -25.5  19.0
6.4  -268.4  1618.4  55.2  -112.0  36.2
34.0  -246.0  1490.4  -77.8  -40.1  19.3
24.4  -234.8  1463.6  62.5  -207.2  20.5
15.2  -246.4  1451.6  55.5  -132.2  16.0
64.0  -280.0  1478.8  118.3  -133.7  14.3
49.2  -254.4  1510.8  139.2  -74.6  4.1
36.8  -240.8  1534.8  50.0  -8.9  -32.8
23.6  -234.8  1568.0  78.3  -41.5  -56.1
18.4  -196.0  1522.8  9.9  -5.0  -28.8
30.8  -212.8  1523.2  9.9  -50.5  -11.4
26.8  -233.2  1567.2  105.2  5.3  15.3
25.2  -223.2  1520.8  -15.3  -70.5  -3.0
48.0  -203.2  1471.2  24.4  0.0  47.1
14.8  -214.4  1566.8  19.4  -75.4  3.0
5.2  -213.6  1532.4  -25.8  -44.0  20.1
2.0  -232.4  1528.4  73.6  -110.1  -20.8
10.4  -206.0  1549.2  9.4  -62.2  -32.9
20.4  -202.4  1495.6  30.6  -42.2  -35.8
22.0  -204.4  1559.2  60.4  -59.4  -22.4
12.4  -220.0  1539.2  11.0  -56.4  -7.7
-13.2  -224.4  1508.0  40.0  -78.0  -21.5
16.4  -184.8  1525.2  32.1  -59.7  -11.8
41.2  -229.6  1496.4  139.1  21.1  31.4
46.8  -152.8  1369.2  184.7  61.7  -27.5
48.8  -108.0  1526.8  414.4  274.6  -155.7
-60.8  124.4  2812.4  -40.6  123.8  -331.4
-456.8  72.4  3276.7  -2507.5  247.6  -292.0
-585.6  -374.8  1753.6  -2375.5  -1600.3  -4.4
-454.8  -590.4  691.6  -2131.0  -2121.3  -148.3
3.2  -772.0  -352.0  -2060.2  -1360.8  -371.7
640.4  -855.2  -858.0  -130.3  -661.9  -608.9
809.6  -710.4  -451.2  1519.3  769.6  -108.5
574.8  -786.8  177.6  2153.9  1523.2  163.9
119.2  -471.6  595.2  2488.6  751.9  407.4
-291.2  315.6  1828.0  3148.2  115.8  -28.6
-139.6  649.6  2851.6  882.8  696.7  -842.7
312.8  -130.0  3276.7  205.7  220.3  -19.0
392.0  -143.2  2309.6  -626.2  -351.1  530.4
168.0  -237.6  1380.0  -378.2  -67.9  551.3
3.2  -338.8  1385.2  -220.2  99.2  284.4
-42.8  -306.4  1442.8  -130.8  107.6  33.2
-16.8  -247.6  1478.4  -136.5  40.6  -220.1
142.8  -239.6  1558.8  -164.8  21.8  -243.9
192.8  -230.8  1511.6  -116.5  -55.8  -154.1
154.8  -306.0  1499.6  35.5  -45.6  41.7
52.4  -346.4  1513.6  88.7  43.2  70.2
5.6  -286.8  1440.8  63.8  36.5  51.0
40.8  -269.2  1546.0  109.4  7.8  28.0
32.0  -272.4  1582.0  18.5  -40.9  11.6
59.6  -292.8  1510.8  -20.4  -70.7  28.8
2.8  -295.2  1454.8  52.1  -58.4  35.3
13.2  -270.4  1532.8  78.1  -128.0  -23.9
20.8  -287.6  1536.8  56.2  -73.9  -1.2
12.8  -262.8  1515.6  46.5  -78.7  11.6
56.0  -305.2  1548.0  45.2  -64.6  7.2
56.0  -302.8  1552.0  28.2  -89.1  -1.3
31.6  -245.6  1483.2  -10.9  -64.3  37.1
34.0  -276.8  1512.4  7.7  -69.4  22.8
8.8  -292.8  1489.2  52.7  -91.1  4.9
11.6  -296.4  1545.2  5.5  -38.8  14.8
13.6  -269.6  1489.2  -7.0  -97.7  -22.7
37.2  -285.2  1502.0  42.9  -58.0  -10.5
29.2  -280.4  1482.0  79.1  -48.6  -0.8
26.8  -289.6  1561.6  84.3  -63.9  1.7
35.6  -276.4  1511.2  24.1  -67.2  10.2
36.8  -288.4  1483.6  52.4  -40.9  12.1
34.8  -282.8  1500.4  52.5  -19.6  -27.2
48.8  -225.2  1450.0  71.2  83.6  -39.4
133.2  -246.8  1624.4  -79.0  387.6  -86.1
-504.8  -203.6  2949.2  -294.8  285.0  -569.6
-628.0  -316.0  3276.7  -3233.9  -112.2  -817.7
-234.4  -382.4  583.6  -2368.8  -2280.8  -184.0
-307.2  -678.4  213.2  -542.4  -1801.3  -98.9
456.0  -849.2  -516.4  -672.4  -1096.4  -661.1
808.8  -787.2  -479.6  820.4  36.0  -273.5
746.0  -644.0  59.2  1771.7  930.9  118.8
326.8  -622.4  548.4  2261.6  1395.8  665.1
6.4  -216.8  1115.2  3067.5  549.3  375.0
-553.2  182.4  2110.8  2471.2  643.2  50.1
-536.8  300.4  2614.0  244.9  323.4  -821.3
-224.8  374.4  2211.6  914.5  -554.3  -1.7
-63.6  271.6  2104.4  -142.5  -50.0  -30.9
45.6  162.8  1539.2  -430.2  -105.5  158.1
-40.0  86.0  1479.6  -9.4  -312.9  140.7
-102.8  -3.2  1468.0  -201.2  -137.4  145.6
-76.4  -48.8  1430.4  -99.1  -38.7  92.0
-19.2  -58.8  1478.4  6.5  4.0  22.6
-12.0  -34.8  1522.8  71.1  -0.7  -3.6
-88.4  15.2  1567.6  147.4  -55.0  -21.0
-41.2  65.6  1504.8  -126.6  -33.8  -18.4
-8.8  -2.0  1482.8  32.1  -59.6  34.0
-76.0  -18.4  1556.4  39.5  -63.7  4.3
-56.0  10.0  1544.8  -40.7  -74.0  -14.8
-43.2  -4.0  1454.0  10.7  -0.9  13.3
-56.4  -20.8  1529.6  28.6  -58.9  -0.4
-72.4  -50.8  1554.0  40.2  -17.1  5.7
-82.4  -28.4  1562.0  51.3  1.7  -19.1
-87.2  -12.4  1547.2  29.5  -87.9  -14.5
-74.4  -22.8  1522.0  22.5  -72.2  -13.2
-101.6  -9.6  1492.8  1.3  -23.6  -31.0
-70.0  -2.0  1513.2  118.2  12.4  -16.4
-82.4  -16.8  1510.4  13.1  -45.3  -46.1
-74.4  16.0  1532.8  35.6  9.4  42.9
-87.6  -8.8  1662.4  -22.6  -101.4  15.5
-72.4  -23.6  1508.4  -70.1  -78.4  34.0
-99.2  -39.2  1532.8  46.0  -83.8  60.9
-114.8  -56.4  1536.0  13.1  -59.5  10.1
-111.6  -45.2  1497.2  2.2  -41.9  -6.1
-54.8  -34.8  1528.0  51.4  -41.7  -32.9
-82.8  -19.2  1568.8  71.3  -22.9  -27.0
-89.2  -39.6  1488.8  24.1  -50.0  -34.8
-76.8  -54.4  1500.4  117.0  34.5  -18.7
-39.2  39.2  1473.2  90.4  35.6  -81.7
-17.6  120.0  1707.6  -281.5  225.3  -119.4
-309.2  224.0  2825.6  -762.1  244.4  -92.5
-577.2  -72.0  3016.8  -3004.0  473.8  -486.1
-862.0  -466.4  1771.6  -1416.1  -2302.6  190.4
-668.0  -523.2  1050.4  -1948.9  -1427.6  -306.9
153.2  -643.2  -574.8  -1796.3  -1289.0  -509.1
694.8  -903.6  -717.6  -681.9  -643.1  -782.6
1021.2  -819.6  -329.2  1051.3  556.8  -248.5
731.6  -630.0  392.4  1818.0  1356.0  -38.8
344.0  -711.6  774.8  1805.3  1129.1  690.4
-45.6  -114.8  869.6  1911.4  318.2  546.0
-441.6  35.6  1862.4  1938.5  546.5  -65.6
-244.8  29.6  2932.8  836.4  -287.4  -232.6
-134.8  435.2  2568.8  448.8  -522.6  -43.4
93.6  91.2  2132.4  -360.6  -240.5  320.0
164.4  -101.2  1512.0  -398.0  -136.7  149.8
32.8  -64.4  1296.4  -55.5  -86.4  157.9
-67.6  -140.0  1452.8  98.0  -143.6  110.2
4.4  -199.6  1473.6  -84.2  15.3  -35.3
72.8  -139.6  1521.2  23.8  57.6  -60.6
84.8  -139.6  1594.4  80.9  1.6  -84.3
21.6  -50.0  1590.4  68.8  -123.5  -45.0
66.0  -139.6  1521.2  -37.9  -91.4  1.7
44.4  -152.0  1486.0  32.3  -39.4  21.7
12.4  -144.8  1587.6  24.1  -40.3  -51.2
9.6  -140.4  1510.8  -16.6  -37.4  -23.2
8.4  -135.6  1582.8  97.8  -125.4  -20.4
46.8  -142.0  1549.2  -58.4  -59.4  -4.7
46.4  -142.0  1478.0  11.2  -78.0  8.4
16.8  -150.4  1524.0  45.9  -26.2  18.4
25.2  -147.2  1554.0  19.5  -58.2  17.3
32.0  -174.8  1548.8  4.8  -56.5  30.0
31.2  -173.6  1532.0  69.9  -32.4  28.3
-19.6  -121.2  1499.2  10.0  -55.5  -11.9
15.2  -130.8  1526.4  75.4  68.7  61.8
-7.6  -144.8  1561.6  58.6  -23.9  -4.0
-6.4  -159.2  1496.4  0.1  -33.0  -27.5
-8.4  -142.0  1551.2  89.7  -57.5  -65.7
-40.4  -118.4  1532.0  69.6  20.7  -67.3
-22.8  -104.8  1538.4  86.1  12.6  -53.3
-9.6  -106.0  1562.4  60.8  -27.8  -25.4
-3.2  -91.6  1524.8  28.2  -68.1  20.0
-37.2  -121.6  1493.6  17.5  -52.4  76.3
-35.2  -143.2  1482.4  133.6  39.3  30.5
-60.4  -69.2  1292.4  253.8  379.5  -31.7
-52.4  94.8  1631.2  38.7  234.5  -133.8
-302.0  110.4  3276.7  -977.0  249.9  -11.5
-704.0  -6.0  3223.6  -3276.8  323.1  -66.3
-701.6  -520.8  1499.6  -2917.0  -2270.3  -17.1
-568.0  -839.2  131.2  -2445.0  -1446.6  -286.5
314.4  -626.4  -1002.4  -1371.1  -936.3  -807.8
848.8  -951.6  -424.0  630.8  -71.0  -901.3
927.6  -727.2  -22.8  1450.4  827.9  -494.7
585.2  -713.2  277.6  2361.6  902.0  447.4
176.4  -442.4  1032.8  3276.7  326.3  488.6
-250.8  397.6  1992.8  2770.3  530.1  -35.7
-243.6  212.8  2388.4  249.6  1126.1  -86.5
-422.4  -130.8  2475.6  1065.4  -213.4  361.8
-170.4  -269.2  2189.2  -510.6  -121.4  25.3
-24.4  -234.4  1409.2  -643.7  -135.5  -61.8
-54.4  -197.2  1279.6  -250.9  -200.1  -185.3
-42.4  -186.8  1278.4  -3.0  54.4  -140.6
23.2  -222.4  1518.0  361.8  130.5  -129.1
56.8  -253.2  1671.6  73.2  125.6  -17.3
-50.8  -207.2  1555.6  40.1  -40.4  -14.8
-73.2  -236.0  1467.2  52.9  -8.4  4.6
-85.2  -190.8  1441.2  154.7  75.1  -35.8
-91.2  -206.4  1522.8  164.0  49.4  -31.7
-94.4  -164.0  1534.4  116.9  113.1  -6.7
-95.2  -129.6  1543.6  3.8  24.9  -9.6
-79.2  -166.4  1524.8  21.9  -21.8  35.4
-131.2  -194.8  1486.4  72.2  -114.6  -21.5
-160.8  -227.2  1532.0  74.9  -53.1  6.8
-127.2  -203.2  1481.2  0.1  -14.5  -31.7
-114.0  -169.6  1534.8  -3.6  -33.7  -7.9
-106.8  -167.6  1545.6  29.4  -114.4  -13.3
-137.2  -184.8  1542.0  20.5  -67.7  20.2
-142.8  -174.0  1475.6  47.0  -103.5  15.6
-116.8  -174.0  1492.0  -27.4  -124.0  36.8
-161.2  -191.6  1489.6  -37.5  -50.3  92.6
-166.4  -214.4  1467.6  4.2  -72.9  18.1
-129.2  -213.2  1514.8  -12.2  -20.6  3.7
-139.6  -198.8  1480.4  78.1  -96.9  -58.9
-138.8  -193.6  1538.8  76.0  -44.5  -63.9
-127.6  -203.2  1527.6  49.3  -41.4  -42.5
-141.2  -185.2  1525.6  64.6  -63.9  -42.5
-156.8  -184.0  1506.4  60.2  -73.7  -18.8
-149.2  -200.0  1538.4  75.5  -31.6  -7.1
-122.8  -157.6  1548.0  121.6  -51.2  -33.0
23.2  -96.4  1755.2  -333.2  -194.3  87.0
-356.0  -45.2  2143.6  -1269.7  56.5  241.5
-571.2  -372.4  3072.8  -2643.1  -82.2  -192.3
-646.0  -744.0  1912.8  -3092.3  -1357.3  -211.4
-445.2  -870.4  603.2  -1820.5  -1976.7  -317.8
192.8  -817.2  -698.0  -1452.9  -1551.8  -604.0
820.4  -986.4  -747.2  256.8  -152.7  -757.2
836.0  -860.0  -329.6  1711.6  409.2  -178.8
648.4  -778.0  227.6  2206.6  1116.5  212.5
74.0  -560.4  787.2  3276.7  529.8  377.0
-228.0  -198.8  1739.2  2646.2  741.4  -531.1
-150.8  105.2  2480.4  1341.1  1035.3  -870.9
115.6  52.8  2624.0  1221.6  609.3  20.7
-92.0  215.6  2618.0  301.2  -3.2  -126.8
52.8  96.0  1651.2  -708.6  105.3  96.7
-69.6  7.2  1389.6  -113.3  -287.2  66.1
-82.0  -111.2  1455.6  -196.1  -82.2  111.1
-80.4  -152.4  1461.6  22.5  -103.9  -19.6
35.6  -86.4  1510.8  37.9  3.9  -1.7
32.4  -75.2  1524.8  70.8  -71.4  21.6
-43.2  -49.6  1506.4  169.5  -88.1  72.1
-48.8  -54.4  1555.2  -39.4  -100.2  -11.8
-9.2  -78.0  1546.8  -3.1  74.9  63.9
-26.8  -44.0  1531.6  38.8  -56.5  -22.0
-68.8  -41.6  1548.8  -14.2  38.1  69.1
-41.2  -68.0  1504.8  8.7  -41.8  13.5
-37.2  -106.0  1524.4  35.7  -60.5  -0.9
-67.6  -114.4  1607.6  68.9  -97.6  -40.3
-63.6  -46.8  1516.8  13.1  -122.7  -98.2
-6.4  -42.4  1508.8  41.0  -61.8  -13.8
-36.0  -90.0  1594.4  1.1  -67.4  3.9
-32.4  -111.6  1600.8  49.5  -55.2  5.6
-51.6  -99.6  1528.0  60.7  22.6  17.3
-63.2  -47.6  1487.2  6.3  -192.5  -105.3
-48.8  -42.0  1486.4  8.5  18.3  67.4
-81.2  -67.2  1571.2  29.6  -83.5  31.1
-87.2  -92.4  1497.6  10.5  -92.5  2.3
-72.8  -120.8  1498.0  44.9  -86.6  -46.3
-48.4  -101.6  1505.2  71.2  -48.3  -60.6
-23.6  -40.4  1562.4  42.8  -10.9  -12.3
-41.2  -74.8  1570.0  -13.0  -87.1  27.9
-79.6  -88.8  1534.8  21.5  -72.2  40.7
-88.8  -110.8  1498.8  70.2  -33.0  13.4
-20.4  -33.6  1393.6  27.9  -68.0  -70.2
-41.2  -81.6  1496.8  93.1  79.1  90.4
-31.2  -48.0  1518.4  120.7  147.9  18.6
47.2  176.8  2051.2  -280.3  206.0  -359.9
-380.0  396.4  3276.7  -2845.6  729.2  -228.0
-1048.8  -502.4  2291.6  -2817.8  -1806.7  169.0
-635.2  -694.0  577.6  -2070.0  -2078.0  -116.3
271.6  -643.6  -870.4  -867.4  -2069.6  -328.6
643.6  -886.0  -710.0  -58.1  -427.9  -612.4
786.8  -608.8  -470.0  1390.3  884.4  -587.8
377.6  -537.6  234.8  2525.8  1259.8  54.3
309.6  -368.0  1232.4  2550.4  765.1  109.9
-262.4  274.8  2116.4  2324.8  606.8  -234.9
-6.0  464.0  2664.4  770.3  861.1  -159.0
106.8  217.6  2459.2  239.0  427.1  334.3
190.4  -59.2  1981.2  -487.5  17.1  259.4
76.8  -108.4  1221.2  -467.2  55.0  178.2
-5.6  -168.0  1393.6  125.1  -123.5  5.5
-75.6  -180.8  1599.6  -79.3  126.4  -99.3
11.6  -220.8  1605.2  -215.7  257.3  -136.8
25.2  -215.6  1446.0  -47.9  22.6  -138.3
31.6  -253.6  1530.4  91.9  11.7  -105.8
-70.0  -138.8  1584.0  59.5  -46.9  -21.3
-58.8  -142.4  1555.6  -97.2  -40.1  27.2
-41.2  -215.6  1461.6  -98.2  61.5  31.7
-77.6  -273.6  1590.8  79.1  -148.9  28.8
-53.2  -258.8  1551.2  -9.5  -112.1  14.1
-25.2  -254.0  1458.4  -123.2  -118.8  8.7
-38.0  -302.0  1442.4  -55.7  -151.2  4.9
-47.2  -262.8  1481.2  77.6  -83.0  -28.1
-4.8  -247.2  1507.6  62.0  -60.3  -34.5
12.0  -234.0  1506.4  124.5  -213.7  5.3
72.4  -245.2  1512.8  97.4  -166.9  84.3
-10.4  -242.4  1473.6  187.1  -41.0  151.8
43.6  -225.2  1600.0  142.1  -25.6  71.2
-10.4  -204.4  1518.4  65.1  -39.1  82.4
14.4  -192.4  1570.8  83.7  -90.4  62.0
8.4  -141.6  1517.2  -31.7  -125.7  30.2
25.2  -179.2  1524.8  57.4  -85.9  59.0
-2.8  -223.2  1594.8  102.2  -89.4  33.1
25.2  -192.8  1495.2  34.7  -6.4  33.6
3.2  -181.6  1502.8  68.1  -52.2  28.7
6.0  -164.0  1537.2  59.9  -38.3  12.6
19.2  -183.6  1486.8  71.9  -75.4  27.3
51.6  -120.0  1420.0  85.9  3.7  -35.1
168.8  -167.6  1414.4  341.8  181.1  76.6
167.6  -97.2  1632.8  567.5  327.9  -212.8
-552.8  302.4  3276.7  -684.4  -478.7  -484.7
-748.4  -15.6  3276.7  -2977.1  -750.1  39.9
-766.4  -275.6  920.8  -2989.8  -1973.3  -83.6
-46.8  -371.2  -646.4  -1685.3  -1520.0  -236.3
655.6  -872.8  -824.8  -35.5  -936.2  -423.0
963.2  -841.2  -594.8  1342.3  512.0  -207.6
761.2  -716.0  220.8  1802.9  1177.9  7.5
128.4  -611.2  729.2  2177.2  816.6  288.1
-38.4  -84.4  1454.0  2221.5  428.1  112.0
-282.8  178.8  1938.0  1576.0  589.7  -194.6
17.6  15.6  2877.2  1740.4  106.4  -335.6
-194.8  30.4  2539.6  464.2  388.1  66.7
-59.6  211.2  2219.2  -292.5  57.5  151.3
-102.0  181.6  1470.0  -662.2  -106.4  19.2
-31.6  -17.2  1356.4  -400.9  -494.1  16.3
-6.4  -179.2  1363.6  -348.1  -297.8  1.0
97.2  -213.2  1278.0  -158.7  -69.3  0.5
75.6  -181.2  1368.4  108.6  37.8  -14.9
32.8  -183.2  1610.8  235.4  23.8  -34.0
70.0  -129.2  1626.0  25.9  -111.8  23.9
15.2  -132.0  1492.8  -33.9  -20.7  43.9
0.8  -154.0  1538.8  43.7  -73.0  9.9
23.6  -175.2  1499.6  -77.7  13.3  2.3
17.6  -173.2  1511.6  73.3  -34.2  -43.0
41.2  -196.0  1530.4  2.2  -25.5  -28.2
18.8  -172.8  1502.8  71.6  -49.8  -51.2
-4.0  -173.6  1499.2  68.0  -31.8  -44.7
-15.2  -169.6  1592.8  72.1  -67.0  -43.8
23.2  -172.8  1562.8  28.0  -46.0  -29.5
3.2  -176.0  1486.0  65.7  -62.0  -21.0
16.4  -140.4  1491.6  61.9  -49.7  54.7
-25.2  -162.8  1530.4  0.5  -16.9  31.0
-24.4  -173.2  1561.2  -13.8  -31.1  29.4
-11.2  -148.4  1531.6  18.9  -108.1  -34.7
-2.8  -156.4  1508.4  -1.7  -59.7  -16.9
-13.2  -178.8  1489.2  23.2  -98.7  -33.0
-20.0  -158.8  1527.6  43.1  -55.6  -19.2
-6.4  -150.8  1548.0  43.3  -60.1  -16.2
-6.8  -130.8  1533.2  44.6  -63.3  10.2
-14.8  -173.6  1490.4  63.0  -45.6  6.8
85.6  -108.8  1492.4  110.3  26.7  9.0
234.8  -86.4  1472.4  21.4  105.4  -45.3
-317.2  238.4  2696.8  -304.6  38.1  -239.4
-579.6  14.0  3276.7  -2668.9  211.0  66.4
-592.0  -422.8  1345.6  -2882.3  -2047.6  -52.3
-342.0  -642.4  590.0  -1801.7  -2129.7  349.8
105.6  -716.0  -690.4  -1884.6  -699.7  -612.7
786.4  -956.4  -643.2  -19.2  -115.4  -794.3
918.4  -808.8  -266.0  1272.4  882.2  -318.9
718.8  -697.2  249.6  1489.4  1325.6  125.1
239.6  -405.2  637.2  1735.3  774.2  682.6
-505.2  -188.0  1446.4  1952.0  905.2  217.4
-374.8  45.2  3035.2  2383.9  139.1  -96.6
22.4  98.4  3063.2  72.0  341.3  13.4
173.2  -156.8  1927.2  -500.2  -97.2  53.8
198.8  -142.8  1224.8  -341.1  -236.8  120.1
46.0  -214.4  1278.4  102.2  -398.3  72.8
-25.6  -303.2  1377.2  43.0  -125.2  39.8
138.4  -230.0  1527.6  45.1  67.1  -89.6
93.2  -244.8  1681.2  22.2  -106.4  9.1
37.6  -237.2  1492.4  -110.8  -56.8  34.3
41.6  -278.4  1400.8  23.9  9.0  78.0
34.4  -284.0  1486.8  137.7  -95.3  -2.5
44.8  -300.4  1557.6  117.8  -52.0  -0.8
106.8  -291.2  1531.6  9.2  -28.0  -73.5
92.4  -330.0  1542.0  58.3  -27.3  -72.3
10.0  -264.0  1520.0  2.8  -29.8  -118.0
22.0  -212.0  1526.0  -1.5  17.1  -101.0
56.0  -230.4  1521.6  35.2  -25.4  -26.4
35.6  -221.2  1571.2  84.5  -78.2  21.4
42.4  -216.8  1499.6  17.0  -82.8  44.8
46.4  -296.8  1492.4  -4.7  -27.2  93.9
20.8  -274.4  1507.6  65.9  -62.4  34.8
37.6  -290.0  1494.4  45.1  -25.9  2.9
19.6  -300.8  1537.2  25.7  -53.9  -16.0
10.8  -260.4  1526.0  43.1  -65.7  -56.2
18.8  -247.6  1526.8  32.9  -43.6  -25.3
8.4  -244.8  1528.8  67.1  -35.4  -19.4
15.6  -207.6  1485.2  67.5  -52.6  10.1
-7.6  -251.2  1514.8  46.7  -72.9  11.1
3.6  -270.0  1500.8  50.3  -21.7  11.7
22.4  -256.4  1510.4  134.1  93.9  -25.6
-40.8  -250.4  1571.2  154.1  -63.6  -117.6
-70.8  -218.4  1529.6  35.2  142.2  9.0
15.6  -191.2  1505.2  182.1  113.1  -77.2
-108.8  104.4  2143.6  207.9  90.5  -299.7
-411.2  -25.6  3276.7  -1049.4  -483.3  -117.5
-550.0  -111.6  1894.0  -2648.0  -1670.1  125.7
-279.6  -444.4  453.2  -2411.4  -1449.7  99.7
273.6  -697.6  -511.6  -1258.0  -1273.4  -626.5
845.2  -851.6  -522.0  600.2  -533.3  -468.7
931.6  -735.2  75.2  1268.3  720.3  -201.6
532.4  -684.8  385.2  1559.1  1207.9  222.5
129.6  -515.6  904.0  2035.3  977.2  221.9
-247.6  -113.6  1578.4  1680.3  697.7  -262.0
-318.0  205.2  1825.6  891.4  878.4  -456.1
-157.2  -167.2  2833.2  1606.9  96.8  109.2
-54.8  190.8  2572.8  -9.3  16.9  79.8
142.0  123.2  1740.0  -476.4  1.2  112.6
108.0  25.2  1386.0  -253.4  -266.1  191.1
-6.4  -90.4  1432.0  -96.6  -267.5  232.6
-76.4  -160.4  1433.6  -109.4  -69.2  130.2
18.0  -182.0  1393.6  -4.7  41.2  45.2
15.6  -164.8  1491.2  131.5  -12.6  -23.3
15.2  -134.8  1540.8  86.8  25.4  -86.9
30.4  -105.6  1623.2  67.4  -15.9  9.0
33.2  -98.0  1544.4  -14.3  -86.8  15.5
-28.0  -127.6  1466.8  74.4  -84.9  27.1
-8.8  -135.2  1553.6  48.9  -24.2  11.3
-18.4  -118.8  1564.4  51.0  -67.5  -39.9
-13.2  -91.6  1544.4  21.6  -47.1  -55.8
32.4  -107.2  1532.4  27.0  -60.2  -31.9
-3.6  -95.6  1520.8  70.8  -58.7  -21.3
5.2  -116.0  1581.2  16.2  -50.2  -3.0
9.2  -114.8  1552.0  51.5  -73.3  -10.6
-13.6  -57.6  1518.8  105.8  -84.3  -31.4
10.0  -96.8  1504.4  -19.1  -22.6  18.2
8.0  -104.8  1472.4  63.3  0.3  89.6
-37.6  -110.8  1570.4  -5.6  -35.5  56.9
-20.0  -116.4  1470.8  1.5  -28.8  23.1
-41.2  -128.4  1514.8  77.7  -41.5  -4.6
-55.2  -131.6  1563.6  100.4  2.5  -50.6
-72.8  -95.2  1532.0  58.4  -23.2  -51.7
-40.0  -94.0  1514.0  52.6  -28.7  -34.4
-40.0  -78.8  1530.8  46.0  -71.5  -31.8
-42.8  -90.8  1517.6  66.0  -48.4  -3.7
-66.8  -123.6  1537.2  62.4  -59.1  -10.3
-50.0  -42.8  1401.6  96.0  -22.4  -40.3
19.2  -96.4  1355.6  195.3  -43.3  -54.6
178.8  0.8  1392.0  163.0  233.1  -2.7
-480.8  295.6  3161.2  -42.9  204.3  -342.7
-487.2  205.2  3276.7  -2409.2  -268.4  -6.8
-912.4  -340.0  2011.6  -1532.3  -2386.2  -199.6
-494.8  -307.6  316.8  -2424.7  -2198.0  260.9
380.4  -486.0  -996.4  -1326.7  -1846.4  -557.4
1120.8  -750.0  -928.4  221.4  -485.9  -816.7
1116.4  -533.2  -327.2  1680.6  1252.3  -169.1
452.4  -551.6  529.2  1833.9  1843.9  57.5
-168.0  -157.2  1236.4  1742.9  1157.3  -140.4
-278.8  81.2  2258.0  1335.0  1155.7  -419.4
-302.8  83.6  2290.4  488.5  272.6  -122.6
-75.6  155.2  2185.6  972.8  146.1  334.0
137.6  0.8  2096.0  -439.1  37.9  63.6
150.4  -30.4  1392.4  -158.7  -274.8  220.6
-17.2  -111.2  1396.4  46.5  -126.6  189.6
-50.4  -179.2  1546.4  -47.5  -41.2  117.6
-4.8  -198.0  1507.6  -33.7  -10.1  53.0
54.0  -175.2  1550.0  2.6  -9.0  -22.9
124.4  -181.2  1509.6  36.3  61.6  -36.2
59.2  -169.2  1499.6  22.2  29.6  -7.2
22.0  -155.2  1586.8  113.3  -57.7  9.9
18.0  -138.4  1525.6  84.5  -14.4  -6.6
-4.8  -135.6  1550.8  60.2  -16.6  16.1
4.4  -149.2  1550.8  29.3  -59.5  12.4
-0.8  -148.8  1536.0  35.6  -26.3  16.3
-20.0  -159.6  1528.4  0.1  -67.0  -17.1
8.0  -136.8  1532.4  24.2  -44.7  -6.7
8.4  -127.2  1490.0  0.2  -44.4  9.1
12.4  -142.0  1441.6  36.1  -92.4  17.1
44.4  -206.0  1504.4  52.8  -31.6  93.0
196.4  -246.0  1341.2  -155.5  -97.9  30.7
213.6  -195.2  994.8  -296.6  -101.1  81.1
-63.6  -294.0  1273.2  290.3  -222.2  7.2
94.8  -234.4  1346.4  227.9  -349.1  -58.5
-56.8  -184.4  1698.4  603.4  -345.6  -8.0
85.6  -173.6  2038.0  -199.8  347.4  186.3
-195.6  -182.0  1760.8  -215.8  328.1  228.8
-183.2  -197.6  1646.8  -170.2  115.0  68.9
-36.0  -140.8  1530.4  -340.3  -490.0  83.4
43.2  -223.2  1224.0  -304.3  -216.1  228.0
-28.4  -272.4  1234.4  120.9  -200.5  123.0
49.2  -274.8  1515.2  203.9  -149.3  84.5
82.4  -280.8  1446.4  131.8  -223.1  182.4
17.6  -287.6  1882.0  194.6  -375.1  9.6
34.8  -254.0  1794.8  -172.7  31.8  41.8
34.8  -122.4  1478.8  -59.9  -202.3  71.4
30.0  -102.8  1499.6  -5.1  -207.1  168.2
86.8  -192.4  1571.6  -69.3  -303.0  266.9
56.8  -323.6  1531.6  7.7  -119.7  213.0
79.2  -372.4  1349.2  245.7  163.3  90.3
95.6  -374.0  1377.2  166.3  -207.6  -10.2
44.0  -406.4  1622.0  295.4  163.2  -24.0
20.8  -341.2  1847.6  14.3  114.5  -112.2
67.2  -225.6  1722.0  -213.7  -116.6  -125.3
93.6  -202.4  1516.0  -304.7  -139.4  -3.9
80.4  -184.8  1450.0  -90.4  -287.7  -72.7
120.8  -149.2  1482.8  183.2  -329.4  -86.9
40.0  -194.8  1462.4  48.2  -92.3  166.6
-6.0  -232.8  1246.0  78.3  -45.4  -7.7
162.0  -353.2  1300.4  266.3  111.3  -182.0
224.8  -311.2  1555.6  268.9  53.2  -142.2
256.8  -295.6  1631.2  223.1  -7.9  14.4
218.0  -223.6  1600.4  57.1  -273.4  7.3
225.6  -142.0  1539.6  80.4  -230.1  136.6
52.0  -223.2  1458.8  35.5  -186.7  257.5
125.2  -92.4  1386.4  125.7  -160.6  227.8
70.4  81.6  1357.6  235.9  36.9  -5.5
189.6  -208.8  1554.8  236.5  -110.6  -110.6
236.8  -180.4  1636.4  7.2  -287.5  -142.5
272.4  -225.6  1596.8  -58.7  -270.4  -57.2
209.2  -211.2  1580.8  -99.6  -153.1  9.7
255.6  -214.4  1476.0  1.7  -154.9  -8.6
180.8  -197.2  1499.2  53.5  -107.5  -32.5
203.6  -142.8  1460.0  152.0  -139.2  -66.6
